kernel_subkernel0_data_test = [0.1651401, 0.9911428, 0.4636043, 0.3947826, 0.9196135, 0.5292383, 0.705077, 0.846246, 0.2354944, 0.1694666, 0.0685068, 0.8971333, 0.2003671, 0.307754, 0.2858069, 0.304588, 0.6680611;0.9541136, 0.3294534, 0.4076472, 0.771147, 0.4323379, 0.9260428, 0.5032181, 0.3477349, 0.9715725, 0.4257819, 0.2311749, 0.1777008, 0.9951813, 0.7529877, 0.4086598, 0.8263633, 0.5468061;0.3173896, 0.7433858, 0.7458947, 0.5001692, 0.0451583, 0.0770225, 0.7887495, 0.8234764, 0.6782897, 0.8390686, 0.7194875, 0.8969346, 0.1503983, 0.3877415, 0.4641108, 0.2976638, 0.7253664;0.9124388, 0.4124822, 0.941542, 0.5167689, 0.5225156, 0.6002195, 0.2683311, 0.3833605, 0.5532375, 0.9419829, 0.6426926, 0.3331166, 0.0104686, 0.9816656, 0.4929846, 0.9384952, 0.5493452;0.6054649, 0.7119123, 0.3209757, 0.698984, 0.5267919, 0.6724799, 0.8358333, 0.1842291, 0.6135509, 0.0521113, 0.1021151, 0.6745942, 0.0709377, 0.5953578, 0.2200126, 0.3040848, 0.1296365;0.2486675, 0.8212918, 0.6388784, 0.9497598, 0.0487449, 0.792412, 0.6990772, 0.2608923, 0.7291667, 0.7165485, 0.4593452, 0.6886396, 0.4445809, 0.3355456, 0.466491, 0.8951295, 0.3845838;0.4036882, 0.6084032, 0.7529995, 0.7346209, 0.0197987, 0.6874153, 0.450554, 0.52409, 0.5616633, 0.7317196, 0.831333, 0.6462609, 0.5639072, 0.3737693, 0.1378782, 0.9585777, 0.4618423;0.5662122, 0.7510731, 0.0684105, 0.855011, 0.7970257, 0.7744286, 0.0219827, 0.5265189, 0.0542684, 0.5508726, 0.7184483, 0.1218503, 0.6948831, 0.4495328, 0.8115529, 0.5335889, 0.3361215;0.3319916, 0.8974865, 0.4528716, 0.4057539, 0.0398736, 0.3643246, 0.8496271, 0.7609877, 0.2209132, 0.4130566, 0.1965797, 0.9542168, 0.5981179, 0.7543548, 0.7138086, 0.8736894, 0.9493278;0.0324462, 0.9753012, 0.8705425, 0.3829474, 0.8370692, 0.736558, 0.7931144, 0.220691, 0.6485637, 0.0259259, 0.8482291, 0.951043, 0.6621234, 0.5126697, 0.7257311, 0.3263613, 0.6263878;0.7189729, 0.1426808, 0.140068, 0.7161382, 0.4317825, 0.8892015, 0.3119389, 0.0424307, 0.649876, 0.6842392, 0.5535916, 0.6833326, 0.5237543, 0.6926328, 0.0439374, 0.3683974, 0.2108169];
kernel_arg0_size = 10;
init_random = 42;
kernel_feature_type = 'Word';
kernel_subkernel0_arg0_size = 10;
kernel_subkernel0_feature_class = 'simple';
kernel_subkernel0_data_train = [0.3432497, 0.8563373, 0.7016564, 0.7661726, 0.3145445, 0.2277439, 0.4067406, 0.0242259, 0.9187557, 0.3870143, 0.9885566;0.7614494, 0.080515, 0.6601883, 0.2708392, 0.2437186, 0.2565627, 0.916075, 0.4999802, 0.6694709, 0.2809478, 0.5229545;0.3501001, 0.321139, 0.2469688, 0.4090069, 0.6600301, 0.2220438, 0.965444, 0.1246117, 0.4802072, 0.0850282, 0.0226653;0.9226773, 0.8103848, 0.6941554, 0.8651908, 0.8028484, 0.6472377, 0.8473423, 0.3908006, 0.5527518, 0.7763107, 0.084798;0.8586455, 0.1568305, 0.8645413, 0.3113329, 0.3267828, 0.0739487, 0.8858996, 0.1745104, 0.6300499, 0.6439676, 0.2811515;0.985661, 0.0641662, 0.607872, 0.4795439, 0.2454841, 0.1635517, 0.7370844, 0.9163149, 0.1075463, 0.1939802, 0.9862697;0.0150227, 0.508252, 0.5161129, 0.2631615, 0.6630289, 0.9449409, 0.4502139, 0.7494195, 0.6460703, 0.4729419, 0.0498123;0.7417498, 0.3632514, 0.2244947, 0.9482686, 0.7735028, 0.9622687, 0.2562169, 0.8357933, 0.6077214, 0.9815037, 0.9463169;0.972968, 0.9517676, 0.0076609, 0.7410854, 0.2719346, 0.7050271, 0.9806112, 0.0393594, 0.5669878, 0.7349532, 0.2533588;0.2251219, 0.0603455, 0.0939199, 0.6567499, 0.5052106, 0.0300722, 0.9696618, 0.6560459, 0.5154686, 0.2727242, 0.6580989;0.3641679, 0.7024942, 0.6825719, 0.0927438, 0.9092607, 0.4869743, 0.3929449, 0.9554621, 0.4382093, 0.7212209, 0.6551365];
kernel_accuracy = 1e-08;
kernel_data_train = [2, 4, 2, 10, 8, 5, 2, 4, 7, 7, 5;4, 4, 0, 1, 10, 3, 5, 10, 6, 0, 7];
kernel_matrix_train = [-0.0799008977, -5.55111512e-17, -0.169696407, -0.455882819, 0.667872742, 0.0476905498, -0.159689923, 0.503884404, -0.184212964, -0.183835922, 0.173829438;-5.55111512e-17, 0, 0, 5.55111512e-17, 0, 1.11022302e-16, 0, 0, -5.55111512e-17, 0, -5.55111512e-17;-0.169696407, 0, -0.0829948594, 0.187682129, 0.170078592, 0.0870018804, -0.0539994021, 0.0849293152, 0.0126671308, -0.147487429, 0.118491971;-0.455882819, 5.55111512e-17, 0.187682129, -0.132974689, 0.0799834526, 0.0821799603, -0.388623739, 0.257846278, -0.281588681, -0.161900207, 0.565595206;0.667872742, 0, 0.170078592, 0.0799834526, 0.0371729984, -0.0561476404, 0.245920236, -0.105493992, 0.129883688, 0.105057904, -0.361239452;0.0476905498, 1.11022302e-16, 0.0870018804, 0.0821799603, -0.0561476404, -0.0498314476, -0.148000786, -0.338128643, 0.0438828725, -0.276984871, 0.101089184;-0.159689923, 0, -0.0539994021, -0.388623739, 0.245920236, -0.148000786, -0.151168969, 0.352637775, -0.347459317, -0.34381246, 0.396327953;0.503884404, 0, 0.0849293152, 0.257846278, -0.105493992, -0.338128643, 0.352637775, -0.669569517, 0.119545221, -0.194928625, -0.159144192;-0.184212964, -5.55111512e-17, 0.0126671308, -0.281588681, 0.129883688, 0.0438828725, -0.347459317, 0.119545221, 0.380553039, -0.189763976, 0.394472203;-0.183835922, 0, -0.147487429, -0.161900207, 0.105057904, -0.276984871, -0.34381246, -0.194928625, -0.189763976, -0.00331256101, 0.330326306;0.173829438, -5.55111512e-17, 0.118491971, 0.565595206, -0.361239452, 0.101089184, 0.396327953, -0.159144192, 0.394472203, 0.330326306, -0.608162287];
kernel_subkernel0_name = 'Gaussian';
kernel_name = 'AUC';
kernel_feature_class = 'simple';
kernel_matrix_test = [0.0897955098, -0.0897692941, -0.148783647, -0.273982258, -0.135808122, 0.0738157857, -0.10061261, -0.211989922, -0.215908182, -0.273982258, 0.173507048, 0.420549908, -0.29560418, -0.417644263, -0.178906248, 0.176035651, 0.0453757015;-5.55111512e-17, 0, 0, -5.55111512e-17, 5.55111512e-17, 0, 0, 0, 0, -5.55111512e-17, 5.55111512e-17, 1.11022302e-16, -5.55111512e-17, -1.11022302e-16, 0, 1.11022302e-16, 0;-4.79500559e-05, -0.229200946, -0.134526141, -0.216533815, -0.10412488, 0.245351786, -0.143752241, -0.357760721, -0.260691037, -0.216533815, -0.00285964321, -0.0724135511, -0.324577248, 0.169532822, 0.0455104371, 0.254414187, -0.0150341655;-0.363925016, 0.354221012, 0.0474097184, 0.0726323311, -0.0467326218, 0.0663737166, -0.102710957, 0.0529912363, -0.129194234, 0.0726323311, -0.200243471, 0.213853207, -0.306357547, 0.202287739, 0.086090149, 0.096209001, 0.0240863558;0.236674622, -0.295209303, -0.065483538, -0.165325615, -0.0866137511, -0.0691818464, -0.0524670998, -0.00953001712, 0.00988250883, -0.165325615, 0.238027208, -0.131672363, 0.181643025, -0.227441367, -0.235931282, -0.0962607378, 0.0086253432;0.402120804, -0.219740757, -0.287553803, -0.175857884, 0.0265642261, 0.154327624, 0.261586268, -0.356749735, -0.370661388, -0.175857884, -0.277784545, 0.0209089628, -0.213687444, 0.151709726, 0.343737208, 0.215701888, 0.164525676;0.0370374462, -0.0178387067, -0.0984991945, -0.365298024, -0.197959184, 0.192484279, -0.312375213, -0.359823118, -0.35293779, -0.365298024, 0.326732765, 0.0665893134, -0.486342217, -0.290314582, 0.00351483111, 0.0993606398, 0.190850441;0.453763662, -0.0904676059, -0.242504061, 0.0290776149, 0.110266229, 0.164810182, 0.150806588, -0.245998796, -0.0671101964, 0.0290776149, 0.0724535447, -0.602733246, -0.031401502, 0.193746306, 0.342364521, -0.0220595497, 0.203124716;-0.0194571858, 0.0720059437, -0.407768659, 0.452558982, 0.263967295, 0.357781932, 0.451677156, -0.169190245, -0.251870231, 0.452558982, -0.777113256, -0.0490681864, -0.158556657, 0.559630861, 0.279090835, 0.303766434, 0.0673253055;-0.146828813, -0.0276600535, 0.0566363396, 0.0371620194, 0.0140936153, 0.255538348, 0.0414675232, -0.232469944, -0.229133575, 0.0371620194, -0.433926239, -0.147641036, -0.225929706, 0.669569899, 0.208843409, 0.156137258, -0.117611266;0.109743417, -0.183702186, -0.0926632861, 0.111602189, 0.0797406884, -0.20267084, 0.127155448, 0.234532341, 0.321380328, 0.111602189, 0.10433383, 0.00863817125, 0.387694674, -0.209722496, -0.166847803, -0.00108371104, -0.0882733399];
kernel_subkernel0_feature_type = 'Real';
kernel_subkernel0_arg1_width = 1.7;
