init_random = 42
data_type = 'ushort'
km_train = [0.286054582, -0.21628029, 0.300797129, 0.166657802, -0.0475120998, -0.0780915282, 0, -0.368060299, -0.267943289, 0.131572345, 0.084116106;-0.21628029, 0.0934357353, -0.2584775, -0.130582002, -0.240328789, -0.136290844, 0, 0.155334414, 0.431720763, 0.514751318, -0.372665352;0.300797129, -0.2584775, 0.500860944, 0.143530437, 0.221561448, 0.243378768, 0, -0.448459559, -0.580477009, 0.207855525, 0.118148323;0.166657802, -0.130582002, 0.143530437, 0.167170661, 0.21809801, 0.262142334, 0, -0.10987754, -0.352122422, -0.388964332, 0.150091328;-0.0475120998, -0.240328789, 0.221561448, 0.21809801, 0.0199047749, 0.259845403, 0, 0.285370028, 0.203926107, 0.0596368017, -0.10141269;-0.0780915282, -0.136290844, 0.243378768, 0.262142334, 0.259845403, -0.188321045, 0, 0.062434408, 0.186364062, 0.0557571577, 0.0239572598;0, 0, 0, 0, 0, 0, 0, 0, 0, 0, 0;-0.368060299, 0.155334414, -0.448459559, -0.10987754, 0.285370028, 0.062434408, 0, 0.444169607, 0.475280808, -0.201947734, -0.205664201;-0.267943289, 0.431720763, -0.580477009, -0.352122422, 0.203926107, 0.186364062, 0, 0.475280808, 0.103721349, -0.248924429, -0.0397222022;0.131572345, 0.514751318, 0.207855525, -0.388964332, 0.0596368017, 0.0557571577, 0, -0.201947734, -0.248924429, 0.0197504961, 0.250451155;0.084116106, -0.372665352, 0.118148323, 0.150091328, -0.10141269, 0.0239572598, 0, -0.205664201, -0.0397222022, 0.250451155, 0.242709428]
subkernel0_accuracy = 1e-06
data_test = ['6', '7', '12', '13', '16', '2', '14', '0', '13', '12', '14', '8', '2', '13', '7', '11', '6';'1', '2', '8', '12', '8', '2', '1', '7', '1', '0', '13', '9', '3', '2', '9', '12', '15']
subkernel0_feature_class = 'simple'
subkernel0_kernel_arg1_width = 1.5
feature_type = 'Word'
subkernel0_name = 'Gaussian'
name = 'AUC'
subkernel0_kernel_arg0_size = '10'
data_train = ['6', '9', '6', '8', '8', '2', '6', '1', '3', '5', '0';'10', '0', '3', '9', '10', '10', '6', '6', '7', '9', '1']
feature_class = 'simple'
subkernel0_feature_type = 'Real'
km_test = [0.368060299, 0.33129227, -0.125880362, 0.0750213039, -0.0743568071, 0, -0.110416756, -0.251090354, -0.0163654407, -0.175502851, -0.094051315, 0.166657802, -0.0633489813, -0.0202796301, 0.467370643, 0.253318868, 0.458366129;-0.155334414, -0.0228040035, 0.0256183798, 0.383581592, 0.237372262, 0, -0.47462196, -0.0440876745, -0.000611646922, -0.011527887, -0.474010313, -0.130582002, -0.408916759, 0.305162027, -0.0493480609, 0.00974188198, 0.04482811;0.448459559, 0.511100449, -0.0444455462, 0.00919980141, -0.0541878078, 0, 0.132125761, -0.409927301, -0.0400878904, -0.167436015, 0.172213651, 0.143530437, 0.0693765596, -0.0570630648, 0.676448207, 0.439490452, 0.372948342;0.10987754, -0.102510054, 0.0272169419, -0.395726643, -0.134404801, 0, 0.679980632, -0.100977003, -0.0589756402, 0.186659675, 0.738956272, 0.167170661, 0.454632476, -0.412554025, 0.108704931, 0.0594193365, 0.0595918204;-0.285370028, -0.429348478, -0.146656124, 0.101282095, -0.106171407, 0, 0.0439976333, 0.266305403, -0.223684273, -0.223553677, 0.267681906, 0.0431715543, 0.225422371, -0.285314658, -0.146236295, 0.0799936148, -0.0541036194;-0.062434408, -0.114650394, -0.0886072239, 0.0983880762, 0.15792567, 0, -0.208592624, 0.244464283, -0.102275812, -0.224621148, -0.106316812, 0.104512727, -0.0717136678, 0.00358081746, -0.00393763197, -0.053338981, 0.106937313;0, 0, 0, 0, 0, 0, 0, 0, 0, 0, 0, 0, 0, 0, 0, 0, 0;-0.444169607, -0.462869586, 0.0828996128, 0.00718881321, 0.115237988, 0, -0.265106839, 0.376054626, -0.0619779558, 0.136497432, -0.203128883, -0.209950173, -0.0124112221, 0.056871285, -0.639602618, -0.452628823, -0.289841937;-0.400589552, -0.203685302, 0.208319165, -0.192136133, -0.151180843, 0, -0.0247762281, 0.0760346123, -0.0301582447, 0.20170009, 0.0053820166, -0.160759617, 0.0999639527, -0.118086732, -0.230175155, -0.289615314, -0.346717099;0.432296997, 0.213495909, -0.122206576, -0.239905892, -0.103516211, 0, 0.424038999, -0.212844919, 0.180835554, 0.170290292, 0.243203445, 0.34065739, -0.375567187, -0.0689646105, 0.261005442, 0.118403148, 0.182419972;-0.163803846, -0.172457105, -0.156510696, 0.031217029, -0.250020049, 0, 0.214162556, 0.286405808, -0.0857535895, -0.359680046, 0.299916145, 0.0498752669, 0.255466857, -0.214514314, -0.0333611912, 0.210142352, -0.327047742]
subkernel0_data_train = [0.727266703, 0.75218345, 0.885786385, 0.479394521, 0.119987103, 0.127653301, 0.290064398, 0.41375032, 0.426332342, 0.706970816, 0.405669273;0.543571599, 0.606240409, 0.035361385, 0.908793103, 0.0682988821, 0.854974738, 0.130630371, 0.253145936, 0.404261278, 0.635712547, 0.679504389;0.893027677, 0.603565158, 0.336837692, 0.908486718, 0.929850819, 0.903784619, 0.915224987, 0.393280387, 0.835899891, 0.335997608, 0.585704626;0.515928262, 0.35559892, 0.459601928, 0.629507439, 0.513196393, 0.450144395, 0.0264358953, 0.0441226928, 0.741375479, 0.42604084, 0.534248636;0.310861309, 0.138198603, 0.760428795, 0.0573247657, 0.764998, 0.916534036, 0.840257228, 0.997383358, 0.49529256, 0.591281394, 0.640653469;0.34337934, 0.136063847, 0.0683187466, 0.265676137, 0.78964377, 0.993859183, 0.365913612, 0.196912126, 0.199001796, 0.934492241, 0.130563873;0.685920454, 0.421814754, 0.0482117137, 0.516643256, 0.236795489, 0.115695743, 0.0781921805, 0.247993657, 0.972643698, 0.689042373, 0.562050705;0.044493437, 0.702747863, 0.268749368, 0.722239012, 0.75766667, 0.706716102, 0.232400314, 0.824208551, 0.0243305607, 0.554784506, 0.0392917363;0.360192934, 0.501752984, 1.39780468e-05, 0.20362436, 0.700069886, 0.474485439, 0.864572262, 0.313036494, 0.358616878, 0.724700872, 0.621602902;0.615137502, 0.670343907, 0.722628029, 0.472193262, 0.364725786, 0.866564003, 0.41169354, 0.876911818, 0.546921599, 0.838815587, 0.181225845;0.393968955, 0.862896479, 0.839292624, 0.914442431, 0.641034659, 0.650103051, 0.330639744, 0.400832427, 0.65153559, 0.52336936, 0.589751618]
subkernel0_data_type = 'double'
accuracy = 1e-08
