kernel_subkernel0_data_test = [0.165140098, 0.991142774, 0.463604322, 0.394782572, 0.919613493, 0.529238337, 0.705076962, 0.846246047, 0.235494396, 0.169466585, 0.0685068056, 0.897133299, 0.200367095, 0.307754044, 0.285806926, 0.304587988, 0.668061127;0.954113559, 0.329453436, 0.407647155, 0.771146984, 0.432337944, 0.926042768, 0.503218051, 0.347734856, 0.971572484, 0.425781876, 0.231174871, 0.177700815, 0.995181326, 0.752987693, 0.408659797, 0.826363343, 0.54680613;0.317389574, 0.743385809, 0.745894739, 0.500169229, 0.0451583404, 0.0770224866, 0.788749479, 0.823476376, 0.678289749, 0.839068575, 0.71948747, 0.896934621, 0.150398273, 0.387741528, 0.464110794, 0.297663795, 0.725366448;0.912438813, 0.412482199, 0.941541965, 0.516768907, 0.522515627, 0.600219541, 0.268331065, 0.383360519, 0.553237453, 0.941982886, 0.642692578, 0.333116558, 0.0104685733, 0.98166565, 0.492984558, 0.938495158, 0.549345234;0.60546486, 0.711912256, 0.320975734, 0.698983961, 0.52679191, 0.67247995, 0.835833261, 0.18422913, 0.61355091, 0.0521113286, 0.102115089, 0.674594236, 0.0709376518, 0.59535778, 0.220012599, 0.304084829, 0.129636502;0.248667486, 0.821291785, 0.638878406, 0.949759795, 0.0487448554, 0.792411997, 0.699077183, 0.260892305, 0.729166703, 0.71654855, 0.459345203, 0.688639619, 0.444580903, 0.335545596, 0.46649096, 0.895129481, 0.384583793;0.403688177, 0.608403228, 0.752999475, 0.73462086, 0.0197987301, 0.687415333, 0.450554048, 0.524089968, 0.561663337, 0.731719617, 0.831332984, 0.646260945, 0.563907221, 0.373769255, 0.137878219, 0.958577682, 0.461842292;0.566212244, 0.751073139, 0.068410485, 0.855011009, 0.797025743, 0.774428582, 0.0219827067, 0.526518851, 0.0542683707, 0.550872579, 0.718448326, 0.12185025, 0.694883105, 0.449532846, 0.811552931, 0.533588939, 0.336121536;0.331991563, 0.89748652, 0.452871585, 0.405753897, 0.0398736223, 0.364324605, 0.849627055, 0.760987657, 0.220913203, 0.413056623, 0.196579676, 0.954216817, 0.598117879, 0.754354793, 0.71380865, 0.873689363, 0.949327779;0.0324461738, 0.97530118, 0.870542463, 0.382947409, 0.837069243, 0.736557982, 0.793114377, 0.220691033, 0.648563702, 0.0259258943, 0.848229133, 0.951042972, 0.662123441, 0.512669653, 0.725731089, 0.326361288, 0.626387796;0.718972939, 0.142680781, 0.140068005, 0.716138178, 0.431782494, 0.889201498, 0.311938882, 0.0424307372, 0.649876029, 0.684239227, 0.553591609, 0.683332646, 0.523754344, 0.692632816, 0.0439374066, 0.36839737, 0.210816918];
kernel_arg0_size = 10;
init_random = 42;
kernel_feature_type = 'Word';
kernel_subkernel0_arg0_size = 10;
kernel_subkernel0_feature_class = 'simple';
kernel_subkernel0_data_train = [0.343249691, 0.856337325, 0.701656369, 0.766172589, 0.314544495, 0.22774394, 0.406740554, 0.0242258624, 0.918755677, 0.387014266, 0.988556605;0.761449421, 0.0805150098, 0.660188278, 0.270839165, 0.243718646, 0.25656267, 0.916075049, 0.499980176, 0.669470899, 0.280947826, 0.522954455;0.350100138, 0.32113904, 0.246968848, 0.409006898, 0.660030111, 0.222043776, 0.965443987, 0.124611676, 0.480207208, 0.0850282164, 0.0226653211;0.92267732, 0.810384794, 0.694155373, 0.865190813, 0.802848423, 0.647237721, 0.847342326, 0.390800553, 0.552751833, 0.776310653, 0.0847980162;0.858645467, 0.156830456, 0.864541253, 0.311332872, 0.326782846, 0.0739486899, 0.885899624, 0.174510402, 0.630049902, 0.643967599, 0.281151503;0.985660957, 0.0641662181, 0.607872011, 0.479543927, 0.245484107, 0.163551711, 0.737084358, 0.916314874, 0.107546262, 0.193980212, 0.986269747;0.0150226742, 0.50825197, 0.51611285, 0.263161525, 0.66302888, 0.944940906, 0.450213931, 0.749419505, 0.646070259, 0.472941864, 0.0498122998;0.741749805, 0.363251447, 0.224494688, 0.94826865, 0.77350277, 0.962268682, 0.256216932, 0.835793328, 0.607721404, 0.981503689, 0.946316946;0.972968045, 0.951767618, 0.00766086689, 0.74108541, 0.271934561, 0.705027096, 0.980611201, 0.0393593907, 0.566987832, 0.734953158, 0.253358782;0.225121937, 0.0603455054, 0.0939198572, 0.656749911, 0.505210619, 0.0300722275, 0.969661759, 0.656045869, 0.515468569, 0.272724237, 0.658098885;0.364167863, 0.702494163, 0.68257192, 0.0927437951, 0.909260708, 0.486974252, 0.392944939, 0.955462144, 0.438209281, 0.721220917, 0.655136477];
kernel_accuracy = 1e-08;
kernel_data_train = [2, 4, 2, 10, 8, 5, 2, 4, 7, 7, 5;4, 4, 0, 1, 10, 3, 5, 10, 6, 0, 7];
kernel_matrix_train = [-0.0799008628, 0, -0.169696369, -0.455882785, 0.667872692, 0.0476905766, -0.159689908, 0.503884348, -0.184212912, -0.183835843, 0.173829383;0, 0, 0, 0, 0, 0, 0, 0, 0, 0, 0;-0.169696369, 0, -0.0829948836, 0.187682163, 0.170078609, 0.0870018971, -0.0539994147, 0.0849292879, 0.0126671355, -0.147487434, 0.118491965;-0.455882785, 0, 0.187682163, -0.132974657, 0.0799834232, 0.0821799176, -0.388623709, 0.257846221, -0.281588714, -0.161900256, 0.565595216;0.667872692, 0, 0.170078609, 0.0799834232, 0.0371730282, -0.0561475909, 0.245920213, -0.105493896, 0.129883708, 0.105057926, -0.361239454;0.0476905766, 0, 0.0870018971, 0.0821799176, -0.0561475909, -0.04983143, -0.148000769, -0.338128606, 0.0438828375, -0.276984892, 0.10108919;-0.159689908, 0, -0.0539994147, -0.388623709, 0.245920213, -0.148000769, -0.151168968, 0.352637735, -0.347459269, -0.343812422, 0.396327916;0.503884348, 0, 0.0849292879, 0.257846221, -0.105493896, -0.338128606, 0.352637735, -0.669569429, 0.119545177, -0.194928688, -0.159144122;-0.184212912, 0, 0.0126671355, -0.281588714, 0.129883708, 0.0438828375, -0.347459269, 0.119545177, 0.380552958, -0.189763988, 0.394472132;-0.183835843, 0, -0.147487434, -0.161900256, 0.105057926, -0.276984892, -0.343812422, -0.194928688, -0.189763988, -0.00331261058, 0.330326285;0.173829383, 0, 0.118491965, 0.565595216, -0.361239454, 0.10108919, 0.396327916, -0.159144122, 0.394472132, 0.330326285, -0.608162236];
kernel_subkernel0_name = 'Gaussian';
kernel_name = 'AUC';
kernel_feature_class = 'simple';
