accuracy = 1e-08
init_random = 42
name = 'Chi2'
data_type = 'double'
km_train = [1, 0.11731422, 0.135475355, 0.129774709, 0.26070402, 0.139927176, 0.117021264, 0.0473609753, 0.158522606, 0.272044215, 0.198244344;0.11731422, 1, 0.265187401, 0.360702133, 0.353875057, 0.235830586, 0.115718214, 0.205826612, 0.189257097, 0.394544608, 0.0652516451;0.135475355, 0.265187401, 1, 0.238848885, 0.399494586, 0.24523175, 0.189659715, 0.192416517, 0.124263285, 0.317229528, 0.215206084;0.129774709, 0.360702133, 0.238848885, 1, 0.262937865, 0.129578338, 0.167218313, 0.0818049947, 0.371006903, 0.176003668, 0.239176197;0.26070402, 0.353875057, 0.399494586, 0.262937865, 1, 0.273239465, 0.192352348, 0.126534729, 0.222173, 0.301321262, 0.241214077;0.139927176, 0.235830586, 0.24523175, 0.129578338, 0.273239465, 1, 0.130235728, 0.128208817, 0.320461894, 0.146286618, 0.111477776;0.117021264, 0.115718214, 0.189659715, 0.167218313, 0.192352348, 0.130235728, 1, 0.193086132, 0.244064434, 0.0882440363, 0.122082279;0.0473609753, 0.205826612, 0.192416517, 0.0818049947, 0.126534729, 0.128208817, 0.193086132, 1, 0.108029165, 0.101023085, 0.0450686394;0.158522606, 0.189257097, 0.124263285, 0.371006903, 0.222173, 0.320461894, 0.244064434, 0.108029165, 1, 0.0797347691, 0.226557071;0.272044215, 0.394544608, 0.317229528, 0.176003668, 0.301321262, 0.146286618, 0.0882440363, 0.101023085, 0.0797347691, 1, 0.0868973004;0.198244344, 0.0652516451, 0.215206084, 0.239176197, 0.241214077, 0.111477776, 0.122082279, 0.0450686394, 0.226557071, 0.0868973004, 1]
data_train = [0.134152203, 0.705888648, 0.375634854, 0.894838728, 0.385823245, 0.998242396, 0.734964515, 0.417410766, 0.807690228, 0.138522514, 0.380207217;0.435371352, 0.903827749, 0.446280381, 0.667043415, 0.803448905, 0.404959592, 0.180964269, 0.0623733445, 0.377230395, 0.65980232, 0.61857561;0.00773787906, 0.180323912, 0.443844033, 0.191024086, 0.691935633, 0.377001761, 0.715410102, 0.850963122, 0.367788672, 0.0114711801, 0.538092607;0.232386344, 0.761129334, 0.0628584854, 0.935154714, 0.339707064, 0.149840376, 0.15740159, 0.622606004, 0.924123648, 0.231453009, 0.318184006;0.425852961, 0.904166639, 0.777588127, 0.176963911, 0.86652667, 0.72823384, 0.225917242, 0.802583739, 0.204683767, 0.564088024, 0.069387499;0.0725074203, 0.549488317, 0.797111666, 0.759714478, 0.486594145, 0.765948125, 0.262577351, 0.292392823, 0.585187784, 0.538506825, 0.357957059;0.565556813, 0.431320507, 0.209399618, 0.290371124, 0.689046402, 0.756707365, 0.714604067, 0.285526774, 0.933478712, 0.533342203, 0.321080199;0.720088443, 0.0216148492, 0.141429266, 0.159844476, 0.320130911, 0.859259361, 0.00958278469, 0.0140851481, 0.716543542, 0.0301988834, 0.951840472;0.460369911, 0.451453636, 0.641827466, 0.562123908, 0.721675324, 0.328147503, 0.0475169654, 0.202179062, 0.142557167, 0.943696895, 0.8411701;0.983163139, 0.997151972, 0.334116847, 0.551194564, 0.868841853, 0.884158857, 0.534446175, 0.519791256, 0.522378038, 0.990151158, 0.152861928;0.992780336, 0.304709243, 0.507281265, 0.975188831, 0.894006084, 0.157160556, 0.959679151, 0.00894138646, 0.613864166, 0.324560173, 0.993856661]
feature_class = 'simple'
kernel_arg1_size = 10
data_test = [0.183252666, 0.52130845, 0.507710725, 0.877859227, 0.471609937, 0.281499253, 0.523034472, 0.930405968, 0.860139491, 0.245283109, 0.62469585, 0.346356211, 0.429924059, 0.117344684, 0.884304411, 0.176656942, 0.175516143;0.804059291, 0.853503205, 0.00765695768, 0.901092247, 0.754822788, 0.305305537, 0.690929635, 0.763489624, 0.165953378, 0.890837747, 0.714365723, 0.323528902, 0.552682008, 0.180291388, 0.940932465, 0.772517936, 0.537534988;0.409316103, 0.0566110479, 0.166492783, 0.793567566, 0.858405787, 0.881060494, 0.882022126, 0.596414505, 0.478495317, 0.668694758, 0.714522515, 0.5166701, 0.230928777, 0.716654208, 0.910141085, 0.964744144, 0.217478603;0.334441328, 0.158097166, 0.268964095, 0.876520679, 0.025217563, 0.78943842, 0.500746469, 0.782036889, 0.0312661835, 0.398114718, 0.0567014712, 0.831824534, 0.660260859, 0.266289814, 0.597637413, 0.457722796, 0.790560054;0.114553809, 0.285116502, 0.579961847, 0.659814839, 0.20744358, 0.565218807, 0.0927712101, 0.301324286, 0.407102142, 0.0496628879, 0.0974388909, 0.505740102, 0.00489560801, 0.311489191, 0.537883925, 0.556439798, 0.570553304;0.00119388367, 0.0958755512, 0.0997172807, 0.449401866, 0.538077051, 0.813051458, 0.318396074, 0.28517078, 0.425888412, 0.128626759, 0.343321861, 0.468466342, 0.401093894, 0.291020375, 0.607700349, 0.16636859, 0.665800506;0.0636511405, 0.26343061, 0.346190305, 0.369313861, 0.613504406, 0.230868985, 0.307841691, 0.498001238, 0.535837404, 0.98850378, 0.233727827, 0.218168074, 0.473988396, 0.68703003, 0.214479595, 0.720704937, 0.133021283;0.834715075, 0.416812218, 0.655335658, 0.192648695, 0.607691816, 0.280715636, 0.646464241, 0.531162782, 0.943241991, 0.094294987, 0.9946411, 0.614486585, 0.622361868, 0.140395637, 0.180350585, 0.448631666, 0.551849673;0.559012629, 0.313483562, 0.414904828, 0.185003523, 0.540314712, 0.112637586, 0.738119125, 0.975970714, 0.885609891, 0.665701584, 0.523340268, 0.692292082, 0.524568106, 0.704451939, 0.989775034, 0.947972115, 0.956037698;0.639866066, 0.517324164, 0.514844243, 0.837651582, 0.838847192, 0.665439593, 0.721439843, 0.704603221, 0.748410851, 0.944634092, 0.149254374, 0.0245672394, 0.786654515, 0.729197844, 0.54478389, 0.125635379, 0.398961403;0.98638566, 0.714328828, 0.381304255, 0.165013965, 0.665336699, 0.338727516, 0.795908221, 0.827960393, 0.487317334, 0.851632438, 0.582200331, 0.795638944, 0.673465843, 0.928088728, 0.99319399, 0.503074869, 0.2782085]
km_test = [0.349461681, 0.490164475, 0.343500231, 0.0670294032, 0.223116245, 0.0967443801, 0.219399278, 0.191513513, 0.20865257, 0.216421201, 0.127393771, 0.137493615, 0.331606573, 0.299874941, 0.0806705634, 0.15417336, 0.170031681;0.0683010867, 0.210692081, 0.14732725, 0.526655558, 0.139755965, 0.258116582, 0.155628959, 0.26136484, 0.110288501, 0.158568509, 0.0608231071, 0.124535984, 0.22135125, 0.136599987, 0.281437614, 0.115501152, 0.265979631;0.127932925, 0.263556556, 0.234782766, 0.195267307, 0.323488647, 0.311676131, 0.212013528, 0.184594394, 0.288341948, 0.1262905, 0.257784827, 0.296408383, 0.174820337, 0.311263518, 0.329733594, 0.2434821, 0.362696455;0.156537303, 0.282990234, 0.131725991, 0.263244594, 0.195496319, 0.227991461, 0.355764948, 0.482820506, 0.141108884, 0.201498371, 0.153165242, 0.278182183, 0.466822153, 0.188270313, 0.464376247, 0.116060541, 0.283380696;0.186850376, 0.25160028, 0.181543801, 0.306545389, 0.48850488, 0.277144971, 0.42822387, 0.482399599, 0.277842289, 0.380224738, 0.176811481, 0.247600643, 0.299952731, 0.456414205, 0.510314669, 0.405530502, 0.26015737;0.0660262354, 0.172941517, 0.270611117, 0.276684926, 0.331396181, 0.213816564, 0.171897264, 0.202351114, 0.485955437, 0.074451207, 0.179880982, 0.110652273, 0.203913626, 0.12242508, 0.122179423, 0.106001428, 0.169609066;0.084854754, 0.19701254, 0.174180666, 0.154226657, 0.235589407, 0.198743527, 0.185483562, 0.15500422, 0.171547787, 0.232933457, 0.140854834, 0.10282357, 0.159204563, 0.364911243, 0.14083179, 0.106751568, 0.0468195843;0.0405360846, 0.0754326745, 0.217336393, 0.320309762, 0.074361256, 0.400944325, 0.0947440068, 0.0843990721, 0.0889593487, 0.0690162727, 0.0545658539, 0.127237735, 0.0803723221, 0.176620813, 0.101776678, 0.113553499, 0.137501256;0.119745507, 0.204059477, 0.215419963, 0.282750744, 0.253653335, 0.310381349, 0.31444783, 0.378065766, 0.231632386, 0.164015947, 0.189291699, 0.252923891, 0.480325014, 0.177108976, 0.161288502, 0.147225309, 0.1843985;0.0911893136, 0.237055632, 0.152308983, 0.129928138, 0.172147111, 0.132407079, 0.129436735, 0.143383674, 0.137898621, 0.20861707, 0.0634009588, 0.0928845923, 0.19869503, 0.271802796, 0.14125661, 0.145008497, 0.290149839;0.430123476, 0.289923459, 0.184063965, 0.079359342, 0.360502665, 0.119593267, 0.599864313, 0.388112455, 0.274146066, 0.212543827, 0.673167403, 0.475865686, 0.446208441, 0.243179876, 0.252077536, 0.370721717, 0.261971802]
data_class = 'rand'
kernel_arg0_width = 1.2
feature_type = 'Real'
