accuracy = 1e-08;
init_random = 42;
name = 'Chi2';
data_type = 'double';
km_train = [1, 0.0751753131, 0.24796383, 0.118576432, 0.112320633, 0.205784954, 0.497788015, 0.242557146, 0.20767679, 0.100227154, 0.0641730429;0.0751753131, 1, 0.407887131, 0.375453946, 0.402276781, 0.163867349, 0.0929116535, 0.131725971, 0.554462835, 0.192233797, 0.133910356;0.24796383, 0.407887131, 1, 0.377383936, 0.229575438, 0.297722379, 0.303984411, 0.285859543, 0.642567293, 0.155123859, 0.157646072;0.118576432, 0.375453946, 0.377383936, 1, 0.168020999, 0.376278023, 0.128454834, 0.236383874, 0.261327472, 0.0642511401, 0.180769585;0.112320633, 0.402276781, 0.229575438, 0.168020999, 1, 0.129271899, 0.103638499, 0.143478135, 0.493452816, 0.327554453, 0.154857638;0.205784954, 0.163867349, 0.297722379, 0.376278023, 0.129271899, 1, 0.1120947, 0.189138576, 0.23271951, 0.0559378809, 0.114014754;0.497788015, 0.0929116535, 0.303984411, 0.128454834, 0.103638499, 0.1120947, 1, 0.464755246, 0.212314965, 0.137692589, 0.106429971;0.242557146, 0.131725971, 0.285859543, 0.236383874, 0.143478135, 0.189138576, 0.464755246, 1, 0.216230304, 0.104430475, 0.139539158;0.20767679, 0.554462835, 0.642567293, 0.261327472, 0.493452816, 0.23271951, 0.212314965, 0.216230304, 1, 0.381506711, 0.253321936;0.100227154, 0.192233797, 0.155123859, 0.0642511401, 0.327554453, 0.0559378809, 0.137692589, 0.104430475, 0.381506711, 1, 0.176471326;0.0641730429, 0.133910356, 0.157646072, 0.180769585, 0.154857638, 0.114014754, 0.106429971, 0.139539158, 0.253321936, 0.176471326, 1];
data_train = [0.0965872303, 0.803407827, 0.866126059, 0.583761421, 0.366000548, 0.652629636, 0.305664073, 0.238385692, 0.48814521, 0.216153828, 0.483703608;0.956606505, 0.839784036, 0.94163092, 0.806328975, 0.354750936, 0.812045239, 0.922915744, 0.947035788, 0.683197851, 0.211366644, 0.0397291534;0.147200228, 0.965546918, 0.462096824, 0.854986015, 0.465044154, 0.660817583, 0.0241407771, 0.249864943, 0.43626928, 0.630631047, 0.171521188;0.764551464, 0.364404706, 0.817435269, 0.0979690904, 0.679756588, 0.293328333, 0.795383174, 0.402170427, 0.665349632, 0.934305269, 0.020626632;0.0111167823, 0.770279252, 0.646393052, 0.292979721, 0.494396703, 0.0419356656, 0.192445605, 0.424496375, 0.834044416, 0.479667183, 0.586362505;0.873753792, 0.308818914, 0.700699321, 0.861667259, 0.202615701, 0.356478165, 0.979810174, 0.983218565, 0.22322993, 0.0664458389, 0.270921611;0.397731957, 0.441005601, 0.618806307, 0.89950276, 0.330348012, 0.849984535, 0.0934789209, 0.041874699, 0.504045183, 0.0596622233, 0.392489801;0.896778117, 0.241483036, 0.705975775, 0.302365392, 0.0449200552, 0.556690581, 0.834853491, 0.409468448, 0.617293826, 0.900023598, 0.789694513;0.193876399, 0.733383959, 0.501893025, 0.745966808, 0.494515551, 0.127958164, 0.569909447, 0.492133992, 0.517921734, 0.878902454, 0.894837047;0.453537107, 0.455732041, 0.515186959, 0.519589278, 0.950387144, 0.649400467, 0.277456995, 0.531536797, 0.627223583, 0.639771721, 0.585254226;0.177736155, 0.0335931891, 0.337843052, 0.427522155, 0.0618042396, 0.814967338, 0.344077438, 0.913632746, 0.154410108, 0.0569349569, 0.482316104];
feature_class = 'simple';
kernel_arg1_size = 10;
data_test = [0.189129337, 0.937399276, 0.0103033985, 0.412619675, 0.926747771, 0.384418207, 0.0931092806, 0.302894943, 0.498010394, 0.185151687, 0.466561705, 0.836343196, 0.87261797, 0.0492607347, 0.160903358, 0.275290136, 0.594865851;0.360994759, 0.844040913, 0.716671868, 0.100456023, 0.624557503, 0.113012625, 0.25503567, 0.177870634, 0.173061949, 0.616395525, 0.563604923, 0.176028153, 0.990172805, 0.421836732, 0.0970693282, 0.120569017, 0.583893714;0.979069403, 0.571951102, 0.949041477, 0.444132851, 0.435841104, 0.500007359, 0.697425458, 0.367615966, 0.863886033, 0.0292813848, 0.439764195, 0.51099185, 0.607032238, 0.276071912, 0.427479971, 0.48453775, 0.686909979;0.773544185, 0.737827327, 0.341583052, 0.999450523, 0.848665312, 0.260023373, 0.195105806, 0.314021251, 0.452344853, 0.850799378, 0.778362264, 0.851246124, 0.271957115, 0.593461222, 0.283249062, 0.109023161, 0.684197743;0.142997551, 0.667697762, 0.647964305, 0.810248444, 0.139554605, 0.783480149, 0.999276526, 0.851042449, 0.751812076, 0.662165355, 0.421781485, 0.730500168, 0.724178035, 0.631498283, 0.796278378, 0.448763888, 0.121252712;0.559067728, 0.265043529, 0.384433097, 0.0174149039, 0.382790588, 0.808801106, 0.542722367, 0.00980052693, 0.46984382, 0.291451648, 0.477550655, 0.404692721, 0.93197922, 0.041177299, 0.683588011, 0.851026596, 0.959238585;0.177636227, 0.531304802, 0.0435895773, 0.499183524, 0.12545809, 0.837896675, 0.113870003, 0.51328836, 0.521096069, 0.971650498, 0.654980694, 0.287840293, 0.24079931, 0.128248206, 0.756514724, 0.690756656, 0.609877127;0.0408404429, 0.762828866, 0.641887577, 0.963888868, 0.58720213, 0.303951907, 0.381520552, 0.175840705, 0.722914182, 0.70772166, 0.200650015, 0.158489323, 0.0770049332, 0.911975744, 0.233069834, 0.344163527, 0.280504508;0.413624603, 0.714048799, 0.870595634, 0.18259875, 0.686412344, 0.352562142, 0.980527168, 0.298919159, 0.00719295601, 0.515639974, 0.150731084, 0.0444944268, 0.698269232, 0.732259283, 0.460699013, 0.676885517, 0.538239448;0.629801108, 0.596703973, 0.665822764, 0.199630649, 0.26870662, 0.43996315, 0.446128009, 0.774411712, 0.367393659, 0.162505156, 0.25146597, 0.214733502, 0.731660019, 0.470339615, 0.708630698, 0.416219681, 0.889735603;0.983520308, 0.669842509, 0.863812557, 0.507933267, 0.93462084, 0.831586486, 0.991778572, 0.623093735, 0.77920674, 0.54286814, 0.259120104, 0.354755171, 0.894005415, 0.0559479466, 0.591479886, 0.372484033, 0.386692538];
