kernel_arg0_size = 10;
init_random = 42;
kernel_feature_type = 'Real';
kernel_accuracy = 1e-09;
kernel_data_train = [0.5838937, 0.9790694, 0.5719511, 0.9490415, 0.4441329, 0.4358411, 0.5000074, 0.6974255, 0.367616, 0.863886, 0.0292814;0.4397642, 0.5109918, 0.6070322, 0.2760719, 0.42748, 0.4845378, 0.68691, 0.7735442, 0.7378273, 0.3415831, 0.9994505;0.8486653, 0.2600234, 0.1951058, 0.3140213, 0.4523449, 0.8507994, 0.7783623, 0.8512461, 0.2719571, 0.5934612, 0.2832491;0.1090232, 0.6841977, 0.1429976, 0.6676978, 0.6479643, 0.8102484, 0.1395546, 0.7834801, 0.9992765, 0.8510424, 0.7518121;0.6621654, 0.4217815, 0.7305002, 0.724178, 0.6314983, 0.7962784, 0.4487639, 0.1212527, 0.5590677, 0.2650435, 0.3844331;0.0174149, 0.3827906, 0.8088011, 0.5427224, 0.0098005, 0.4698438, 0.2914516, 0.4775507, 0.4046927, 0.9319792, 0.0411773;0.683588, 0.8510266, 0.9592386, 0.1776362, 0.5313048, 0.0435896, 0.4991835, 0.1254581, 0.8378967, 0.11387, 0.5132884;0.5210961, 0.9716505, 0.6549807, 0.2878403, 0.2407993, 0.1282482, 0.7565147, 0.6907567, 0.6098771, 0.0408404, 0.7628289;0.6418876, 0.9638889, 0.5872021, 0.3039519, 0.3815206, 0.1758407, 0.7229142, 0.7077217, 0.20065, 0.1584893, 0.0770049;0.9119757, 0.2330698, 0.3441635, 0.2805045, 0.4136246, 0.7140488, 0.8705956, 0.1825987, 0.6864123, 0.3525621, 0.9805272;0.2989192, 0.007193, 0.51564, 0.1507311, 0.0444944, 0.6982692, 0.7322593, 0.460699, 0.6768855, 0.5382394, 0.6298011];
kernel_matrix_train = [1, 0.170743898, 0.267962214, 0.168640883, 0.402940799, 0.154436954, 0.600682017, 0.141650006, 0.199811932, 0.071745747, 0.160009929;0.170743898, 1, 0.314295025, 0.292845545, 0.28616173, 0.0541263672, 0.181898032, 0.248549838, 0.212230106, 0.0825873657, 0.0657065293;0.267962214, 0.314295025, 1, 0.260546193, 0.185817332, 0.117286941, 0.39916483, 0.171827907, 0.366662109, 0.122394198, 0.108154171;0.168640883, 0.292845545, 0.260546193, 1, 0.422484023, 0.357054831, 0.157603188, 0.291525456, 0.253214317, 0.46983286, 0.0812634216;0.402940799, 0.28616173, 0.185817332, 0.422484023, 1, 0.226263066, 0.202349854, 0.176129613, 0.287140166, 0.16379065, 0.199982606;0.154436954, 0.0541263672, 0.117286941, 0.357054831, 0.226263066, 1, 0.217112323, 0.23579347, 0.297366932, 0.491851567, 0.152634354;0.600682017, 0.181898032, 0.39916483, 0.157603188, 0.202349854, 0.217112323, 1, 0.295877223, 0.320210801, 0.112046569, 0.212724595;0.141650006, 0.248549838, 0.171827907, 0.291525456, 0.176129613, 0.23579347, 0.295877223, 1, 0.211582357, 0.306241924, 0.100947967;0.199811932, 0.212230106, 0.366662109, 0.253214317, 0.287140166, 0.297366932, 0.320210801, 0.211582357, 1, 0.194287932, 0.474186003;0.071745747, 0.0825873657, 0.122394198, 0.46983286, 0.16379065, 0.491851567, 0.112046569, 0.306241924, 0.194287932, 1, 0.0644601714;0.160009929, 0.0657065293, 0.108154171, 0.0812634216, 0.199982606, 0.152634354, 0.212724595, 0.100947967, 0.474186003, 0.0644601714, 1];
kernel_name = 'Chi2';
kernel_arg1_width = 1.2;
kernel_feature_class = 'simple';
kernel_matrix_test = [0.157901462, 0.236893011, 0.201792381, 0.198556518, 0.108279715, 0.0733040411, 0.135503079, 0.136304684, 0.341650907, 0.34038016, 0.143131141, 0.220870068, 0.0673538731, 0.630056979, 0.181311868, 0.221088264, 0.178721761;0.244491822, 0.33535395, 0.0988574175, 0.0773096048, 0.220725389, 0.192185989, 0.316671782, 0.122137534, 0.146260467, 0.104563486, 0.232645844, 0.1037189, 0.0475191588, 0.105804382, 0.329386615, 0.109915078, 0.129805527;0.244838484, 0.398991739, 0.15172548, 0.290764098, 0.273639498, 0.350836312, 0.253313765, 0.219942061, 0.269466581, 0.154634225, 0.469647196, 0.0986554059, 0.215449759, 0.146946842, 0.457875861, 0.170658647, 0.143290109;0.211510741, 0.260715562, 0.389277438, 0.161111283, 0.385265334, 0.17393405, 0.12690986, 0.27624113, 0.12433297, 0.364061599, 0.329733452, 0.22063295, 0.180698907, 0.188896163, 0.358538705, 0.244810381, 0.208992419;0.147119174, 0.211379335, 0.42405626, 0.12613681, 0.176969316, 0.127724913, 0.142926895, 0.312527484, 0.293522493, 0.384088066, 0.224271564, 0.271278867, 0.0856102147, 0.444117999, 0.238293683, 0.168424788, 0.151886817;0.236008835, 0.175655887, 0.507504637, 0.23341431, 0.285141948, 0.123675069, 0.0552121111, 0.338965427, 0.128586474, 0.377273864, 0.259282115, 0.297760097, 0.0933014589, 0.278586666, 0.250058721, 0.11195286, 0.098179108;0.412204988, 0.310403136, 0.191603298, 0.368456579, 0.22555592, 0.160320225, 0.242825689, 0.163803234, 0.436404696, 0.293880322, 0.257321879, 0.272909085, 0.0910586809, 0.38326824, 0.315273575, 0.218107741, 0.202912539;0.716775867, 0.222000398, 0.157762684, 0.173856812, 0.539225739, 0.252997107, 0.274681719, 0.18646538, 0.214546787, 0.162419857, 0.262359535, 0.321971945, 0.0589695628, 0.151496478, 0.395544094, 0.115610488, 0.299887184;0.316442204, 0.378182002, 0.287141578, 0.157316908, 0.273609311, 0.498535168, 0.225923271, 0.518936398, 0.336236868, 0.179429504, 0.553797732, 0.212929196, 0.0929881204, 0.190747041, 0.436853319, 0.127280458, 0.0745533265;0.24056356, 0.131791407, 0.236774507, 0.173967077, 0.256071953, 0.179178319, 0.0676269478, 0.23266871, 0.0979882106, 0.223186334, 0.252820839, 0.264683205, 0.140559467, 0.15539203, 0.231365907, 0.117943265, 0.109567778;0.121597951, 0.113140819, 0.212122106, 0.0881915466, 0.131497515, 0.186446439, 0.123992172, 0.249048727, 0.374089714, 0.143108609, 0.187581819, 0.191533106, 0.0334901012, 0.143466653, 0.122881312, 0.104973751, 0.0586641945];
kernel_data_test = [0.596704, 0.6658228, 0.1996306, 0.2687066, 0.4399631, 0.446128, 0.7744117, 0.3673937, 0.1625052, 0.251466, 0.2147335, 0.73166, 0.4703396, 0.7086307, 0.4162197, 0.8897356, 0.9835203;0.6698425, 0.8638126, 0.5079333, 0.9346208, 0.8315865, 0.9917786, 0.6230937, 0.7792067, 0.5428681, 0.2591201, 0.3547552, 0.8940054, 0.0559479, 0.5914799, 0.372484, 0.3866925, 0.8845712;0.8538224, 0.5988424, 0.2729188, 0.4754563, 0.4082934, 0.353618, 0.1027856, 0.5431139, 0.3018313, 0.6608079, 0.3192039, 0.4311635, 0.0523604, 0.9925381, 0.5076104, 0.0242376, 0.5412307;0.870354, 0.7725521, 0.7009067, 0.1394647, 0.6577371, 0.7662984, 0.5724191, 0.892749, 0.2769898, 0.2421447, 0.8695697, 0.6253982, 0.0014472, 0.3531314, 0.857856, 0.0273195, 0.0032479;0.2812593, 0.914, 0.9014776, 0.5187619, 0.5532369, 0.332008, 0.2437367, 0.8152219, 0.1062949, 0.4873544, 0.6343973, 0.1036803, 0.5196071, 0.5775213, 0.7424961, 0.234836, 0.2933275;0.5695211, 0.9831264, 0.2174932, 0.9859038, 0.7143425, 0.8260821, 0.0896413, 0.3004202, 0.0577363, 0.371547, 0.9812897, 0.1052731, 0.5623728, 0.0060706, 0.7126828, 0.1971927, 0.1295845;0.3370178, 0.7710443, 0.1066131, 0.229839, 0.0084644, 0.9684149, 0.5921456, 0.7198996, 0.6513832, 0.1443646, 0.5949399, 0.1314156, 0.4012365, 0.5689631, 0.5588811, 0.1190734, 0.034436;0.7982343, 0.7259224, 0.0818189, 0.1274155, 0.8925838, 0.7691289, 0.9961603, 0.2539874, 0.487803, 0.2364596, 0.6228001, 0.1154142, 0.1272432, 0.0718879, 0.6935861, 0.4940726, 0.6177312;0.879301, 0.7403285, 0.4617229, 0.984356, 0.4562561, 0.1124507, 0.9926547, 0.0228207, 0.5498836, 0.3090955, 0.5035522, 0.558713, 0.2400959, 0.5568588, 0.7560611, 0.2665098, 0.3834261;0.2682427, 0.8205597, 0.7249823, 0.8711964, 0.1700499, 0.0735796, 0.1193835, 0.1610183, 0.5330827, 0.9709121, 0.3572354, 0.9585083, 0.0382008, 0.9268722, 0.1811526, 0.912475, 0.0562274;0.9482194, 0.2007983, 0.3027141, 0.4909423, 0.3807209, 0.667528, 0.9748078, 0.6064265, 0.7214854, 0.0880053, 0.6278124, 0.4538498, 0.8857824, 0.3882111, 0.6794541, 0.2281537, 0.2593725];
