accuracy = 1e-08;
init_random = 42;
name = 'Chi2';
data_type = 'double';
km_train = [1, 0.106035699, 0.11112637, 0.152013667, 0.172158202, 0.168309027, 0.394406592, 0.276809279, 0.116355694, 0.0713397888, 0.131968977;0.106035699, 1, 0.341850618, 0.207280814, 0.118523146, 0.20271021, 0.17254269, 0.145402688, 0.273051719, 0.132294545, 0.187730204;0.11112637, 0.341850618, 1, 0.202196191, 0.0743698553, 0.173316243, 0.204831054, 0.185421535, 0.245171897, 0.17913835, 0.215778445;0.152013667, 0.207280814, 0.202196191, 1, 0.129878567, 0.147574574, 0.425297007, 0.054535096, 0.335778892, 0.188262617, 0.299777316;0.172158202, 0.118523146, 0.0743698553, 0.129878567, 1, 0.129014545, 0.280997038, 0.11299384, 0.130682744, 0.0367522381, 0.0311672325;0.168309027, 0.20271021, 0.173316243, 0.147574574, 0.129014545, 1, 0.166121596, 0.164601282, 0.155159008, 0.097482605, 0.204318059;0.394406592, 0.17254269, 0.204831054, 0.425297007, 0.280997038, 0.166121596, 1, 0.214319075, 0.462610715, 0.114291665, 0.148173415;0.276809279, 0.145402688, 0.185421535, 0.054535096, 0.11299384, 0.164601282, 0.214319075, 1, 0.103606562, 0.195813441, 0.120989499;0.116355694, 0.273051719, 0.245171897, 0.335778892, 0.130682744, 0.155159008, 0.462610715, 0.103606562, 1, 0.146734991, 0.109054585;0.0713397888, 0.132294545, 0.17913835, 0.188262617, 0.0367522381, 0.097482605, 0.114291665, 0.195813441, 0.146734991, 1, 0.371496673;0.131968977, 0.187730204, 0.215778445, 0.299777316, 0.0311672325, 0.204318059, 0.148173415, 0.120989499, 0.109054585, 0.371496673, 1];
data_train = [0.633085126, 0.899023983, 0.623743726, 0.134024894, 0.115760046, 0.844185896, 0.139302339, 0.520231961, 0.03711332, 0.0806697674, 0.672348268;0.68918141, 0.341469407, 0.215609765, 0.813710271, 0.217103229, 0.54202707, 0.968208841, 0.147852438, 0.940876267, 0.182893053, 0.567443208;0.377007712, 0.964928602, 0.273542029, 0.399658002, 0.982860118, 0.536470391, 0.502630116, 0.257778488, 0.70136356, 0.0143729518, 0.0495126297;0.599358587, 0.341674574, 0.953316372, 0.903190691, 0.713706259, 0.818145581, 0.66733185, 0.125582103, 0.76554337, 0.210191969, 0.323442855;0.819234212, 0.536525608, 0.859940714, 0.21303532, 0.607778439, 0.0837909725, 0.643060994, 0.762534038, 0.584930894, 0.266231501, 0.0313426689;0.119448884, 0.622302979, 0.934420217, 0.206534404, 0.735026149, 0.866451063, 0.520882178, 0.669265796, 0.815015317, 0.260675158, 0.296895674;0.000627516628, 0.963094131, 0.917544895, 0.764568264, 0.079076021, 0.44750289, 0.101891754, 0.0159202673, 0.616182965, 0.960829417, 0.902868023;0.696754815, 0.0966405842, 0.274164038, 0.320056727, 0.763150058, 0.802249179, 0.385106123, 0.417883997, 0.0445090393, 0.289136718, 0.451285177;0.116983046, 0.453267461, 0.853175812, 0.58132102, 0.078929855, 0.191671319, 0.47454435, 0.36148715, 0.35872702, 0.529267448, 0.584395922;0.79686157, 0.340966563, 0.805466283, 0.338611229, 0.0554329889, 0.554187651, 0.587902325, 0.934540246, 0.726061326, 0.917772652, 0.90834721;0.60457411, 0.527762065, 0.557440967, 0.978330808, 0.773167692, 0.106265905, 0.778428407, 0.170538049, 0.447350549, 0.210459672, 0.689583066];
feature_class = 'simple';
kernel_arg1_size = 10;
data_test = [0.877309736, 0.290361885, 0.0820107412, 0.298493098, 0.672361858, 0.328760128, 0.278112168, 0.184435191, 0.497516427, 0.275948828, 0.731010349, 0.076622402, 0.664033033, 0.237560015, 0.489279261, 0.286089922, 0.722768676;0.94530704, 0.917076779, 0.583426215, 0.462610303, 0.818300509, 0.683326363, 0.183564114, 0.820919214, 0.428884389, 0.18898566, 0.28179735, 0.26752703, 0.519206975, 0.234370091, 0.123566487, 0.123690851, 0.583276197;0.734759289, 0.321533009, 0.0346507098, 0.127224887, 0.91469456, 0.49354366, 0.45357281, 0.0380491783, 0.728637022, 0.528068081, 0.202080936, 0.11007376, 0.383387864, 0.837161964, 0.865294559, 0.60284638, 0.727536427;0.115155787, 0.588126065, 0.666965703, 0.200712843, 0.880154733, 0.194996738, 0.31347736, 0.620556847, 0.638350065, 0.699384741, 0.112011713, 0.84946443, 0.532847132, 0.471321794, 0.981097625, 0.740378297, 0.118006027;0.756539167, 0.095248934, 0.0274705625, 0.403625895, 0.993578173, 0.174883936, 0.672644344, 0.173396066, 0.724786975, 0.505353668, 0.67997171, 0.202873176, 0.745628333, 0.99561906, 0.665650501, 0.493479998, 0.923173989;0.0158518422, 0.729923519, 0.888746517, 0.0616745836, 0.45006417, 0.204719454, 0.566518166, 0.649542959, 0.302623183, 0.45998167, 0.279339485, 0.369391164, 0.159539957, 0.885559444, 0.0100104106, 0.882409186, 0.571678878;0.331657844, 0.723057125, 0.507752152, 0.499108658, 0.110142283, 0.389516026, 0.241064346, 0.0156959056, 0.360099631, 0.0898221294, 0.256830038, 0.0925166212, 0.100941626, 0.199011294, 0.999849244, 0.00218414286, 0.638672636;0.141243698, 0.920628137, 0.0936328933, 0.955063187, 0.610926387, 0.00126807692, 0.894007198, 0.521711801, 0.262669735, 0.767279178, 0.926665554, 0.483690823, 0.315553474, 0.788945124, 0.681785498, 0.888752484, 0.692514013;0.243528339, 0.93165925, 0.104835747, 0.26794275, 0.520194608, 0.565742026, 0.0153105866, 0.780572726, 0.361607318, 0.406418541, 0.809369544, 0.379283392, 0.0472248765, 0.17643977, 0.955903172, 0.0704053624, 0.354931201;0.503179167, 0.493280827, 0.00395994301, 0.501162731, 0.383772458, 0.972079335, 0.159159084, 0.354154197, 0.419481485, 0.390693537, 0.665830828, 0.215512858, 0.221071553, 0.729210949, 0.500290519, 0.415155676, 0.169203052;0.187527223, 0.0105516368, 0.0914262689, 0.556838695, 0.89187313, 0.287164765, 0.327747226, 0.115605611, 0.388630946, 0.0372217046, 0.917600696, 0.673111348, 0.990748809, 0.882823163, 0.472990594, 0.519685031, 0.190576047];
km_test = [0.256434075, 0.0691290411, 0.0307215993, 0.334835367, 0.411065119, 0.151610444, 0.245995587, 0.140807189, 0.393608668, 0.25826691, 0.281102189, 0.202512619, 0.54459224, 0.295116488, 0.120175967, 0.307416984, 0.16931216;0.260687845, 0.108047437, 0.0685550819, 0.134923674, 0.226164812, 0.244763331, 0.163187642, 0.0611606639, 0.523016103, 0.143826839, 0.162857778, 0.0936289129, 0.19146749, 0.186740316, 0.223627448, 0.116793247, 0.409022114;0.0709930433, 0.151879284, 0.0531153783, 0.118888519, 0.196746404, 0.128355068, 0.110740316, 0.0998064713, 0.343550512, 0.162495516, 0.206036927, 0.132488013, 0.109514095, 0.2108364, 0.277092722, 0.132345485, 0.165979539;0.107146375, 0.218493897, 0.121464992, 0.282008332, 0.233113877, 0.245440443, 0.113277098, 0.178257941, 0.358041534, 0.144543903, 0.147062411, 0.370792018, 0.2227042, 0.128440769, 0.231242189, 0.103191472, 0.119705221;0.0499455608, 0.0510104885, 0.0803644379, 0.119572991, 0.280748262, 0.0452920762, 0.508563093, 0.0922768508, 0.274533965, 0.306466088, 0.0925098782, 0.30950404, 0.285221646, 0.477546926, 0.0837364229, 0.595451155, 0.162268112;0.120383938, 0.39552326, 0.153726984, 0.168264075, 0.172721963, 0.152903551, 0.229791551, 0.2113378, 0.298942157, 0.34650597, 0.110907667, 0.159974622, 0.124783235, 0.170689586, 0.105179385, 0.256741728, 0.254353292;0.169377485, 0.169164919, 0.083373893, 0.235752079, 0.559817534, 0.248842342, 0.217148602, 0.308455778, 0.490166934, 0.301843126, 0.228567188, 0.384742107, 0.350647053, 0.403333891, 0.11902287, 0.285260749, 0.181105011;0.173374482, 0.0934859582, 0.0502630015, 0.203110447, 0.141418087, 0.200843672, 0.283382174, 0.2006327, 0.29202843, 0.39029886, 0.315466757, 0.162538725, 0.166409336, 0.278603976, 0.0696166877, 0.290191273, 0.236190624;0.141296311, 0.155025388, 0.142453893, 0.106884605, 0.197013831, 0.300250635, 0.112895298, 0.134106643, 0.380970094, 0.146924606, 0.0638333289, 0.153085342, 0.117915458, 0.214794834, 0.0958312781, 0.125077702, 0.145138963;0.086651038, 0.166118691, 0.127717678, 0.32348297, 0.0341085536, 0.296370552, 0.113086207, 0.166362116, 0.179350289, 0.150325922, 0.15992323, 0.193734675, 0.0595219833, 0.0764954487, 0.120874045, 0.0628424734, 0.105893472;0.104548331, 0.229439803, 0.088227028, 0.356864794, 0.0891484853, 0.296202001, 0.0770537084, 0.160992341, 0.192569612, 0.0880977889, 0.282797513, 0.172939687, 0.114309809, 0.0770850684, 0.122617264, 0.0577847838, 0.119274582];
data_class = 'rand';
kernel_arg0_width = 1.2;
feature_type = 'Real';
