km_train = [3.02110556, 1.00719338, 1.00862527, 1.04069505, 1.00611634, 1.01108256, 1.05016254, 1.03869441, 1.02892236, 1.03619462, 0.995671023;1.00719338, 3.00002304, 0.995126427, 1.01320589, 0.999810724, 1.00731725, 1.06133654, 1.03910322, 1.03007152, 1.02104006, 0.990209417;1.00862527, 0.995126427, 2.96747069, 1.0167506, 1.00820454, 1.0173628, 1.04531603, 1.07036961, 1.00814045, 0.993076871, 0.962604165;1.04069505, 1.01320589, 1.0167506, 3.02210628, 1.0084268, 1.03806263, 1.09858653, 1.03321575, 1.05801934, 1.08071114, 1.00674049;1.00611634, 0.999810724, 1.00820454, 1.0084268, 2.98802078, 1.02452081, 1.07906307, 1.01558166, 1.01712129, 0.985676863, 0.972351584;1.01108256, 1.00731725, 1.0173628, 1.03806263, 1.02452081, 3.00086339, 1.01406228, 0.99167577, 1.0542922, 1.00484752, 1.00108977;1.05016254, 1.06133654, 1.04531603, 1.09858653, 1.07906307, 1.01406228, 3.03410853, 1.02599744, 1.10949905, 1.09972302, 1.0185158;1.03869441, 1.03910322, 1.07036961, 1.03321575, 1.01558166, 0.99167577, 1.02599744, 2.98563124, 1.03897311, 1.00875476, 0.985756862;1.02892236, 1.03007152, 1.00814045, 1.05801934, 1.01712129, 1.0542922, 1.10949905, 1.03897311, 3.03787728, 1.07581057, 1.0526189;1.03619462, 1.02104006, 0.993076871, 1.08071114, 0.985676863, 1.00484752, 1.09972302, 1.00875476, 1.07581057, 2.99239894, 1.0096895;0.995671023, 0.990209417, 0.962604165, 1.00674049, 0.972351584, 1.00108977, 1.0185158, 0.985756862, 1.0526189, 1.0096895, 2.95039427];
subkernel1_data_class = 'dna';
subkernel0_accuracy = 1e-09;
subkernel2_feature_class = 'string';
subkernel0_kernel_arg1_degree = 3;
subkernel1_kernel_arg0_size = 10;
subkernel0_seqlen = 60;
subkernel2_feature_type = 'Char';
subkernel0_feature_class = 'string';
subkernel2_name = 'LinearString';
subkernel0_name = 'FixedDegreeString';
feature_type = '';
subkernel1_data_train = {'TCTCTTATAGTAGACGTCCCACGTGTTCTGGGTTCCGGCAAAAATCCTCGATTCGCAGAT', 'GACCCGTCATCGTATAGCTGGAGTAGGCTTATACAACGCCCTTGATAGACGGGTCTCCAC', 'GGGCTACTATAACGATCATCGGGACGCGATCTCCGTAATGTGATACGTGCAGGAAGCTTA', 'TCGAGCCGGGAGAGAAGTGGTTGTGACTTTGAAATCACGTCCGCCGCTTTAGAGGTCAGA', 'GGCACATGGGGGCACTTTGAAGAAAAGGACAAGCGTTGGGGCATGCAGCAGTCGTAAGGG', 'GGTTTGACCGATCAATGTGTGCATTAATTAGTCTAAATACGCATGGAAGTCAGCATTTCT', 'TTCCGACGGTCGCAACCCAATCTATGGTCCGATACTGGGGCTAGGCAAAACGATACCGGC', 'CTGCCCTCAAGGAGGGGGCGCCGTGTAGTTTGAAGTGCCGTGGTACGACGATCGATGTGG', 'GGTGAATCTATGATAGCTCGCAGTTCGGGTGCTTGCCGTAGTGCGGGATTCGCCCAGTTC', 'ATCTTGACCCCTGGAAAAGCCTTTTTTAGTCCAGGATCTGTTGCCCAAACATCTTCTCTA', 'AAAGAAGCGCATAGCACTGCAATTTTTGTTGATATAGGCTGTCGGTTTTACATACCCTTC'};
subkernel2_data_train = {'CCCGTTCCATTGACAGTGAATAAAGGGCCCCGGAGGCTCTTTTAGTTAGCTTCTCCCGGT', 'CTCTAGTGCCACCGAGAGATCAAGTGTTCGCCGACCATTCGGAGGGTGGTGTGAATACTC', 'TGTCTACAGGTGAACCCGCCGCAACGATAGAGTGGTACCAACTTGCGCCTCATAGCCGAA', 'AATATGGCCGGATAGCAGTGCCGTGTGCTGCACCGTCTGATTGGTAAAGTATACCGTATT', 'GGGCTTTGATGTGGGAATAGCCCGGTGACAGCGACAACAGCTCCGGGATTTACATCGAGG', 'GAAGATTATTGTGCACGTCAAAGGGAATGCGTCGATTCCCCAATGATAAAAAAGTTTACT', 'GTCCCGGGCATGTCCCTAATTCAATTTGTAAGGATAAGTCTCCCAGCCGTTTGTTGATGA', 'CAGGCTAGCAAAAATCTGTTCAGCTCCTGCTTCGATGCTGCGAAGCATGAGCACTCCGCG', 'CTTAAATTCTCGATCTGGACGGCTTGAAACGGTTTTTAACCGTCGCCCCTCTTCGCAATT', 'TACCATATTAGGGCGTAGAACACTCCCGCCGACGCTATTCCCCTTTCCTGCATAAGTAAC', 'TGCGGCACGTGAGGGACGGTACGAGCGCAAAAGCTCAGGTCGGGGCTAGTCCCGAGACCA'};
subkernel0_feature_type = 'Char';
subkernel2_kernel_arg0_size = 10;
subkernel1_data_type = '';
subkernel1_kernel_arg2_inhomogene = 'True';
subkernel2_data_type = '';
subkernel0_data_train = {'ACATCCAAAAGGGGTTAAGAATGCAGCTTACGTCGTTCCTATTCGGTAGGGGCATTCACT', 'CCCGGAATACCGACCGTTCAACACCGATGTTCTCAGCTTGTGTATCGGTTCACCTATGTG', 'TTGGCACCACTTGCGTATGTACTGAGTTGAAGGTTCAAGCTCACAGGAGCGGCTTAGCAT', 'GAGATGACTAAGGCGCTCACCCATGCCATCCCGGCGTTTTATAGGTCCTTAGCCACGCTA', 'CGGTTCAGGATGTCCTCCTTGCGATTGAACACATGATCGGCCACTGGTGAGACTAAACTG', 'GACTCGATTCATGCATCCCGGATCGGAGGCGTAATTCCAGATACGCCTGCACGGCCGAAT', 'GAGTAGACGAGGATCGTCCCCTATGAAAGGGGCTTCGTGTCGCAGTGGCCTACTTCGTCA', 'ACCAGGCCCTACTCTTCAGAGCGTACTTGAATTTAGGAGGTCATCTGGTTTCAGTGAGCC', 'GTCTAGATCTGCGTTGGCGCCCTAGCAAGATTTGTCTCTCCTCCTCATAATCGCGCGTTC', 'CAATGTCTGAGGTTCGTGATCGCAACAAGTGGACGCTCCCACGATTTCTTAGCGCACGAA', 'TGCTCATTTACCAAGTGTTGACCAAGGGCGATTCTCCCTGCACTTTCATCTCCCCGCTTT'};
subkernel0_data_type = '';
subkernel1_kernel_arg1_degree = 3;
subkernel0_data_test = {'GCTCTTATCGAGCGAATATCGTGAATGCCAGGGGAATCGTGACTCGGAGGGATCTGATTG', 'GGAACAAGTTTGGCTAACTTTGGTGTCCTATGTCGCGGTGCTCCATCCTTATTATGGCGA'};
subkernel0_data_class = 'dna';
accuracy = 1e-08;
init_random = 42;
data_type = '';
subkernel1_alphabet = 'DNA';
subkernel0_alphabet = 'DNA';
subkernel2_data_test = {'CGGGGTTACCCCGTTAAGGTCAGGATCATCTCCCTATTTTCGACAACAAGGTTTCGCGCC', 'GGCGGCGTTGTAGAAGGCGCCCCCGAAGGCACTTGAGACATGGGACGGTCTCGCTAGGAA'};
subkernel2_data_class = 'dna';
subkernel2_seqlen = 60;
subkernel1_name = 'PolyMatchString';
subkernel1_seqlen = 60;
subkernel1_accuracy = 1e-10;
subkernel2_accuracy = 1e-08;
name = 'Combined';
subkernel0_kernel_arg0_size = 10;
subkernel1_feature_class = 'string';
subkernel1_data_test = {'CGCCATACGCGTGTGGTCACTGTACGATAAGACTGAGTAGTGTCCCTGCTAAGTTGCAGG', 'TAGATAGCCTAAAGGCGATTTTCCGACACGAAGATAGCACGTGAACACTGGGTATTACTT'};
km_test = [1.05397435, 1.02938267;1.0037133, 0.991706623;1.04100835, 0.978873643;1.01561358, 1.11063746;1.04980425, 0.997557045;1.01449297, 0.989569358;1.04318666, 1.00451693;1.0312831, 0.985798513;1.03548983, 1.03155357;1.01965365, 1.04495176;1.00467137, 0.999460964];
subkernel1_feature_type = 'Char';
feature_class = '';
subkernel2_alphabet = 'DNA';
data_class = '';
