km_train = [2.99909996, 1.02791799, 0.994861263, 1.04324972, 1.04115726, 1.0736974, 1.11028996, 1.03522712, 1.01411753, 1.12333338, 1.03789982;1.02791799, 3.01186798, 0.999699684, 0.999818232, 1.00516249, 1.02540278, 1.00535177, 1.05660033, 1.0974531, 1.02770299, 1.02133318;0.994861263, 0.999699684, 3.00025982, 1.01659786, 1.00225644, 0.985647576, 1.01005749, 1.0370171, 1.03552863, 1.00001047, 1.00255839;1.04324972, 0.999818232, 1.01659786, 3.00225592, 1.04079039, 1.03437484, 0.990516742, 1.01398713, 0.971212741, 1.04755918, 1.02406645;1.04115726, 1.00516249, 1.00225644, 1.04079039, 2.98634796, 1.05340036, 0.983746647, 1.01873775, 0.965480307, 0.995056709, 1.06986954;1.0736974, 1.02540278, 0.985647576, 1.03437484, 1.05340036, 2.99064776, 1.02861832, 1.05687667, 0.999563716, 1.02925217, 1.00519756;1.11028996, 1.00535177, 1.01005749, 0.990516742, 0.983746647, 1.02861832, 2.974586, 1.05533984, 1.10545885, 0.991301256, 1.04444297;1.03522712, 1.05660033, 1.0370171, 1.01398713, 1.01873775, 1.05687667, 1.05533984, 3.04945434, 1.03725488, 1.05268506, 1.0891092;1.01411753, 1.0974531, 1.03552863, 0.971212741, 0.965480307, 0.999563716, 1.10545885, 1.03725488, 2.9530614, 1.01273224, 0.985200802;1.12333338, 1.02770299, 1.00001047, 1.04755918, 0.995056709, 1.02925217, 0.991301256, 1.05268506, 1.01273224, 3.01224926, 1.01550169;1.03789982, 1.02133318, 1.00255839, 1.02406645, 1.06986954, 1.00519756, 1.04444297, 1.0891092, 0.985200802, 1.01550169, 3.0201696]
subkernel1_data_class = 'dna'
subkernel0_accuracy = 1e-09
subkernel2_feature_class = 'string'
subkernel0_kernel_arg1_degree = 3
subkernel1_kernel_arg0_size = '10'
subkernel0_seqlen = 60
subkernel2_feature_type = 'Char'
subkernel0_feature_class = 'string'
subkernel2_name = 'LinearString'
subkernel0_name = 'FixedDegreeString'
feature_type = ''
subkernel1_data_train = ['CTCATACAAAAAATGCCGTATGTCACTAGCTACTTCTACAGATCAAGCTCAATCTGCTTC', 'TGCTATCGACCTAAACGTGCGGTTCTTAGTCGTGGTACGTGCCCGCAAACTTGGTGAACA', 'AAGGTCAGTTGAGAGGTCTGCCGGGACTTAGTGATAACTGTACATCGACCATTTCAGAAC', 'GTCGCCTAACACCAGCAGTGATCATTCTGGCCACTCTCTATATGATCAGAACATATGGTG', 'CACATTGTTACGGACGCAGCCGCCTCTTGGTCACACGGGGGGTCCCATTAAGATGAATAC', 'ATCGTAGAAATTACTGCAAGGAATACAAATCCTGTATGGCGCTCAGCTTATCAGAGACTC', 'CGAGTACACCGACGCCACGTTAACACATTATAGCAAGTCCTTCCGTGGGCGCACTGCCGT', 'TGGGTAATCCTTTGTCCTGATCACAGTACTTTCTCACAGTAGTACGTAGGTTTGGTAGCA', 'GCAGATCGAACCTCACACCGGAGTCTGACAGTAGAAAAGTATAATCGGTCCAACTGCCGA', 'CTCTCCTTAAAATGGCTTGAGATTGCAAGCGGCACTCTACCGAATAACTTTAGTAGCGTG', 'TTGCTACCGTCTCGATCAGCTAAAAGTGGGTGATAGAGGAGGCTTATCGGCACTATTAGT']
subkernel2_data_train = ['CTCATACAAAAAATGCCGTATGTCACTAGCTACTTCTACAGATCAAGCTCAATCTGCTTC', 'TGCTATCGACCTAAACGTGCGGTTCTTAGTCGTGGTACGTGCCCGCAAACTTGGTGAACA', 'AAGGTCAGTTGAGAGGTCTGCCGGGACTTAGTGATAACTGTACATCGACCATTTCAGAAC', 'GTCGCCTAACACCAGCAGTGATCATTCTGGCCACTCTCTATATGATCAGAACATATGGTG', 'CACATTGTTACGGACGCAGCCGCCTCTTGGTCACACGGGGGGTCCCATTAAGATGAATAC', 'ATCGTAGAAATTACTGCAAGGAATACAAATCCTGTATGGCGCTCAGCTTATCAGAGACTC', 'CGAGTACACCGACGCCACGTTAACACATTATAGCAAGTCCTTCCGTGGGCGCACTGCCGT', 'TGGGTAATCCTTTGTCCTGATCACAGTACTTTCTCACAGTAGTACGTAGGTTTGGTAGCA', 'GCAGATCGAACCTCACACCGGAGTCTGACAGTAGAAAAGTATAATCGGTCCAACTGCCGA', 'CTCTCCTTAAAATGGCTTGAGATTGCAAGCGGCACTCTACCGAATAACTTTAGTAGCGTG', 'TTGCTACCGTCTCGATCAGCTAAAAGTGGGTGATAGAGGAGGCTTATCGGCACTATTAGT']
subkernel0_feature_type = 'Char'
subkernel2_kernel_arg0_size = '10'
subkernel1_data_type = ''
subkernel1_kernel_arg2_inhomogene = 'True'
subkernel2_data_type = ''
subkernel0_data_train = ['CTCATACAAAAAATGCCGTATGTCACTAGCTACTTCTACAGATCAAGCTCAATCTGCTTC', 'TGCTATCGACCTAAACGTGCGGTTCTTAGTCGTGGTACGTGCCCGCAAACTTGGTGAACA', 'AAGGTCAGTTGAGAGGTCTGCCGGGACTTAGTGATAACTGTACATCGACCATTTCAGAAC', 'GTCGCCTAACACCAGCAGTGATCATTCTGGCCACTCTCTATATGATCAGAACATATGGTG', 'CACATTGTTACGGACGCAGCCGCCTCTTGGTCACACGGGGGGTCCCATTAAGATGAATAC', 'ATCGTAGAAATTACTGCAAGGAATACAAATCCTGTATGGCGCTCAGCTTATCAGAGACTC', 'CGAGTACACCGACGCCACGTTAACACATTATAGCAAGTCCTTCCGTGGGCGCACTGCCGT', 'TGGGTAATCCTTTGTCCTGATCACAGTACTTTCTCACAGTAGTACGTAGGTTTGGTAGCA', 'GCAGATCGAACCTCACACCGGAGTCTGACAGTAGAAAAGTATAATCGGTCCAACTGCCGA', 'CTCTCCTTAAAATGGCTTGAGATTGCAAGCGGCACTCTACCGAATAACTTTAGTAGCGTG', 'TTGCTACCGTCTCGATCAGCTAAAAGTGGGTGATAGAGGAGGCTTATCGGCACTATTAGT']
subkernel0_data_type = ''
subkernel1_kernel_arg1_degree = 3
subkernel0_data_test = ['CTAGCCATAAAAACAGCTCCCGCCAGGTGTCCTCTATCAGCAAAATTCTACGGCTGCTTT', 'CCTCCGGGCTTACTCCTTCGGGACTGTTGCTACGACCTACTAATTCGGAGATCCGTAAGT']
subkernel0_data_class = 'dna'
accuracy = 1e-08
init_random = 42
data_type = ''
subkernel1_alphabet = 'DNA'
subkernel0_alphabet = 'DNA'
subkernel2_data_test = ['CTAGCCATAAAAACAGCTCCCGCCAGGTGTCCTCTATCAGCAAAATTCTACGGCTGCTTT', 'CCTCCGGGCTTACTCCTTCGGGACTGTTGCTACGACCTACTAATTCGGAGATCCGTAAGT']
subkernel2_data_class = 'dna'
subkernel2_seqlen = 60
subkernel1_name = 'PolyMatchString'
subkernel1_seqlen = 60
subkernel1_accuracy = 1e-10
subkernel2_accuracy = 1e-08
name = 'Combined'
subkernel0_kernel_arg0_size = '10'
subkernel1_feature_class = 'string'
subkernel1_data_test = ['CTAGCCATAAAAACAGCTCCCGCCAGGTGTCCTCTATCAGCAAAATTCTACGGCTGCTTT', 'CCTCCGGGCTTACTCCTTCGGGACTGTTGCTACGACCTACTAATTCGGAGATCCGTAAGT']
km_test = [1.17592083, 1.07274354;1.02285434, 1.01476156;0.994915861, 1.03161734;1.045896, 1.00820246;1.06524001, 1.03070359;1.08044021, 0.992847009;1.02657925, 1.02881803;1.03459773, 1.06002037;1.02163567, 1.04324071;1.08878989, 1.07663111;1.00024081, 1.05318511]
subkernel1_feature_type = 'Char'
feature_class = ''
subkernel2_alphabet = 'DNA'
data_class = ''
