km_train = [63.454, 53.323162, 53.2585283, 52.625645, 54.3498864, 53.7986105, 53.0894866, 53.4945283, 53.6062869, 54.0906938, 52.6856792;53.323162, 66.147, 53.0675932, 55.4266792, 53.4336792, 53.8816938, 54.0563371, 54.5136938, 54.8832184, 54.4206938, 54.0798691;53.2585283, 53.0675932, 64.652, 53.2048008, 53.5600422, 53.2552835, 54.413647, 52.5821277, 53.2498384, 53.9429038, 53.328613;52.625645, 55.4266792, 53.2048008, 64.475, 53.4559038, 52.9332869, 53.7643467, 54.0015719, 54.2258639, 53.9650957, 54.0873305;54.3498864, 53.4336792, 53.5600422, 53.4559038, 64.285, 53.081162, 53.0676938, 53.4458544, 53.4452869, 53.6190456, 52.7761105;53.7986105, 53.8816938, 53.2552835, 52.9332869, 53.081162, 62.76, 53.5432117, 53.1773518, 53.1666792, 54.0854179, 53.196845;53.0894866, 54.0563371, 54.413647, 53.7643467, 53.0676938, 53.5432117, 66.442, 53.758645, 53.6280456, 53.9663305, 53.8318639;53.4945283, 54.5136938, 52.5821277, 54.0015719, 53.4458544, 53.1773518, 53.758645, 63.211, 53.8448691, 54.1471528, 52.6532452;53.6062869, 54.8832184, 53.2498384, 54.2258639, 53.4452869, 53.1666792, 53.6280456, 53.8448691, 64.633, 53.3468691, 53.0128639;54.0906938, 54.4206938, 53.9429038, 53.9650957, 53.6190456, 54.0854179, 53.9663305, 54.1471528, 53.3468691, 64.97, 53.8201765;52.6856792, 54.0798691, 53.328613, 54.0873305, 52.7761105, 53.196845, 53.8318639, 52.6532452, 53.0128639, 53.8201765, 65.333];
subkernel1_data_class = 'dna';
subkernel0_accuracy = 1e-09;
subkernel2_feature_class = 'string';
subkernel0_kernel_arg1_degree = 3;
subkernel1_kernel_arg0_size = 10;
subkernel0_seqlen = 60;
subkernel2_feature_type = 'Char';
subkernel0_feature_class = 'string';
subkernel2_name = 'LocalAlignmentString';
subkernel0_name = 'FixedDegreeString';
feature_type = '';
subkernel1_data_train = {'ATTAGTATTTCTGTTGCAGGATACCGGCTCGCAGACTGTTGTGTAAAGATTAGGCGGAGT', 'CGACAATAATGCGGACAGATCATGGCATGGTCGATGCAATCTCTATTGGTGTCATGGATG', 'GTGACCTCCATACCCAGGTGGATTCGTGGTGTCTTGTGAGCACCTTGCTTAGGGCGCAAT', 'CCTTCCTTTCTTGCCAATGGACGCCTTTAAAGCTCTTTACACTAATTCCCGAGACACGTT', 'CATAGCTCCCTATACATACAAATCCGTTTTGGGCAGATGTATTAACCCGCCACTATTTAT', 'GGGGGGGAAAGAGCCGAACAAGACGAGACCATGTGGGAAATCGCTCTGTTACTACGCACT', 'ACACATGTGCACCATTGCCACTCCCCCCTTGCTGACACGCTCAGAGTTAGTGGTGGTTAG', 'TCCAACGGCTTCGGCCCTGAGGCTACCAGTGCGGGTGGCTGGATCTTCTGACTGTAGGGG', 'TTGCCTTACAGAACCGGGTCGCTTTCAGGAGCACAACGGTTAAGAGGGGTAAGTACGCTA', 'AAGAAAATCTTACTGCCATTGCCTAATACGGTGGTGGCTCTTCGGTTCGTCGTGCCAATT', 'GTGGTGGAACACTTACTTGAGGTCGACCAGAGGTCGCCCAGTAACCAAGAATTGCCAGGT'};
subkernel2_data_train = {'TGTGTTAATATCCGCAGATTTGACATATCCTGGACCAGCTAGCTTCATCGAGTTGCGTTT', 'TCGCCCACATTGCCGACACGGACACGATTGCGCTCGTCTCAAGTACAACTAAGACATCCT', 'TTCAGGTTAAGTCTTGCCTTGAGTCACCGTTTCAAATGTGGGGACCATGGGGTGCCCGTA', 'AATCGGAACAACACAAGAGCGGGCATCGTGGAGTCCGTTGACATACAGGACACACGACCG', 'TTTGATTGGTCACGAAAAATTTAGCTATGGCTTCTCGCCAGAGTAGAACCCGCTGCTGTA', 'GTGCTTACAGGATGCGTGGTGTCCTTAATGCACTGCTGTCAAACACAGTGTTGATCATAA', 'TGAGGCTGGTTGTTGCGTGGCCCCGGAGGTACGGCAGGTAGACTCCTTCCTTGGGACCCA', 'GAACTTGGCACATCTCGATCGAAGTTAGTTCGATTCAGGAACACGCCTTACGTTAAGACT', 'CATTTCGTAGCCTCTGGGAACAACGTGTATATGGCCCGCGTCTTTTACGGAACAGGTACA', 'TCAGGGGACACATGCAGTTTGCGCCTTCATATCTGGTACACCCGTTAATCAGTGTTTGCC', 'TGCGAACCCGGGTGGTAAATCCGTAAAGCAAAGAGATCCGGGTTAAAAAGTTGCTCCCGC'};
subkernel0_feature_type = 'Char';
subkernel2_kernel_arg0_size = 10;
subkernel1_data_type = '';
subkernel1_kernel_arg2_inhomogene = 'True';
subkernel2_data_type = '';
subkernel0_data_train = {'GAGTGCGCTGGTCCGACGTATAATAACACAGCTCGTGATAGCTACCCGTCGCTCTTTTCC', 'GCTGTTTCAGAGTCCTTTTATAGGACTGGCCGACCCTTCATTTGCACATACCGCATATTG', 'TGGTGAATCAACGCGCCGCTGGTCACAAAGCCGCTGTAATGTTGCAACTTAGCCTGATCC', 'TCGCGGATTTGTGAAAAATTTTGCAGCTCCCTATTCATCGACCATTTTATATTCCGTGGA', 'AGTTAAGGACCAGTGTGAGCCTGACTGATTGCTTCGTACGCCGCAGGAAAACGTGGCGGC', 'CTTGCCCCGACTGCACCAGCCCTCGAAAAAGCGCGGGATAGACTATTTGTGACTAATCTT', 'CCGCGCGGGTTAGCGGTTTCCAGTGGTGTATTACAGGGCTCGGTCACAAGGAGCGCGTCG', 'CGTACGCACCGTTCTCCAATGCTGAACATTAGCCGGATAAGGCATTGCATGTTACGATCA', 'TAGAAGGCCCCACGACGACGCAATTTATATTCCTTTAGTACTTCGAATAGCACCCCGAAA', 'GATCTCCGTGATGAACCTGAGCGGCTCTGGTTGGTGCTAAAACGAGCGCAGAGAAATCGA', 'TGATGGTAACCGATAACCCACTCCTGCTAGTTGTGCTAGAGAGGACGACCATCTTAGCGG'};
subkernel0_data_type = '';
subkernel1_kernel_arg1_degree = 3;
subkernel0_data_test = {'GTGAGGTTCCTGTTAATAACTCTAAGCAGACTCAACTACGTCTGTAATGTCTCGTAATTG', 'GTATACACGGAGATTCGCACTGATGTGGAATATGAAATCCCACATCCCCTGAGAATTTCG'};
subkernel0_data_class = 'dna';
accuracy = 1e-07;
init_random = 42;
data_type = '';
subkernel1_alphabet = 'DNA';
subkernel0_alphabet = 'DNA';
subkernel2_data_test = {'GTCCATGCTTGTAGATTAAAAAATTACTGTAATGTCGAGAGGCACATGTAGGTACATCTC', 'ACCAACGAATCATTCCAAGACTTAGCTCAACCTGCCATTTTAAGTAATACGAATGTCAGG'};
subkernel2_data_class = 'dna';
subkernel2_seqlen = 60;
subkernel1_name = 'PolyMatchString';
subkernel1_seqlen = 60;
subkernel1_accuracy = 1e-10;
subkernel2_accuracy = 1e-08;
name = 'Combined';
subkernel0_kernel_arg0_size = 10;
subkernel1_feature_class = 'string';
subkernel1_data_test = {'AGTGCCTGGTGTTTCTAGAGATTCCCCCGGCGCCGCTATTTCAGCTATCCTCATTCCTTA', 'TTGGACATAATTTAACAACTCGGCGAAGATAGCAAGTTCTGGCGTCTGAACGTATTATTG'};
km_test = [52.5916938, 53.376162;53.6861277, 55.0284866;53.3330891, 53.1750891;52.5040422, 53.7931277;53.0885283, 53.0416938;53.1503305, 53.0784866;52.2182184, 51.3783518;53.1548691, 53.1352869;52.9299352, 53.670613;52.4758639, 53.9179425;53.7568133, 53.0611528];
subkernel1_feature_type = 'Char';
feature_class = '';
subkernel2_alphabet = 'DNA';
data_class = '';
