km_train = [3.01621224, 1.01603361, 1.01405675, 1.11979287, 0.998331167, 1.03062372, 1.02164849, 0.97788145, 1.04786613, 1.03551104, 1.02168157;1.01603361, 3.00476892, 1.01046951, 1.01981285, 0.970184426, 1.10293866, 1.04672807, 1.0068357, 1.06385705, 1.05235989, 1.03817374;1.01405675, 1.01046951, 2.96838774, 0.994915142, 0.9861033, 0.998266547, 1.0111217, 1.0191952, 1.00156702, 1.01092491, 0.978018965;1.11979287, 1.01981285, 0.994915142, 3.02350512, 0.996320791, 1.14307564, 1.02515893, 0.992412124, 1.09328819, 1.08077909, 1.01186717;0.998331167, 0.970184426, 0.9861033, 0.996320791, 2.94749792, 1.01736123, 0.981479171, 0.955833401, 0.98429703, 1.00039067, 0.982908215;1.03062372, 1.10293866, 0.998266547, 1.14307564, 1.01736123, 3.03640125, 1.06378546, 1.01635992, 1.04079446, 1.07090677, 1.04240284;1.02164849, 1.04672807, 1.0111217, 1.02515893, 0.981479171, 1.06378546, 3.02412273, 0.999933629, 1.00908516, 1.04578433, 1.05212616;0.97788145, 1.0068357, 1.0191952, 0.992412124, 0.955833401, 1.01635992, 0.999933629, 2.95203557, 1.00463163, 0.996751104, 1.04879403;1.04786613, 1.06385705, 1.00156702, 1.09328819, 0.98429703, 1.04079446, 1.00908516, 1.00463163, 2.98980237, 1.0111906, 1.00006483;1.03551104, 1.05235989, 1.01092491, 1.08077909, 1.00039067, 1.07090677, 1.04578433, 0.996751104, 1.0111906, 3.05252622, 1.02258524;1.02168157, 1.03817374, 0.978018965, 1.01186717, 0.982908215, 1.04240284, 1.05212616, 1.04879403, 1.00006483, 1.02258524, 2.98473991];
subkernel1_data_class = 'dna';
subkernel0_accuracy = 1e-09;
subkernel2_feature_class = 'string';
subkernel0_kernel_arg1_degree = 3;
subkernel1_kernel_arg0_size = 10;
subkernel0_seqlen = 60;
subkernel2_feature_type = 'Char';
subkernel0_feature_class = 'string';
subkernel2_name = 'LinearString';
subkernel0_name = 'FixedDegreeString';
feature_type = '';
subkernel1_data_train = {'GAACACCCTCATCTGGATGGCTACCTCTAATATTGTGGGTCAACTGTCTAGGGTGCAGTA', 'GCTATAGATCGTTATTACCTCACACCACATTTCCCGCGCCTAATACGGTTAGTCACGCAT', 'AAGCTGAGAGGCGAACGGTTCAGGCCCACACGAGGGATAGTAGGCTCCTTTCCTGCCGGC', 'TTGGTACCTCTCTGCAGGGGAATTTTCTCGTACCTTAGTTAATCTGAAGCAGCGCGACAC', 'ATCAACACGCACGGGTGATCGCATAAGGAACCGCACCGATACATGACAAATACTGTACTC', 'ATCGCCCTTACGGGATACCACGTTGCTTAGGATCTTAGTTGCTGCCTGTTAAAAATCTCT', 'TCTCGAAGCGCTATTCCAGAGAATTGAATTAGTCTGCGTCTTGATATGTGGCCAGGGGGG', 'ACGGAGCACCAGACATTCGAACCTAGTAGGAGAGGGTACTGGTCGCGGATCCGCAGGCGC', 'TGGGACAGACGCCAAAAGTGGCTCATCTATTGAATCTGCCTGCCTCAGCCAGACCGTTCT', 'GTTTTTGGGTCTTGTGCCAGGGCTCGAGTCTCGTTTAACCAATGGTGTTCTAATAACGAA', 'GCAGCCCACCTTTTAACGGTGCCCGCAAGCAGCTTGTGATCCAAGGCTGGCGTCGAGGGT'};
subkernel2_data_train = {'GAACACCCTCATCTGGATGGCTACCTCTAATATTGTGGGTCAACTGTCTAGGGTGCAGTA', 'GCTATAGATCGTTATTACCTCACACCACATTTCCCGCGCCTAATACGGTTAGTCACGCAT', 'AAGCTGAGAGGCGAACGGTTCAGGCCCACACGAGGGATAGTAGGCTCCTTTCCTGCCGGC', 'TTGGTACCTCTCTGCAGGGGAATTTTCTCGTACCTTAGTTAATCTGAAGCAGCGCGACAC', 'ATCAACACGCACGGGTGATCGCATAAGGAACCGCACCGATACATGACAAATACTGTACTC', 'ATCGCCCTTACGGGATACCACGTTGCTTAGGATCTTAGTTGCTGCCTGTTAAAAATCTCT', 'TCTCGAAGCGCTATTCCAGAGAATTGAATTAGTCTGCGTCTTGATATGTGGCCAGGGGGG', 'ACGGAGCACCAGACATTCGAACCTAGTAGGAGAGGGTACTGGTCGCGGATCCGCAGGCGC', 'TGGGACAGACGCCAAAAGTGGCTCATCTATTGAATCTGCCTGCCTCAGCCAGACCGTTCT', 'GTTTTTGGGTCTTGTGCCAGGGCTCGAGTCTCGTTTAACCAATGGTGTTCTAATAACGAA', 'GCAGCCCACCTTTTAACGGTGCCCGCAAGCAGCTTGTGATCCAAGGCTGGCGTCGAGGGT'};
subkernel0_feature_type = 'Char';
subkernel2_kernel_arg0_size = 10;
subkernel1_data_type = '';
subkernel1_kernel_arg2_inhomogene = 'True';
subkernel2_data_type = '';
subkernel0_data_train = {'GAACACCCTCATCTGGATGGCTACCTCTAATATTGTGGGTCAACTGTCTAGGGTGCAGTA', 'GCTATAGATCGTTATTACCTCACACCACATTTCCCGCGCCTAATACGGTTAGTCACGCAT', 'AAGCTGAGAGGCGAACGGTTCAGGCCCACACGAGGGATAGTAGGCTCCTTTCCTGCCGGC', 'TTGGTACCTCTCTGCAGGGGAATTTTCTCGTACCTTAGTTAATCTGAAGCAGCGCGACAC', 'ATCAACACGCACGGGTGATCGCATAAGGAACCGCACCGATACATGACAAATACTGTACTC', 'ATCGCCCTTACGGGATACCACGTTGCTTAGGATCTTAGTTGCTGCCTGTTAAAAATCTCT', 'TCTCGAAGCGCTATTCCAGAGAATTGAATTAGTCTGCGTCTTGATATGTGGCCAGGGGGG', 'ACGGAGCACCAGACATTCGAACCTAGTAGGAGAGGGTACTGGTCGCGGATCCGCAGGCGC', 'TGGGACAGACGCCAAAAGTGGCTCATCTATTGAATCTGCCTGCCTCAGCCAGACCGTTCT', 'GTTTTTGGGTCTTGTGCCAGGGCTCGAGTCTCGTTTAACCAATGGTGTTCTAATAACGAA', 'GCAGCCCACCTTTTAACGGTGCCCGCAAGCAGCTTGTGATCCAAGGCTGGCGTCGAGGGT'};
subkernel0_data_type = '';
subkernel1_kernel_arg1_degree = 3;
subkernel0_data_test = {'TTTCCAATGTACGATCCCTGCGAAAGGTGTTCGTGTCTCAAAACCGTGACTGGCGGGTTA', 'GCGCGGGGTGGGCAGGGAAAGTATCTTCTGGGCCGTTAGGGGGATCTGCTATTAGTCGTA'};
subkernel0_data_class = 'dna';
accuracy = 1e-08;
init_random = 42;
data_type = '';
subkernel1_alphabet = 'DNA';
subkernel0_alphabet = 'DNA';
subkernel2_data_test = {'TTTCCAATGTACGATCCCTGCGAAAGGTGTTCGTGTCTCAAAACCGTGACTGGCGGGTTA', 'GCGCGGGGTGGGCAGGGAAAGTATCTTCTGGGCCGTTAGGGGGATCTGCTATTAGTCGTA'};
subkernel2_data_class = 'dna';
subkernel2_seqlen = 60;
subkernel1_name = 'PolyMatchString';
subkernel1_seqlen = 60;
subkernel1_accuracy = 1e-10;
subkernel2_accuracy = 1e-08;
name = 'Combined';
subkernel0_kernel_arg0_size = 10;
subkernel1_feature_class = 'string';
subkernel1_data_test = {'TTTCCAATGTACGATCCCTGCGAAAGGTGTTCGTGTCTCAAAACCGTGACTGGCGGGTTA', 'GCGCGGGGTGGGCAGGGAAAGTATCTTCTGGGCCGTTAGGGGGATCTGCTATTAGTCGTA'};
km_test = [1.08350529, 1.0623436;1.02580025, 1.01947365;1.01607597, 1.00898088;1.02759214, 1.01946357;1.02650322, 0.980235731;1.02785976, 1.06642084;1.07112793, 1.07732181;0.988591283, 1.00671845;1.02565601, 1.01273118;1.10744652, 1.03906861;0.995691893, 0.998613524];
subkernel1_feature_type = 'Char';
feature_class = '';
subkernel2_alphabet = 'DNA';
data_class = '';
