km_train = [66.88, 53.887613, 53.7188544, 53.6133305, 53.6696792, 52.3000891, 53.3821105, 54.3724598, 54.1180891, 54.7370957, 54.1280456;53.887613, 64.947, 53.245645, 54.2880891, 52.7908691, 53.4760456, 53.1894866, 54.1021277, 52.380645, 53.4742869, 53.997645;53.7188544, 53.245645, 65.587, 52.9821105, 54.1128864, 52.7439352, 54.3801277, 54.1832108, 55.1878691, 55.349645, 54.5956792;53.6133305, 54.2880891, 52.9821105, 63.262, 53.5260891, 53.7638864, 52.1579425, 53.7478008, 52.7318864, 53.7108346, 53.5642184;53.6696792, 52.7908691, 54.1128864, 53.5260891, 64.565, 53.1618864, 52.5941452, 53.6338864, 52.8788691, 54.4228639, 54.6796792;52.3000891, 53.4760456, 52.7439352, 53.7638864, 53.1618864, 63.508, 52.4080891, 52.256613, 52.9664598, 54.2160456, 51.9682869;53.3821105, 53.1894866, 54.3801277, 52.1579425, 52.5941452, 52.4080891, 65.105, 52.3609206, 53.7260111, 53.396076, 52.3672452;54.3724598, 54.1021277, 54.1832108, 53.7478008, 53.6338864, 52.256613, 52.3609206, 65.051, 53.6748008, 53.8242184, 54.0209206;54.1180891, 52.380645, 55.1878691, 52.7318864, 52.8788691, 52.9664598, 53.7260111, 53.6748008, 66.134, 55.0113691, 53.1288384;54.7370957, 53.4742869, 55.349645, 53.7108346, 54.4228639, 54.2160456, 53.396076, 53.8242184, 55.0113691, 67.048, 53.8744598;54.1280456, 53.997645, 54.5956792, 53.5642184, 54.6796792, 51.9682869, 52.3672452, 54.0209206, 53.1288384, 53.8744598, 65.325];
subkernel1_data_class = 'dna';
subkernel0_accuracy = 1e-09;
subkernel2_feature_class = 'string';
subkernel0_kernel_arg1_degree = 3;
subkernel1_kernel_arg0_size = 10;
subkernel0_seqlen = 60;
subkernel2_feature_type = 'Char';
subkernel0_feature_class = 'string';
subkernel2_name = 'LocalAlignmentString';
subkernel0_name = 'FixedDegreeString';
feature_type = '';
subkernel1_data_train = {'TCTCTTATAGTAGACGTCCCACGTGTTCTGGGTTCCGGCAAAAATCCTCGATTCGCAGAT', 'GACCCGTCATCGTATAGCTGGAGTAGGCTTATACAACGCCCTTGATAGACGGGTCTCCAC', 'GGGCTACTATAACGATCATCGGGACGCGATCTCCGTAATGTGATACGTGCAGGAAGCTTA', 'TCGAGCCGGGAGAGAAGTGGTTGTGACTTTGAAATCACGTCCGCCGCTTTAGAGGTCAGA', 'GGCACATGGGGGCACTTTGAAGAAAAGGACAAGCGTTGGGGCATGCAGCAGTCGTAAGGG', 'GGTTTGACCGATCAATGTGTGCATTAATTAGTCTAAATACGCATGGAAGTCAGCATTTCT', 'TTCCGACGGTCGCAACCCAATCTATGGTCCGATACTGGGGCTAGGCAAAACGATACCGGC', 'CTGCCCTCAAGGAGGGGGCGCCGTGTAGTTTGAAGTGCCGTGGTACGACGATCGATGTGG', 'GGTGAATCTATGATAGCTCGCAGTTCGGGTGCTTGCCGTAGTGCGGGATTCGCCCAGTTC', 'ATCTTGACCCCTGGAAAAGCCTTTTTTAGTCCAGGATCTGTTGCCCAAACATCTTCTCTA', 'AAAGAAGCGCATAGCACTGCAATTTTTGTTGATATAGGCTGTCGGTTTTACATACCCTTC'};
subkernel2_data_train = {'CCCGTTCCATTGACAGTGAATAAAGGGCCCCGGAGGCTCTTTTAGTTAGCTTCTCCCGGT', 'CTCTAGTGCCACCGAGAGATCAAGTGTTCGCCGACCATTCGGAGGGTGGTGTGAATACTC', 'TGTCTACAGGTGAACCCGCCGCAACGATAGAGTGGTACCAACTTGCGCCTCATAGCCGAA', 'AATATGGCCGGATAGCAGTGCCGTGTGCTGCACCGTCTGATTGGTAAAGTATACCGTATT', 'GGGCTTTGATGTGGGAATAGCCCGGTGACAGCGACAACAGCTCCGGGATTTACATCGAGG', 'GAAGATTATTGTGCACGTCAAAGGGAATGCGTCGATTCCCCAATGATAAAAAAGTTTACT', 'GTCCCGGGCATGTCCCTAATTCAATTTGTAAGGATAAGTCTCCCAGCCGTTTGTTGATGA', 'CAGGCTAGCAAAAATCTGTTCAGCTCCTGCTTCGATGCTGCGAAGCATGAGCACTCCGCG', 'CTTAAATTCTCGATCTGGACGGCTTGAAACGGTTTTTAACCGTCGCCCCTCTTCGCAATT', 'TACCATATTAGGGCGTAGAACACTCCCGCCGACGCTATTCCCCTTTCCTGCATAAGTAAC', 'TGCGGCACGTGAGGGACGGTACGAGCGCAAAAGCTCAGGTCGGGGCTAGTCCCGAGACCA'};
subkernel0_feature_type = 'Char';
subkernel2_kernel_arg0_size = 10;
subkernel1_data_type = '';
subkernel1_kernel_arg2_inhomogene = 'True';
subkernel2_data_type = '';
subkernel0_data_train = {'ACATCCAAAAGGGGTTAAGAATGCAGCTTACGTCGTTCCTATTCGGTAGGGGCATTCACT', 'CCCGGAATACCGACCGTTCAACACCGATGTTCTCAGCTTGTGTATCGGTTCACCTATGTG', 'TTGGCACCACTTGCGTATGTACTGAGTTGAAGGTTCAAGCTCACAGGAGCGGCTTAGCAT', 'GAGATGACTAAGGCGCTCACCCATGCCATCCCGGCGTTTTATAGGTCCTTAGCCACGCTA', 'CGGTTCAGGATGTCCTCCTTGCGATTGAACACATGATCGGCCACTGGTGAGACTAAACTG', 'GACTCGATTCATGCATCCCGGATCGGAGGCGTAATTCCAGATACGCCTGCACGGCCGAAT', 'GAGTAGACGAGGATCGTCCCCTATGAAAGGGGCTTCGTGTCGCAGTGGCCTACTTCGTCA', 'ACCAGGCCCTACTCTTCAGAGCGTACTTGAATTTAGGAGGTCATCTGGTTTCAGTGAGCC', 'GTCTAGATCTGCGTTGGCGCCCTAGCAAGATTTGTCTCTCCTCCTCATAATCGCGCGTTC', 'CAATGTCTGAGGTTCGTGATCGCAACAAGTGGACGCTCCCACGATTTCTTAGCGCACGAA', 'TGCTCATTTACCAAGTGTTGACCAAGGGCGATTCTCCCTGCACTTTCATCTCCCCGCTTT'};
subkernel0_data_type = '';
subkernel1_kernel_arg1_degree = 3;
subkernel0_data_test = {'GCTCTTATCGAGCGAATATCGTGAATGCCAGGGGAATCGTGACTCGGAGGGATCTGATTG', 'GGAACAAGTTTGGCTAACTTTGGTGTCCTATGTCGCGGTGCTCCATCCTTATTATGGCGA'};
subkernel0_data_class = 'dna';
accuracy = 1e-07;
init_random = 42;
data_type = '';
subkernel1_alphabet = 'DNA';
subkernel0_alphabet = 'DNA';
subkernel2_data_test = {'CGGGGTTACCCCGTTAAGGTCAGGATCATCTCCCTATTTTCGACAACAAGGTTTCGCGCC', 'GGCGGCGTTGTAGAAGGCGCCCCCGAAGGCACTTGAGACATGGGACGGTCTCGCTAGGAA'};
subkernel2_data_class = 'dna';
subkernel2_seqlen = 60;
subkernel1_name = 'PolyMatchString';
subkernel1_seqlen = 60;
subkernel1_accuracy = 1e-10;
subkernel2_accuracy = 1e-08;
name = 'Combined';
subkernel0_kernel_arg0_size = 10;
subkernel1_feature_class = 'string';
subkernel1_data_test = {'CGCCATACGCGTGTGGTCACTGTACGATAAGACTGAGTAGTGTCCCTGCTAAGTTGCAGG', 'TAGATAGCCTAAAGGCGATTTTCCGACACGAAGATAGCACGTGAACACTGGGTATTACTT'};
km_test = [54.3023518, 54.923162;54.471613, 52.7820456;53.9127011, 55.0600456;53.2156792, 53.3620077;53.3811765, 55.3509206;54.238645, 52.0378691;53.4572184, 53.0890891;55.3109352, 54.0700456;53.6041053, 52.8548884;54.1602184, 54.1823691;53.7351105, 55.7104598];
subkernel1_feature_type = 'Char';
feature_class = '';
subkernel2_alphabet = 'DNA';
data_class = '';
