name = 'Combined'
km_train = [3.04322256, 1.03753379, 1.06080234, 0.998699256, 1.06132944, 1.1109844, 1.06526287, 1.06413948, 1.04719541, 1.04591377, 1.00109655;1.03753379, 2.96346648, 1.05295837, 0.950848205, 0.991844471, 1.00747299, 1.0370755, 0.997094716, 1.0048735, 1.00777289, 0.970736105;1.06080234, 1.05295837, 3.02914346, 1.00918043, 1.07109596, 1.08899076, 1.03121696, 1.06037553, 1.07310969, 1.07515139, 0.995227372;0.998699256, 0.950848205, 1.00918043, 2.92971555, 1.0257804, 1.00321934, 1.0001526, 1.0039563, 0.964461904, 1.00798888, 0.967452069;1.06132944, 0.991844471, 1.07109596, 1.0257804, 3.01873009, 1.05276143, 1.02770632, 1.02178403, 1.03742969, 1.02682488, 1.01428149;1.1109844, 1.00747299, 1.08899076, 1.00321934, 1.05276143, 3.02049117, 1.00778932, 1.0513887, 1.00888105, 1.08966336, 1.05451867;1.06526287, 1.0370755, 1.03121696, 1.0001526, 1.02770632, 1.00778932, 3.00595584, 1.0145554, 1.01318924, 1.0329791, 0.98395507;1.06413948, 0.997094716, 1.06037553, 1.0039563, 1.02178403, 1.0513887, 1.0145554, 2.99890512, 1.00669478, 1.06557132, 1.00405879;1.04719541, 1.0048735, 1.07310969, 0.964461904, 1.03742969, 1.00888105, 1.01318924, 1.00669478, 3.00495407, 1.01931588, 0.98008196;1.04591377, 1.00777289, 1.07515139, 1.00798888, 1.02682488, 1.08966336, 1.0329791, 1.06557132, 1.01931588, 3.02125686, 1.0431605;1.00109655, 0.970736105, 0.995227372, 0.967452069, 1.01428149, 1.05451867, 0.98395507, 1.00405879, 0.98008196, 1.0431605, 2.96415879]
subkernel1_data_class = 'dna'
subkernel0_accuracy = 1e-09
feature_class = ''
subkernel2_feature_class = 'string'
subkernel0_seqlen = 60
subkernel2_feature_type = 'Char'
subkernel0_kparam1_degree = 3
subkernel0_feature_class = 'string'
subkernel2_name = 'LinearString'
subkernel0_name = 'FixedDegreeString'
feature_type = ''
subkernel1_data_train = ['ATTAGTATTTCTGTTGCAGGATACCGGCTCGCAGACTGTTGTGTAAAGATTAGGCGGAGT', 'CGACAATAATGCGGACAGATCATGGCATGGTCGATGCAATCTCTATTGGTGTCATGGATG', 'GTGACCTCCATACCCAGGTGGATTCGTGGTGTCTTGTGAGCACCTTGCTTAGGGCGCAAT', 'CCTTCCTTTCTTGCCAATGGACGCCTTTAAAGCTCTTTACACTAATTCCCGAGACACGTT', 'CATAGCTCCCTATACATACAAATCCGTTTTGGGCAGATGTATTAACCCGCCACTATTTAT', 'GGGGGGGAAAGAGCCGAACAAGACGAGACCATGTGGGAAATCGCTCTGTTACTACGCACT', 'ACACATGTGCACCATTGCCACTCCCCCCTTGCTGACACGCTCAGAGTTAGTGGTGGTTAG', 'TCCAACGGCTTCGGCCCTGAGGCTACCAGTGCGGGTGGCTGGATCTTCTGACTGTAGGGG', 'TTGCCTTACAGAACCGGGTCGCTTTCAGGAGCACAACGGTTAAGAGGGGTAAGTACGCTA', 'AAGAAAATCTTACTGCCATTGCCTAATACGGTGGTGGCTCTTCGGTTCGTCGTGCCAATT', 'GTGGTGGAACACTTACTTGAGGTCGACCAGAGGTCGCCCAGTAACCAAGAATTGCCAGGT']
subkernel2_data_train = ['TGTGTTAATATCCGCAGATTTGACATATCCTGGACCAGCTAGCTTCATCGAGTTGCGTTT', 'TCGCCCACATTGCCGACACGGACACGATTGCGCTCGTCTCAAGTACAACTAAGACATCCT', 'TTCAGGTTAAGTCTTGCCTTGAGTCACCGTTTCAAATGTGGGGACCATGGGGTGCCCGTA', 'AATCGGAACAACACAAGAGCGGGCATCGTGGAGTCCGTTGACATACAGGACACACGACCG', 'TTTGATTGGTCACGAAAAATTTAGCTATGGCTTCTCGCCAGAGTAGAACCCGCTGCTGTA', 'GTGCTTACAGGATGCGTGGTGTCCTTAATGCACTGCTGTCAAACACAGTGTTGATCATAA', 'TGAGGCTGGTTGTTGCGTGGCCCCGGAGGTACGGCAGGTAGACTCCTTCCTTGGGACCCA', 'GAACTTGGCACATCTCGATCGAAGTTAGTTCGATTCAGGAACACGCCTTACGTTAAGACT', 'CATTTCGTAGCCTCTGGGAACAACGTGTATATGGCCCGCGTCTTTTACGGAACAGGTACA', 'TCAGGGGACACATGCAGTTTGCGCCTTCATATCTGGTACACCCGTTAATCAGTGTTTGCC', 'TGCGAACCCGGGTGGTAAATCCGTAAAGCAAAGAGATCCGGGTTAAAAAGTTGCTCCCGC']
subkernel0_feature_type = 'Char'
subkernel1_data_type = ''
subkernel1_kparam2_inhomogene = 'True'
subkernel2_data_type = ''
subkernel0_data_train = ['GAGTGCGCTGGTCCGACGTATAATAACACAGCTCGTGATAGCTACCCGTCGCTCTTTTCC', 'GCTGTTTCAGAGTCCTTTTATAGGACTGGCCGACCCTTCATTTGCACATACCGCATATTG', 'TGGTGAATCAACGCGCCGCTGGTCACAAAGCCGCTGTAATGTTGCAACTTAGCCTGATCC', 'TCGCGGATTTGTGAAAAATTTTGCAGCTCCCTATTCATCGACCATTTTATATTCCGTGGA', 'AGTTAAGGACCAGTGTGAGCCTGACTGATTGCTTCGTACGCCGCAGGAAAACGTGGCGGC', 'CTTGCCCCGACTGCACCAGCCCTCGAAAAAGCGCGGGATAGACTATTTGTGACTAATCTT', 'CCGCGCGGGTTAGCGGTTTCCAGTGGTGTATTACAGGGCTCGGTCACAAGGAGCGCGTCG', 'CGTACGCACCGTTCTCCAATGCTGAACATTAGCCGGATAAGGCATTGCATGTTACGATCA', 'TAGAAGGCCCCACGACGACGCAATTTATATTCCTTTAGTACTTCGAATAGCACCCCGAAA', 'GATCTCCGTGATGAACCTGAGCGGCTCTGGTTGGTGCTAAAACGAGCGCAGAGAAATCGA', 'TGATGGTAACCGATAACCCACTCCTGCTAGTTGTGCTAGAGAGGACGACCATCTTAGCGG']
subkernel0_data_type = ''
subkernel0_data_test = ['GTGAGGTTCCTGTTAATAACTCTAAGCAGACTCAACTACGTCTGTAATGTCTCGTAATTG', 'GTATACACGGAGATTCGCACTGATGTGGAATATGAAATCCCACATCCCCTGAGAATTTCG']
subkernel0_data_class = 'dna'
accuracy = 1e-08
subkernel1_kparam0_size = '10'
data_type = ''
subkernel1_alphabet = 'DNA'
subkernel0_alphabet = 'DNA'
subkernel2_data_test = ['GTCCATGCTTGTAGATTAAAAAATTACTGTAATGTCGAGAGGCACATGTAGGTACATCTC', 'ACCAACGAATCATTCCAAGACTTAGCTCAACCTGCCATTTTAAGTAATACGAATGTCAGG']
subkernel2_data_class = 'dna'
subkernel2_seqlen = 60
subkernel1_name = 'PolyMatchString'
subkernel1_seqlen = 60
subkernel2_accuracy = 1e-08
subkernel1_accuracy = 1e-10
subkernel1_feature_class = 'string'
subkernel2_kparam0_size = '10'
subkernel0_kparam0_size = '10'
subkernel1_data_test = ['AGTGCCTGGTGTTTCTAGAGATTCCCCCGGCGCCGCTATTTCAGCTATCCTCATTCCTTA', 'TTGGACATAATTTAACAACTCGGCGAAGATAGCAAGTTCTGGCGTCTGAACGTATTATTG']
km_test = [1.03992544, 1.04339131;1.01689395, 1.01278765;1.02253062, 1.00395628;1.01828575, 1.00360288;1.05931883, 1.01298914;1.03497946, 1.04026631;1.03012848, 1.01639351;1.01067317, 1.01293402;1.03908958, 0.988549926;1.00948442, 1.07130663;1.04284055, 1.02564702]
subkernel1_feature_type = 'Char'
subkernel1_kparam1_degree = 3
subkernel2_alphabet = 'DNA'
data_class = ''
