km_train = [2.99909996, 1.02822047, 0.994861263, 1.0435522, 1.04145974, 1.07430236, 1.11180236, 1.03522712, 1.01472249, 1.12454331, 1.0382023;1.02822047, 3.01186798, 0.999699684, 0.999818232, 1.00516249, 1.02540278, 1.00565425, 1.05660033, 1.09866302, 1.02770299, 1.02133318;0.994861263, 0.999699684, 3.00025982, 1.01659786, 1.00225644, 0.985647576, 1.01035997, 1.03731958, 1.03643607, 1.00001047, 1.00255839;1.0435522, 0.999818232, 1.01659786, 3.00225592, 1.04139535, 1.03467732, 0.990516742, 1.01398713, 0.971212741, 1.03062028, 1.02436893;1.04145974, 1.00516249, 1.00225644, 1.04139535, 2.98634796, 1.05400533, 0.983746647, 1.01873775, 0.965480307, 0.995056709, 1.07077698;1.07430236, 1.02540278, 0.985647576, 1.03467732, 1.05400533, 2.99064776, 1.02922328, 1.05717915, 0.999866196, 1.02955465, 1.00519756;1.11180236, 1.00565425, 1.01035997, 0.990516742, 0.983746647, 1.02922328, 2.974586, 1.05594481, 1.10727373, 0.991301256, 1.04504793;1.03522712, 1.05660033, 1.03731958, 1.01398713, 1.01873775, 1.05717915, 1.05594481, 3.04945434, 1.03785984, 1.05298754, 1.08941168;1.01472249, 1.09866302, 1.03643607, 0.971212741, 0.965480307, 0.999866196, 1.10727373, 1.03785984, 2.9530614, 1.01303472, 0.985200802;1.12454331, 1.02770299, 1.00001047, 1.03062028, 0.995056709, 1.02955465, 0.991301256, 1.05298754, 1.01303472, 3.01224926, 1.01550169;1.0382023, 1.02133318, 1.00255839, 1.02436893, 1.07077698, 1.00519756, 1.04504793, 1.08941168, 0.985200802, 1.01550169, 3.0201696]
subkernel1_data_class = 'dna'
subkernel0_accuracy = 1e-09
subkernel2_feature_class = 'string'
subkernel0_kernel_arg1_degree = 3
subkernel1_kernel_arg0_size = '10'
subkernel0_seqlen = 60
subkernel2_feature_type = 'Char'
subkernel0_feature_class = 'string'
subkernel2_name = 'LinearString'
subkernel0_name = 'FixedDegreeString'
feature_type = ''
subkernel1_data_train = ['CTCATACAAAAAATGCCGTATGTCACTAGCTACTTCTACAGATCAAGCTCAATCTGCTTC', 'TGCTATCGACCTAAACGTGCGGTTCTTAGTCGTGGTACGTGCCCGCAAACTTGGTGAACA', 'AAGGTCAGTTGAGAGGTCTGCCGGGACTTAGTGATAACTGTACATCGACCATTTCAGAAC', 'GTCGCCTAACACCAGCAGTGATCATTCTGGCCACTCTCTATATGATCAGAACATATGGTG', 'CACATTGTTACGGACGCAGCCGCCTCTTGGTCACACGGGGGGTCCCATTAAGATGAATAC', 'ATCGTAGAAATTACTGCAAGGAATACAAATCCTGTATGGCGCTCAGCTTATCAGAGACTC', 'CGAGTACACCGACGCCACGTTAACACATTATAGCAAGTCCTTCCGTGGGCGCACTGCCGT', 'TGGGTAATCCTTTGTCCTGATCACAGTACTTTCTCACAGTAGTACGTAGGTTTGGTAGCA', 'GCAGATCGAACCTCACACCGGAGTCTGACAGTAGAAAAGTATAATCGGTCCAACTGCCGA', 'CTCTCCTTAAAATGGCTTGAGATTGCAAGCGGCACTCTACCGAATAACTTTAGTAGCGTG', 'TTGCTACCGTCTCGATCAGCTAAAAGTGGGTGATAGAGGAGGCTTATCGGCACTATTAGT']
subkernel2_data_train = ['CTCATACAAAAAATGCCGTATGTCACTAGCTACTTCTACAGATCAAGCTCAATCTGCTTC', 'TGCTATCGACCTAAACGTGCGGTTCTTAGTCGTGGTACGTGCCCGCAAACTTGGTGAACA', 'AAGGTCAGTTGAGAGGTCTGCCGGGACTTAGTGATAACTGTACATCGACCATTTCAGAAC', 'GTCGCCTAACACCAGCAGTGATCATTCTGGCCACTCTCTATATGATCAGAACATATGGTG', 'CACATTGTTACGGACGCAGCCGCCTCTTGGTCACACGGGGGGTCCCATTAAGATGAATAC', 'ATCGTAGAAATTACTGCAAGGAATACAAATCCTGTATGGCGCTCAGCTTATCAGAGACTC', 'CGAGTACACCGACGCCACGTTAACACATTATAGCAAGTCCTTCCGTGGGCGCACTGCCGT', 'TGGGTAATCCTTTGTCCTGATCACAGTACTTTCTCACAGTAGTACGTAGGTTTGGTAGCA', 'GCAGATCGAACCTCACACCGGAGTCTGACAGTAGAAAAGTATAATCGGTCCAACTGCCGA', 'CTCTCCTTAAAATGGCTTGAGATTGCAAGCGGCACTCTACCGAATAACTTTAGTAGCGTG', 'TTGCTACCGTCTCGATCAGCTAAAAGTGGGTGATAGAGGAGGCTTATCGGCACTATTAGT']
subkernel0_feature_type = 'Char'
subkernel2_kernel_arg0_size = '10'
subkernel1_data_type = ''
subkernel1_kernel_arg2_inhomogene = 'True'
subkernel2_data_type = ''
subkernel0_data_train = ['CTCATACAAAAAATGCCGTATGTCACTAGCTACTTCTACAGATCAAGCTCAATCTGCTTC', 'TGCTATCGACCTAAACGTGCGGTTCTTAGTCGTGGTACGTGCCCGCAAACTTGGTGAACA', 'AAGGTCAGTTGAGAGGTCTGCCGGGACTTAGTGATAACTGTACATCGACCATTTCAGAAC', 'GTCGCCTAACACCAGCAGTGATCATTCTGGCCACTCTCTATATGATCAGAACATATGGTG', 'CACATTGTTACGGACGCAGCCGCCTCTTGGTCACACGGGGGGTCCCATTAAGATGAATAC', 'ATCGTAGAAATTACTGCAAGGAATACAAATCCTGTATGGCGCTCAGCTTATCAGAGACTC', 'CGAGTACACCGACGCCACGTTAACACATTATAGCAAGTCCTTCCGTGGGCGCACTGCCGT', 'TGGGTAATCCTTTGTCCTGATCACAGTACTTTCTCACAGTAGTACGTAGGTTTGGTAGCA', 'GCAGATCGAACCTCACACCGGAGTCTGACAGTAGAAAAGTATAATCGGTCCAACTGCCGA', 'CTCTCCTTAAAATGGCTTGAGATTGCAAGCGGCACTCTACCGAATAACTTTAGTAGCGTG', 'TTGCTACCGTCTCGATCAGCTAAAAGTGGGTGATAGAGGAGGCTTATCGGCACTATTAGT']
subkernel0_data_type = ''
subkernel1_kernel_arg1_degree = 3
subkernel0_data_test = ['CTAGCCATAAAAACAGCTCCCGCCAGGTGTCCTCTATCAGCAAAATTCTACGGCTGCTTT', 'CCTCCGGGCTTACTCCTTCGGGACTGTTGCTACGACCTACTAATTCGGAGATCCGTAAGT']
subkernel0_data_class = 'dna'
accuracy = 1e-08
init_random = 42
data_type = ''
subkernel1_alphabet = 'DNA'
subkernel0_alphabet = 'DNA'
subkernel2_data_test = ['CTAGCCATAAAAACAGCTCCCGCCAGGTGTCCTCTATCAGCAAAATTCTACGGCTGCTTT', 'CCTCCGGGCTTACTCCTTCGGGACTGTTGCTACGACCTACTAATTCGGAGATCCGTAAGT']
subkernel2_data_class = 'dna'
subkernel2_seqlen = 60
subkernel1_name = 'PolyMatchString'
subkernel1_seqlen = 60
subkernel1_accuracy = 1e-10
subkernel2_accuracy = 1e-08
name = 'Combined'
subkernel0_kernel_arg0_size = '10'
subkernel1_feature_class = 'string'
subkernel1_data_test = ['CTAGCCATAAAAACAGCTCCCGCCAGGTGTCCTCTATCAGCAAAATTCTACGGCTGCTTT', 'CCTCCGGGCTTACTCCTTCGGGACTGTTGCTACGACCTACTAATTCGGAGATCCGTAAGT']
km_test = [1.1780382, 1.07365099;1.02315682, 1.01476156;0.994915861, 1.03191982;1.04619848, 1.00820246;1.06614745, 1.03100607;1.08134766, 0.992847009;1.02718422, 1.02881803;1.03490021, 1.06032285;1.02224063, 1.04414815;1.08969733, 1.07753855;1.00024081, 1.03594373]
subkernel1_feature_type = 'Char'
feature_class = ''
subkernel2_alphabet = 'DNA'
data_class = ''
