km_train = [66.133, 53.740645, 53.8178133, 53.2712869, 54.5528008, 53.898645, 52.9512184, 54.6821105, 55.6088864, 54.7594938, 53.0661277;53.740645, 66.003, 52.706162, 52.3428691, 54.8348864, 53.7700891, 53.1740422, 54.2531053, 52.9745283, 53.249645, 52.8105283;53.8178133, 52.706162, 64.313, 53.7648691, 53.2544598, 52.1577011, 54.5688133, 53.2492869, 54.0458691, 53.984613, 52.8419425;53.2712869, 52.3428691, 53.7648691, 63.891, 52.2319114, 51.7692869, 53.3580456, 53.4042869, 52.9753518, 52.2941298, 51.4341105;54.5528008, 54.8348864, 53.2544598, 52.2319114, 66.612, 55.1874598, 53.3872184, 54.2232869, 55.0851277, 54.8990891, 53.8485719;53.898645, 53.7700891, 52.1577011, 51.7692869, 55.1874598, 63.005, 53.0848008, 53.2158133, 53.857645, 53.7162869, 53.4260422;52.9512184, 53.1740422, 54.5688133, 53.3580456, 53.3872184, 53.0848008, 63.482, 53.1237011, 53.8308691, 52.025645, 52.8272452;54.6821105, 54.2531053, 53.2492869, 53.4042869, 54.2232869, 53.2158133, 53.1237011, 64.359, 54.1982184, 53.7983305, 52.7082835;55.6088864, 52.9745283, 54.0458691, 52.9753518, 55.0851277, 53.857645, 53.8308691, 54.1982184, 64.984, 54.2988691, 54.2972869;54.7594938, 53.249645, 53.984613, 52.2941298, 54.8990891, 53.7162869, 52.025645, 53.7983305, 54.2988691, 65.492, 53.5056938;53.0661277, 52.8105283, 52.8419425, 51.4341105, 53.8485719, 53.4260422, 52.8272452, 52.7082835, 54.2972869, 53.5056938, 64.741];
subkernel1_data_class = 'dna';
subkernel0_accuracy = 1e-09;
subkernel2_feature_class = 'string';
subkernel0_kernel_arg1_degree = 3;
subkernel1_kernel_arg0_size = 10;
subkernel0_seqlen = 60;
subkernel2_feature_type = 'Char';
subkernel0_feature_class = 'string';
subkernel2_name = 'LocalAlignmentString';
subkernel0_name = 'FixedDegreeString';
feature_type = '';
subkernel1_data_train = {'TACATCCCTCTAAGTAAAGCTAACGGATCGGATTCGCGCTAACAGATAGGTTTTCTTAGA', 'GCGGTGTCCCCCGGGCCGACAAAAAGACTTCTCATTCGGAACTATACGGACGAAGGAGTA', 'GAAACTCGCAGTTTCTAGTACGGATGAATAAGGGCTTCGTGGAGGGTAAAGAGCCATGTG', 'AATGAGCCATACCAGACTCCCGTATTGAAGTGAAGGAACGGTGAGTTTCTTGCTCAAGCA', 'GTGAGACCTCACCTTAAATAAGAACCGTACTTCGAGTGCAGGGAGGAACGGTCTGCACTC', 'CATCCCCCGTTTATAATTGTTGGTAATCACCTGGTTGTCAAGGGGAAGAGGGCGTTTGAG', 'TACAGCATGCCCCCGTGCGTAAGGAGGTATAGGCTAGAGATTTAGATGGGAGCTTGTCTC', 'GGACATAGTACGATCAGCTTCCCCGTCACAGGCCTATCTGATGAAGGGGGTGCTACGCAA', 'GTGGCCACCAAGTTGAGAGTGTGGCTATCATATCTGGCATACGCAAATATAAGAGTATCA', 'ATATGACTGCTATTGTGGGCGCCCACTCGACAAGGACTAAGATGCCGATGAGAAGGGAGA', 'GGGTTTTTTTGAATCTCCGTATTCCAACAATGGATTGTTGGACAAATATGACATTATGAG'};
subkernel2_data_train = {'CGCCCCGTTATCCTCAACTTTTGTATCTAGGTTCGCAAAGTTAAACACGGGCGTCACACA', 'CAGAGAATGAGGCCTACCTTTTTGTTAGGTTTTGAAGCCCTCTTCCTGCACACCGTGTTG', 'CCTTCATCATGGTGGCCTCAACCGCAGTAGGGATGTAGTCCGAGAAGATTGTTCTACGGA', 'CGCTGAAGCACCAGTGTACGGGGGAGGTGGGTTTGAGGTAGCTAGCAGAGTTATCTTACC', 'TCGGTTCGTTACCCACGCGATTGTATACCGCGCTGACTCGGCCCACACCTGTAATGACGT', 'AGGTTCGTGTTAATCACTAGAACATTTAGACGGACTCTTGCTACTCAGGACACTGGAAAC', 'ACATTGATTAGTGCCGCTGAGGACTGAAGGCGAAGATAGCCTCGGGTGGTTCGACCTGGA', 'CTAACGCCGCTACGTTGCAATTTAGGGGTCAAACACGTTCAATGATCTCCGTTGACTGTC', 'GCGTGCCATCTGTTGTAGTCGTTCGCGCGCAAAGTAACGACACACGGAGCTCGGATCGAC', 'GCCCGCAGCCAAATCAAAGACCTCCGCTGCGTGTACTCTATCATCAAGTACAGAAAGTGA', 'GTAAAGGGACTATGACTCTCGTTCGACCACCTGCTACGAGAAATGGGCGCAGAATGGCCG'};
subkernel0_feature_type = 'Char';
subkernel2_kernel_arg0_size = 10;
subkernel1_data_type = '';
subkernel1_kernel_arg2_inhomogene = 'True';
subkernel2_data_type = '';
subkernel0_data_train = {'ACCTATTTCTCAATAGACATGTGTGGGCTGTTAGAGGTAAACTTGTCAATGGCCTATCAG', 'CGGGTGCGGATGTTCGCCTTAGTGTTCCGCGGTCACGCGAGCGCCTAGTGTACCACCGTA', 'CCCTCAGTGGAAACTGACCGCCGAAACACTGGTCTCCCATACCAAACTCAGTACTAGATT', 'TCCATTCGACGCCATTTGGCTGGGTAAGTGCCGGGCTGTACTAGCTCATGAATAGCTTGA', 'TCTCGAGCCAAACTCGAGCTTCTAGACAGCTGAGTTGTTAAACCTCGGAAGGTCTCGGAA', 'ACGAGCTTTGCTACAGGGCATGCGAACAATGCGTATGACCGAGGCTTCTAACGGCAATTG', 'GGACGGATTCGTAGCCTCAAACGAGGCGGCCGTCCCAGCACACAATTAGCCCCGAATGCC', 'CCCCGGGCCCGCTGTGTGTAAGTCAGGCGTTCCCCATCTTATGGCGCGAGCAGGCATGAG', 'CAGTGATCTACGATGAGCATTCGCTTCTCCTGCGCCTGTCGTCAGCATTGTTGAAAACCA', 'AGCTATTGGTATTGCGGGGACCCAACCATTGAGGTGGTAAGAAGCGTCAAAAACCGTTGA', 'GCATCATTCCGGAGTCTTCTAGTAGTCAAGTTCGCACCGTGGATTTCGGAGTAAGCGGCT'};
subkernel0_data_type = '';
subkernel1_kernel_arg1_degree = 3;
subkernel0_data_test = {'GTTTAAACTCTCCTCTATGTACTTACCAGACGCGTAGACAACCTGTGACCCGGCAAAATA', 'GCATGATAATGCATCAGTATGCGTAATGCGGTTCCGCGCACGTCACTCGGATAGAAGCGG', 'GCGGCGTATACCGATTGCTTCGGGCCACGTTGGAGACGCATCAACATCTACGGGTACTAA', 'AGCACGACGTGTCCCTCTTAAACATACATGTTCAAAGAAGGGCTGATTACCATCTGGAAA', 'ACTCTCTTATGTGCAAGTGCTTCAATTCCTTTGAGATCTCTCCGATGGTTGTAAGCCCCT', 'GTTCCCTAATGAATTCCTTTGTCAGGTATCGAGGCAGTCCCTCATGATGGCTACATGGAG', 'TCTCTAGTTCCATGCATGCCCGTTCTCCTCCTATTGACACTCCGGTCTGCCCGATGTACA', 'CTACACTGGCTGCCTGGCAGGGGATTTCCTGGTGGAAATCCTGGCTAAACCGAGAAGTTT', 'GGGGAGCCGACATACTCACAAACTGGACTATCTCCTTATAAGGTCAGCCCACCGGAACAG', 'TGGCCTTCCTATTATTTCAGCACGACAGGATAGTTATTGCAGCTCGAAAAGTGGGCCCGA', 'AGTGTGCGTACACTCCTGGTCGAACCTTTCTGCGAATGCGTGCACTCCCTGGCATTTTTG', 'TGACTCTACCAAATACAGGGCAGTACAAGGACTTTCGCACGCTACACACCCGCGGCTGCT', 'TTGCCGTGTCCTTTTCGTGCCGAGACTCTCTAATTATGTGCCCGCACATGTTGTCACCTG', 'CGGAGTTGCACTCATTGAAAGATTCCGTTAATGAGTATATGCGTTCGGGTACGATGCTCG', 'ACAGCCCATATGGCTCGTTGTGACCCTGATCTTTTAGACGATTCGCTGCCCTAATTTGGG', 'AGACTCTCCGTGTATATCTGATAATAAGTAGGTTTGCAGTGACGGGGATGACTTCAACGG', 'GGAACAAGTTTGGCTAACTTTGGTGTCCTATGTCGCGGTGCTCCATCCTTATTATGGCGA'};
subkernel0_data_class = 'dna';
accuracy = 1e-07;
init_random = 42;
data_type = '';
subkernel1_alphabet = 'DNA';
subkernel0_alphabet = 'DNA';
subkernel2_data_test = {'GGTTCTGGAGTTTACACGCGCCATAATTGAATTGAAAGATAGAGATGATGTTTAATCATC', 'GTTCCCCACGGTGAGTCGACTTGGTTCGCACTTTAGAATCTACGACAGTTTTTGGCTAAT', 'ATGCGTATTAAAAAGCTCCGTGCTCACTAGGTCCCCGGTTTCTAGGTCTTGTAATGGCAC', 'CAAGGAGTCTTAACGCCGATATAAATAGTGCTTCGTTCTCCAAGGACCTTCTCGTCGCCG', 'TCTTCCGGATTCGACTTCGGCAGGAAACGCCTACTGGCAGGACTACCTTTCACGGTCGGA', 'CGTCTGAAACACTGTACCTACGGTACTGCATTGTGAAGCTGTGCCCTATTGCACACAGCA', 'GTGCTGTATCTCTTATAACTCGGTTACAGACTCGCACCTCCTTTTTCTGCCAAAATTGTA', 'TGAACACAACTAAGTCTCACGCGAGCCGGATGATGCAGACCGATCCTGCCCGCGGACACG', 'GTATCCGTCGTTATTGTTCACACGCGTCTATTCCCTTCGACTATTTAAAGGATCACACCT', 'TCGGCGGGGGCTATCAGCTCGCACGGGTGTAACAGGGGTTACCAGGAGGACTGCCAATAC', 'ATACGCCCTTCAATGTGTTTCCGGGAGCGACATCAAGATGCGCTCTGTACGGACCGCCAC', 'ATATCCAGGCATTCGCCACTAGTAATCACCTGCGTAATTAACAGAACTCCTGCCAGCCAC', 'GAATGAGAGGGGAGACTGTACAGAACGATAACTAATCGACCCTTGTCAGGAGCGTGAGGA', 'CTCAAGTGCGGGAGCAGTCTAGACGGTGGTCAACGAAAGAAGTCGATCTTTAGATTTGGG', 'CCGTGTTGCGCACTAGTGGGCATCGGATTATGCGAGAGGTGATGGATTTTCTCAGGCAAC', 'AACTTCTGCCCACGGTCGGTCTTGGATAGCCGTCTGAAGACACGCACCAGGACCCGCCTA', 'GGCGGCGTTGTAGAAGGCGCCCCCGAAGGCACTTGAGACATGGGACGGTCTCGCTAGGAA'};
subkernel2_data_class = 'dna';
subkernel2_seqlen = 60;
subkernel1_name = 'PolyMatchString';
subkernel1_seqlen = 60;
subkernel1_accuracy = 1e-10;
subkernel2_accuracy = 1e-08;
name = 'Combined';
subkernel0_kernel_arg0_size = 10;
subkernel1_feature_class = 'string';
subkernel1_data_test = {'GATACATTACATATTGACCGGGCTACTAGTGAACATGCTGCCATGTCTATTCTTTCCTTC', 'TATACCCGGCATCGGTGATTCTGCCGAAACCGCTCCACAGTACATTACTCGCGTTTCCCT', 'GCAGTGAACTTTGGGGGCGACTTGATGCGCCTAAACAAAACAGGAGTTATCACCGGGACC', 'CTTTGCCCCTCCTTCGAGAAGCGTAGGAGGGTGTGACAGGCACAGTTAGGTGACGGTATA', 'TTGGAAAAGATCGGCACTGCTAGCGTTCATCAGCATCCGTAGTACAGTATTCGATGGGGT', 'GTGATGGTACAGTTCTTGAGTTGTAATAACGGCTTCCGGCCCACGGTCTACTGCGTGTTG', 'GACGTCTCGCCTCAGGTTAGGTTGGACGGGGCGAAATATACTGACTCGCCAGGCTTTACT', 'AATCCCTCTGGCAGCTCGCTCCTGGGGCATAGACAGGACTCTTTTCTTTATTTAATGCTA', 'CCCCAAGTGCATTCCGTCGGTATCGGCGCACGATACAGCCAATGCATATCCGTCCCTGAA', 'ACAGACGCAAATGACCGGCCAGTTAGGTCGAGCTTCGACCATAGTTTATCTGTAGTTATA', 'GGAATCATTGAAGGGTCATGGTTGCTGCGCTCTTTGTCATCAAATGATCTCGCCTATGCG', 'AGTAGCGACTAGGGGGATTACTTTTATTCCCGCAACCTATTTGACATCGTTTGCGATGAT', 'CTTTAATTCCATAAGATAAGCACCTATGAAGACAGGAGTATGTATGGGATGAAAGGCCGG', 'ACATGTCTGCAGTAAGTGCCCTTGCTGTGTTCTATTCGGTTGTCACGAGCTAGGTGTTGC', 'TGCGTTTCCAATCGGTACCCTTCTCTATCACCGAGGGTAGTGGGCGTATACTTTTCGCCC', 'GGTGAGCCTGTGGTAAACATGGCCCGCGGTATGGCCATCTCAGATTGGGTCTGTTTGAGG', 'TAGATAGCCTAAAGGCGATTTTCCGACACGAAGATAGCACGTGAACACTGGGTATTACTT'};
