init_random = 42;
data_type = '';
km_train = [1, 0.401785714, 0.501485887, 0.458170967, 0.535714286, 0.534522484, 0.496342306, 0.495600591, 0.513534354, 0.425210032, 0.504524979;0.401785714, 1, 0.646145278, 0.468131205, 0.508928571, 0.467707173, 0.410436907, 0.513956169, 0.612637475, 0.557497598, 0.48650623;0.501485887, 0.646145278, 1, 0.473364631, 0.655789237, 0.453632354, 0.484561833, 0.456004662, 0.574142971, 0.500104156, 0.583874208;0.458170967, 0.468131205, 0.473364631, 1, 0.37848906, 0.66017245, 0.574988908, 0.645009873, 0.442216639, 0.653537383, 0.341712857;0.535714286, 0.508928571, 0.655789237, 0.37848906, 1, 0.419981952, 0.544067528, 0.43135607, 0.513534354, 0.406311808, 0.432449982;0.534522484, 0.467707173, 0.453632354, 0.66017245, 0.419981952, 1, 0.591836735, 0.529819318, 0.433414197, 0.626294578, 0.500834184;0.496342306, 0.410436907, 0.484561833, 0.574988908, 0.544067528, 0.591836735, 1, 0.5984996, 0.48157133, 0.494974747, 0.404519917;0.495600591, 0.513956169, 0.456004662, 0.645009873, 0.43135607, 0.529819318, 0.5984996, 1, 0.41673813, 0.466217214, 0.333390504;0.513534354, 0.612637475, 0.574142971, 0.442216639, 0.513534354, 0.433414197, 0.48157133, 0.41673813, 1, 0.457662043, 0.545454545;0.425210032, 0.557497598, 0.500104156, 0.653537383, 0.406311808, 0.626294578, 0.494974747, 0.466217214, 0.457662043, 1, 0.400454287;0.504524979, 0.48650623, 0.583874208, 0.341712857, 0.432449982, 0.500834184, 0.404519917, 0.333390504, 0.545454545, 0.400454287, 1];
seqlen = 60;
data_test = {'GGTATCAAACCGACTGGAAACATCTAGGTTCGCGAGCTGCCGCAATGAAGAAGCTTCCTC', 'GGACTCCTAAGCGACATCCAACAGCTGCAGGATAAATGTACCTAAATCCCTTGCATCCCT'};
gap = 0;
feature_obtain = 'Char';
feature_type = 'Ulong';
reverse = 'False';
name = 'CommUlongString';
data_train = {'ATTCATTTTCTAGACACATTCCCATGGCGCAAAATGCCACCATACTTTATATCCGGCGTC', 'TATAGCGGTTTGTAAATGATTTAGTCGTTGAATGGTCGTCGATAAACAGCTAAGAGTATA', 'CGCAGATGGTCCCTTGATTACGTAGACAAGCCATGAAAACAGCACTAAAATAGCTGTGAG', 'ATTGGTCAACGGGACGCCGAAATCTTCCTCGGTAGGCGCGTGCTTAGCCTCTAGTTTACG', 'CCAAACAGAACCCCGTGTGTGAGAATGTCACAAATTCATGGTCTCACCATAGCTCGATGA', 'GTTTCAGCGTTACTACCGACAATCGGTCATTGCCCTTGAGGTCCTTGGCCGCGGTACCCA', 'TAGAGACATTCCCGTCCTCGGTGGGGACTGTGACTTCACCGGCGATAGGTAACTCGCCCC', 'CAACGCACTCGCGGAGACACGCGGGTCTCGAATACTTGCTTTCGATATTTGACAACGTCC', 'CTACAAAGATGATAGATGTATATCATAATGTTAGGCGGCTGGGCGGTCACTGATCTTGGA', 'AGCAAACGTCCCCTATCGGTGTTTGGGAGTCGTCATCTTAATCCTAGGCCTGGAGCTTTG', 'ACATGGGCGTACCCAGGTAAGTCTGCTACAGATATGCAGCTGCATAACCTACCTGATTCC'};
feature_class = 'string_complex';
km_test = [0.458170967, 0.461026463;0.458170967, 0.38273895;0.602464076, 0.601316822;0.622222222, 0.417259465;0.547813113, 0.38273895;0.532397137, 0.49285802;0.532397137, 0.455661188;0.532389101, 0.366597856;0.462317395, 0.403757391;0.516505351, 0.607579248;0.482418151, 0.649522759];
kernel_arg0_use_sign = 'False';
alphabet = 'DNA';
accuracy = 1e-09;
order = 3;
data_class = 'dna';
