init_random = 42
data_type = ''
km_train = [1, 0.435664919, 0.52, 0.599414919, 0.651694624, 0.598224323, 0.435664919, 0.577350269, 0.592484376, 0.480484531, 0.55810526;0.435664919, 1, 0.534679673, 0.510046977, 0.433012702, 0.520842199, 0.539215686, 0.533551154, 0.452006666, 0.436913796, 0.600245048;0.52, 0.534679673, 1, 0.580683203, 0.523070685, 0.495082198, 0.425763443, 0.442635206, 0.475930073, 0.480484531, 0.461880215;0.599414919, 0.510046977, 0.580683203, 1, 0.554149838, 0.492667398, 0.500773396, 0.369504348, 0.445749353, 0.468382953, 0.432590456;0.651694624, 0.433012702, 0.523070685, 0.554149838, 1, 0.424529483, 0.33112736, 0.34655164, 0.458078916, 0.327927987, 0.363054099;0.598224323, 0.520842199, 0.495082198, 0.492667398, 0.424529483, 1, 0.459566646, 0.466468212, 0.64115512, 0.66751855, 0.466468212;0.435664919, 0.539215686, 0.425763443, 0.500773396, 0.33112736, 0.459566646, 1, 0.562134251, 0.442389503, 0.456332187, 0.666938942;0.577350269, 0.533551154, 0.442635206, 0.369504348, 0.34655164, 0.466468212, 0.562134251, 1, 0.457963926, 0.566138517, 0.62037037;0.592484376, 0.452006666, 0.475930073, 0.445749353, 0.458078916, 0.64115512, 0.442389503, 0.457963926, 1, 0.419066625, 0.588810762;0.480484531, 0.436913796, 0.480484531, 0.468382953, 0.327927987, 0.66751855, 0.456332187, 0.566138517, 0.419066625, 1, 0.424603888;0.55810526, 0.600245048, 0.461880215, 0.432590456, 0.363054099, 0.466468212, 0.666938942, 0.62037037, 0.588810762, 0.424603888, 1]
seqlen = 60
data_test = ['GCAATTCACCCCACGGGAACCCCGTTATGAATGAGACTAACCCTACGGGTCCGCGGACCT', 'GACAATCGGGGTATGTTACTGACAGCTCTCTAGCCTCGGATGTGACACAACGTTGCCAGG']
gap = 0
feature_obtain = 'Char'
feature_type = 'Ulong'
reverse = 'False'
kernel_arg1_normalization = 2
name = 'CommUlongString'
data_train = ['ATTCATAGTCTACGAGGAGACCTCTGCTGGCCATGGCACGCGGGAGCCTACCAATACTAT', 'TATCTTGTTCGCATTCTCAGCTGCCCGACAGGCAATGAAGGTGACCACAGCTGACAGTAG', 'GGAAATCCCCTTCCCGATTCTGTATACCATACGTGTTCGAGGTTGCTGCCAAAGGTGCAC', 'TGCCCTCACATCGGTAGGGCTCCCTGGGGGCTGCGACCATGATACGTCTTGCTGGTGCTA', 'ACCTCTTCTCATAGGCTCTTAGGACTACCAATGCCTACCCTCCCCTGCCTAGTTTATTTC', 'TATACGCTTCGCTGTACGTGTCAGCTATCTTCAAGAGGGCGGTTTTAACGGACTAGCATC', 'TTAGAAATACATGGCACACTCTCAGAGGTCCGTGGGGTAAGGTAACATCAGCAACCCGTC', 'GTTCGAGAGACCGCAAACGAACGACACACCGGGCGGACCTCAGAGTAATGCAGGATATAG', 'ATCACTTTTCCATTAAAATGACTACTATTACCATGCTTCACACGCGTACGACGGGCAAGT', 'AGGACGGCTATAAGTGCTCATGTTATAACGGGATCAGTCGGAAGCCCGTCGATATCCGCA', 'GCCCGCACAAAACGCACCACATGGTCCTATGGACATCTTCGCGAAGCTCAATACACAGAG']
feature_class = 'string_complex'
km_test = [0.525107327, 0.466217214;0.38546811, 0.721287233;0.470785879, 0.417652921;0.423972476, 0.55491246;0.504619451, 0.474736331;0.429550263, 0.520938535;0.466147482, 0.519326807;0.609826436, 0.504694939;0.53641015, 0.443396226;0.488276817, 0.485736315;0.496572955, 0.560772154]
kernel_arg0_use_sign = 'False'
alphabet = 'DNA'
accuracy = 1e-09
order = 3
data_class = 'dna'
