data_type = ''
km_train = [1, 0.544472965, 0.500446495, 0.404610749, 0.475282124, 0.326509296, 0.531988208, 0.273109943, 0.358363862, 0.31925035, 0.458189883;0.544472965, 1, 0.497026733, 0.466141213, 0.424830888, 0.532132486, 0.612889373, 0.343246532, 0.4679096, 0.556669941, 0.472303214;0.500446495, 0.497026733, 1, 0.660730281, 0.505827085, 0.511639876, 0.632413269, 0.677671846, 0.471511258, 0.586956522, 0.617707663;0.404610749, 0.466141213, 0.660730281, 1, 0.484076231, 0.383319474, 0.475409836, 0.561321625, 0.339760443, 0.481389205, 0.510029323;0.475282124, 0.424830888, 0.505827085, 0.484076231, 1, 0.619300446, 0.349610611, 0.485172296, 0.476384959, 0.464535078, 0.615498438;0.326509296, 0.532132486, 0.511639876, 0.383319474, 0.619300446, 1, 0.374607668, 0.577350269, 0.444444444, 0.541736339, 0.448617723;0.531988208, 0.612889373, 0.632413269, 0.475409836, 0.349610611, 0.374607668, 1, 0.425518006, 0.304913218, 0.604096257, 0.369331579;0.273109943, 0.343246532, 0.677671846, 0.561321625, 0.485172296, 0.577350269, 0.425518006, 1, 0.538860251, 0.542137477, 0.427365779;0.358363862, 0.4679096, 0.471511258, 0.339760443, 0.476384959, 0.444444444, 0.304913218, 0.538860251, 1, 0.43138264, 0.514041141;0.31925035, 0.556669941, 0.586956522, 0.481389205, 0.464535078, 0.541736339, 0.604096257, 0.542137477, 0.43138264, 1, 0.475938691;0.458189883, 0.472303214, 0.617707663, 0.510029323, 0.615498438, 0.448617723, 0.369331579, 0.427365779, 0.514041141, 0.475938691, 1]
seqlen = 60
data_test = ['CTGTCATGGCACTGCTAGTGCCGCCGAAACACACGATTTTTGGTGAATATTCGAGCCTGT', 'ATGACCTGGCATAGAAATTCTAATAGCGTTACAGAGGCGGTATACTCGGTCTCTCTGACC']
gap = 0
feature_obtain = 'Char'
feature_type = 'Ulong'
reverse = 'False'
kernel_arg1_normalization = 2
name = 'CommUlongString'
data_train = ['ATCACCCCCGGCTCTCTGCGGAACCCCGCACGTGAACCGGGTACCACCACACAAAGGCTA', 'GGCACCTACAATTTTGTTTGCCGTCGCACACTGGGTCCGACAGGCTCTTGACCACAGTTC', 'GACACGGGGCGAAGCAGTGCTCTATAATTCATCATACATTACCGGTATAGGCGCTTGATC', 'GCGGTACGTGACGGCTCCGACGGACGAGCGCCATTTCCAGCTACCATATTACATTTGCCG', 'GGAGTCCGCCGAAGTGTATAATACGACTCGGCAAAACTGAACTGGAATTCTCGGCGACCC', 'GATTTGGCTAAGAATGACTGGGCCTCCGAATTGGCAATCGTCAATTCTTGAAAAGCGGTT', 'TACGGGCAGAGATATCACCGTATTGGCCAGTACCGCACAGGCTAGATTCACACGTAGTTC', 'TCCATCCTTACGCGGTCTAGAAGCTAAATTGGATCGGGGCGAGATAACTTATATTTTATT', 'ATGATCCTGCCTATTCCACTGTCGAACTTATCTTCTTTCAAGGTGCGCGAGGTGTCTCAC', 'CAAGTAGGATGATACTCGACAACGCAGCAGCCTTTCAGATGGGCTTTAATTGCACGGTAA', 'ATAGTCGCCCACGTCTGGCATATAAGGCTCGCATCGAATGCTGCGACGGTGTGCTGACCT']
feature_class = 'string_complex'
km_test = [0.405767171, 0.434074626;0.654462893, 0.463042367;0.500939752, 0.637960373;0.488276817, 0.466061278;0.592260924, 0.605881275;0.556702875, 0.560772154;0.479399056, 0.457267669;0.441261304, 0.534207224;0.594445443, 0.457963926;0.521386273, 0.475938691;0.628599937, 0.575471698]
kernel_arg0_use_sign = 'False'
alphabet = 'DNA'
accuracy = 1e-09
order = 3
data_class = 'dna'
