init_random = 42;
data_type = '';
km_train = [1, 0.403396859, 0.479149342, 0.248089893, 0.434292497, 0.672482639, 0.496572955, 0.372865933, 0.425518006, 0.44812908, 0.518822932;0.403396859, 1, 0.476384959, 0.523936832, 0.454754297, 0.459664457, 0.46685726, 0.436913796, 0.425763443, 0.420084025, 0.43277234;0.479149342, 0.476384959, 1, 0.427343368, 0.658002144, 0.580727623, 0.425925926, 0.452910814, 0.529237747, 0.379087698, 0.486002534;0.248089893, 0.523936832, 0.427343368, 1, 0.405046294, 0.368477763, 0.518267489, 0.528140138, 0.576395821, 0.639517972, 0.596556267;0.434292497, 0.454754297, 0.658002144, 0.405046294, 1, 0.559097307, 0.461583593, 0.570456548, 0.469485534, 0.484561833, 0.53530982;0.672482639, 0.459664457, 0.580727623, 0.368477763, 0.559097307, 1, 0.55392481, 0.36417852, 0.445668812, 0.440814453, 0.495998956;0.496572955, 0.46685726, 0.425925926, 0.518267489, 0.461583593, 0.55392481, 1, 0.575574159, 0.47150272, 0.583211844, 0.523387344;0.372865933, 0.436913796, 0.452910814, 0.528140138, 0.570456548, 0.36417852, 0.575574159, 1, 0.598154212, 0.633943081, 0.533357522;0.425518006, 0.425763443, 0.529237747, 0.576395821, 0.469485534, 0.445668812, 0.47150272, 0.598154212, 1, 0.646497629, 0.456504355;0.44812908, 0.420084025, 0.379087698, 0.639517972, 0.484561833, 0.440814453, 0.583211844, 0.633943081, 0.646497629, 1, 0.5984996;0.518822932, 0.43277234, 0.486002534, 0.596556267, 0.53530982, 0.495998956, 0.523387344, 0.533357522, 0.456504355, 0.5984996, 1];
seqlen = 60;
data_test = {'AGGTACGAGCAAAGCAACCAGGAGTATGATAACCAGCAGTCTACTGGCTATGGTACAATT', 'GCCTGGCTGCGCATAGCCCTCAGAAAACCATATGATCCCGCAAGAACTCCTAGTTACATT'};
gap = 0;
feature_obtain = 'Char';
feature_type = 'Word';
reverse = 'False';
name = 'CommWordString';
data_train = {'TCTCCTGCACAGTAGATAATCCAGTGTTTAGTAAGCTGATTTTGCTGTTGACTTTTGCGG', 'AGTTTCTACGTGCCTATCGAGGTTGCTCATTGTACGTCGTAAACGACCGGAACTATCGGG', 'GTCGCCCCCCGGTGTCAGCTAGCGGGCAGAACTTTTAAGTTGCCTTATTCTATATGTCCC', 'ATCTATGGCGAGGAGGAGCCAACGACCTTGGGTTCGCCTGAGCAAAGAAGAGCTACTATG', 'GGCAAAGGGTCCCTTGTTACTGACCATTTCACCCGGATGCGACCCCGGTCAGCTCATCTT', 'ACTAAGGTTTTTTCCAGTTTAGCGCGTTGACGTCCTTCCATTATAACCCTGTCCGATGAC', 'AGGAGACTAACTCAAATCAAAAGCGCGCATCCTTTAATGTCGTATTTTGAATCCTGGAAT', 'AGCGCGCCCGAGACATGGCAAATTGTGCCTCACTGCGAGGTTCACGGTCAATGGTGTAAT', 'AGCCCGAGTAACTACTGGGAACTTTAGGCCACACAAGCATTTCGCACGGTGGCAGCGCGA', 'GTGTACTTTCGATAATGCGCCAAGAGCAATGATCTACCGCACTCCAAAGGTACAGCGAGG', 'CTACTGAGGAGTAGCTCAATTCCTTAATATACTGCTCAGCGAGGTGATGAGTTAACCCCT'};
feature_class = 'string_complex';
km_test = [0.369865452, 0.462013294;0.450471168, 0.38401474;0.393107929, 0.549971941;0.657996006, 0.501485887;0.42643015, 0.552083333;0.344827586, 0.492763728;0.419910743, 0.559792868;0.446118687, 0.470376452;0.603509849, 0.540928985;0.722185381, 0.494871659;0.613235073, 0.55513611];
kernel_arg0_use_sign = 'False';
alphabet = 'DNA';
accuracy = 1e-09;
order = 3;
data_class = 'dna';
