name = 'CommUlongString'
data_type = ''
km_train = [1, 0.0667037346, 0, 0.0500278009, 0.0491869377, 0.0500278009, 0.0161290323, 0.0667037346, 0, 0.0491869377, 0.0166759336;0.0667037346, 1, 0, 0.0172413793, 0, 0.0344827586, 0, 0.0689655172, 0, 0.0678063504, 0;0, 0, 1, 0.0166759336, 0, 0, 0, 0.0500278009, 0.0166759336, 0.0163956459, 0.0166759336;0.0500278009, 0.0172413793, 0.0166759336, 1, 0, 0.0172413793, 0, 0.0344827586, 0.0344827586, 0.0169515876, 0;0.0491869377, 0, 0, 0, 1, 0, 0.0327912918, 0, 0.0339031752, 0.0166666667, 0.0169515876;0.0500278009, 0.0344827586, 0, 0.0172413793, 0, 1, 0, 0.0344827586, 0, 0.0339031752, 0;0.0161290323, 0, 0, 0, 0.0327912918, 0, 1, 0, 0, 0, 0.0333518673;0.0667037346, 0.0689655172, 0.0500278009, 0.0344827586, 0, 0.0344827586, 0, 1, 0.0172413793, 0.101709526, 0;0, 0, 0.0166759336, 0.0344827586, 0.0339031752, 0, 0, 0.0172413793, 1, 0.0169515876, 0;0.0491869377, 0.0678063504, 0.0163956459, 0.0169515876, 0.0166666667, 0.0339031752, 0, 0.101709526, 0.0169515876, 1, 0;0.0166759336, 0, 0.0166759336, 0, 0.0169515876, 0, 0.0333518673, 0, 0, 0, 1]
seqlen = 60
data_test = ['GGTATCAAACCGACTGGAAACATCTAGGTTCGCGAGCTGCCGCAATGAAGAAGCTTCCTC', 'GGACTCCTAAGCGACATCCAACAGCTGCAGGATAAATGTACCTAAATCCCTTGCATCCCT']
gap = 0
feature_obtain = 'Char'
feature_type = 'Ulong'
reverse = 'False'
data_train = ['ATTCATTTTCTAGACACATTCCCATGGCGCAAAATGCCACCATACTTTATATCCGGCGTC', 'TATAGCGGTTTGTAAATGATTTAGTCGTTGAATGGTCGTCGATAAACAGCTAAGAGTATA', 'CGCAGATGGTCCCTTGATTACGTAGACAAGCCATGAAAACAGCACTAAAATAGCTGTGAG', 'ATTGGTCAACGGGACGCCGAAATCTTCCTCGGTAGGCGCGTGCTTAGCCTCTAGTTTACG', 'CCAAACAGAACCCCGTGTGTGAGAATGTCACAAATTCATGGTCTCACCATAGCTCGATGA', 'GTTTCAGCGTTACTACCGACAATCGGTCATTGCCCTTGAGGTCCTTGGCCGCGGTACCCA', 'TAGAGACATTCCCGTCCTCGGTGGGGACTGTGACTTCACCGGCGATAGGTAACTCGCCCC', 'CAACGCACTCGCGGAGACACGCGGGTCTCGAATACTTGCTTTCGATATTTGACAACGTCC', 'CTACAAAGATGATAGATGTATATCATAATGTTAGGCGGCTGGGCGGTCACTGATCTTGGA', 'AGCAAACGTCCCCTATCGGTGTTTGGGAGTCGTCATCTTAATCCTAGGCCTGGAGCTTTG', 'ACATGGGCGTACCCAGGTAAGTCTGCTACAGATATGCAGCTGCATAACCTACCTGATTCC']
feature_class = 'string_complex'
kparam1_normalization = 2
kparam0_use_sign = 'False'
km_test = [0.0166759336, 0;0.0172413793, 0;0.0166759336, 0.0166759336;0, 0.0172413793;0.0169515876, 0.0169515876;0, 0;0.0500278009, 0;0, 0.0344827586;0, 0.0517241379;0, 0.0678063504;0.0517241379, 0]
alphabet = 'DNA'
accuracy = 1e-09
order = 3
data_class = 'dna'
