data_type = ''
km_train = [1, 0, 0.0158910432, 0, 0, 0, 0.0646508184, 0, 0.0161627046, 0, 0.0161627046;0, 1, 0, 0.135612701, 0, 0.05, 0.0169515876, 0.0655825836, 0.0339031752, 0.084757938, 0;0.0158910432, 0, 1, 0, 0.0166666667, 0, 0.0169515876, 0.0163956459, 0.0678063504, 0, 0;0, 0.135612701, 0, 1, 0, 0.0169515876, 0.0344827586, 0.0333518673, 0.0689655172, 0.120689655, 0;0, 0, 0.0166666667, 0, 1, 0, 0, 0.0163956459, 0.0169515876, 0, 0.0169515876;0, 0.05, 0, 0.0169515876, 0, 1, 0, 0.0327912918, 0.0169515876, 0.0169515876, 0;0.0646508184, 0.0169515876, 0.0169515876, 0.0344827586, 0, 0, 1, 0.0333518673, 0, 0, 0;0, 0.0655825836, 0.0163956459, 0.0333518673, 0.0163956459, 0.0327912918, 0.0333518673, 1, 0.0333518673, 0.0333518673, 0;0.0161627046, 0.0339031752, 0.0678063504, 0.0689655172, 0.0169515876, 0.0169515876, 0, 0.0333518673, 1, 0.0862068966, 0;0, 0.084757938, 0, 0.120689655, 0, 0.0169515876, 0, 0.0333518673, 0.0862068966, 1, 0.0172413793;0.0161627046, 0, 0, 0, 0.0169515876, 0, 0, 0, 0, 0.0172413793, 1]
seqlen = 60
data_test = ['CTGTCATGGCACTGCTAGTGCCGCCGAAACACACGATTTTTGGTGAATATTCGAGCCTGT', 'ATGACCTGGCATAGAAATTCTAATAGCGTTACAGAGGCGGTATACTCGGTCTCTCTGACC']
gap = 0
feature_obtain = 'Char'
feature_type = 'Ulong'
reverse = 'False'
kernel_arg1_normalization = 2
name = 'CommUlongString'
data_train = ['ATCACCCCCGGCTCTCTGCGGAACCCCGCACGTGAACCGGGTACCACCACACAAAGGCTA', 'GGCACCTACAATTTTGTTTGCCGTCGCACACTGGGTCCGACAGGCTCTTGACCACAGTTC', 'GACACGGGGCGAAGCAGTGCTCTATAATTCATCATACATTACCGGTATAGGCGCTTGATC', 'GCGGTACGTGACGGCTCCGACGGACGAGCGCCATTTCCAGCTACCATATTACATTTGCCG', 'GGAGTCCGCCGAAGTGTATAATACGACTCGGCAAAACTGAACTGGAATTCTCGGCGACCC', 'GATTTGGCTAAGAATGACTGGGCCTCCGAATTGGCAATCGTCAATTCTTGAAAAGCGGTT', 'TACGGGCAGAGATATCACCGTATTGGCCAGTACCGCACAGGCTAGATTCACACGTAGTTC', 'TCCATCCTTACGCGGTCTAGAAGCTAAATTGGATCGGGGCGAGATAACTTATATTTTATT', 'ATGATCCTGCCTATTCCACTGTCGAACTTATCTTCTTTCAAGGTGCGCGAGGTGTCTCAC', 'CAAGTAGGATGATACTCGACAACGCAGCAGCCTTTCAGATGGGCTTTAATTGCACGGTAA', 'ATAGTCGCCCACGTCTGGCATATAAGGCTCGCATCGAATGCTGCGACGGTGTGCTGACCT']
feature_class = 'string_complex'
km_test = [0, 0;0.112962014, 0;0, 0.118661113;0.0492399123, 0.0344827586;0.0322748612, 0.0339031752;0.0968245837, 0;0, 0;0.0952500953, 0;0.0492399123, 0.103448276;0.0492399123, 0.0172413793;0.0164133041, 0.0862068966]
kernel_arg0_use_sign = 'False'
alphabet = 'DNA'
accuracy = 1e-09
order = 3
data_class = 'dna'
