kernel_alphabet = 'DNA';
kernel_arg0_size = 10;
init_random = 42;
kernel_feature_type = 'Word';
kernel_gap = 0;
kernel_arg1_use_sign = 'False';
kernel_accuracy = 1e-09;
kernel_data_train = {'CGGCATGAGGTATAGGCCTGCAAATTTAGATCAGCGGGTCCTGATAAAAAACCAGAACCC', 'CGGTGCATACCGTTACTGCGGTGCGTGGTGCGGACGCTCTCACGCAGCGTTCGCTTCAAC', 'GGCGTGAGGTCCGGGAGACGACGGAGACCATATTTCTTACAGGATATAGACGCGTATAAA', 'TATTCGTCACTTAATAGATTCACCCGACTGCGTGAATTGAGTCAGTAGGGGGAAGAGGAG', 'GCCTCGAAATCAGAACCGCCTTTTGGGTGATTTACCGACACGTAGAAGGTCTAAATAAGA', 'AAAGGAATGGCATGACCATTACTAGGGGGTCTACAGATGAGTGATGCCCTCATATCGATG', 'TGACCGTCGTATCGCCATTATGTACGACCACTCAGGGTACTTGACAGAACCCCGCGCCGC', 'GGTCCGACGACGTTCGAATACTTTTGAGCCTCACATGGGGTGTTTGTCTTTTCACTACGG', 'TGTGTCATGGCCGACCGGTGTGGAAGCTGTTACGCCTTTGCGCGATTGTCATTGATAGCT', 'CTCCTAGCTACGCAGGAGTAGGAACTATGCGTACGAAACATTACAACCTCCAATATAGTA', 'CTAGAAATAAGCCAGGCAGTCAAGTACACCTATCTGATAGTAGTTGCGGGTAAGTCTTTT'};
kernel_matrix_train = [1, 0.332503112, 0.518262172, 0.472222222, 0.599076579, 0.583333333, 0.38752895, 0.276962405, 0.366305116, 0.509175077, 0.568831279;0.332503112, 1, 0.457388216, 0.357440845, 0.335039168, 0.282627645, 0.444997801, 0.441144933, 0.521353103, 0.3836511, 0.280046517;0.518262172, 0.457388216, 1, 0.579750904, 0.503115295, 0.45677344, 0.530088815, 0.466168659, 0.389886515, 0.50892335, 0.409082491;0.472222222, 0.357440845, 0.579750904, 1, 0.559792868, 0.546296296, 0.504688866, 0.464582098, 0.410976472, 0.427343368, 0.532132486;0.599076579, 0.335039168, 0.503115295, 0.559792868, 1, 0.510688231, 0.573539335, 0.61595466, 0.492763728, 0.46291005, 0.593605445;0.583333333, 0.282627645, 0.45677344, 0.546296296, 0.510688231, 1, 0.486664263, 0.428845014, 0.437779285, 0.500082665, 0.477084298;0.38752895, 0.444997801, 0.530088815, 0.504688866, 0.573539335, 0.486664263, 1, 0.452191009, 0.469582971, 0.469044916, 0.357199813;0.276962405, 0.441144933, 0.466168659, 0.464582098, 0.61595466, 0.428845014, 0.452191009, 1, 0.577586207, 0.333384643, 0.389517827;0.366305116, 0.521353103, 0.389886515, 0.410976472, 0.492763728, 0.437779285, 0.469582971, 0.577586207, 1, 0.298291523, 0.345254438;0.509175077, 0.3836511, 0.50892335, 0.427343368, 0.46291005, 0.500082665, 0.469044916, 0.333384643, 0.298291523, 1, 0.567590601;0.568831279, 0.280046517, 0.409082491, 0.532132486, 0.593605445, 0.477084298, 0.357199813, 0.389517827, 0.345254438, 0.567590601, 1];
kernel_name = 'CommWordString';
kernel_order = 3;
kernel_seqlen = 60;
kernel_feature_class = 'string_complex';
kernel_matrix_test = [0.647883544, 0.547267233, 0.454620605, 0.465557544, 0.547267233, 0.34655164, 0.559792868, 0.468639661, 0.490653381, 0.486317923, 0.505450264, 0.414565854, 0.515379824, 0.66759195, 0.495440357, 0.491909858, 0.514809178;0.487553603, 0.474371903, 0.546906887, 0.260238123, 0.355778927, 0.518532745, 0.43202419, 0.388361717, 0.415075415, 0.445506124, 0.488677777, 0.550179099, 0.425373134, 0.457388216, 0.393464312, 0.27601013, 0.447021011;0.451938454, 0.572891899, 0.474420072, 0.441666667, 0.572891899, 0.524462844, 0.531066145, 0.316343325, 0.43862036, 0.49902387, 0.405741112, 0.384741882, 0.630880298, 0.366666667, 0.361550763, 0.616666667, 0.608486984;0.504968056, 0.471782098, 0.463713017, 0.360148289, 0.641623653, 0.371305329, 0.510688231, 0.405553553, 0.585009801, 0.625265901, 0.417968488, 0.396541252, 0.448879201, 0.368932394, 0.514495755, 0.430421126, 0.658280589;0.525493854, 0.350280336, 0.491841928, 0.540383095, 0.550440529, 0.481346279, 0.520833333, 0.372800568, 0.570456548, 0.589506345, 0.453632354, 0.458831468, 0.396756909, 0.484481395, 0.525493854, 0.540383095, 0.358057437;0.619300446, 0.48121774, 0.463713017, 0.553398591, 0.547267233, 0.338300411, 0.579434723, 0.639873383, 0.490653381, 0.396994223, 0.583211844, 0.351479746, 0.407316312, 0.465557544, 0.495440357, 0.491909858, 0.548567157;0.472952651, 0.339807241, 0.345146259, 0.512989176, 0.376543159, 0.513994053, 0.430154501, 0.438596491, 0.53267081, 0.483007253, 0.491969161, 0.403508772, 0.331725633, 0.393291702, 0.46367907, 0.572837913, 0.533936063;0.386118144, 0.45522315, 0.491303684, 0.483120246, 0.446118687, 0.477697316, 0.388525247, 0.321751295, 0.582685633, 0.593743363, 0.422056391, 0.582630724, 0.34489513, 0.271225401, 0.413698011, 0.381410721, 0.374590847;0.450471168, 0.382387446, 0.587809765, 0.381410721, 0.528058855, 0.374196231, 0.473811277, 0.513062876, 0.491641002, 0.411789752, 0.393919299, 0.46088699, 0.417082483, 0.457692865, 0.358538277, 0.288176989, 0.456023639;0.439732698, 0.592999453, 0.419642857, 0.560678267, 0.509608905, 0.4699477, 0.588281522, 0.451345107, 0.352093425, 0.487300735, 0.496342306, 0.451345107, 0.440790625, 0.483045892, 0.626852995, 0.621059003, 0.406083546;0.500356379, 0.420726146, 0.288299988, 0.548344616, 0.532919784, 0.277979725, 0.632530392, 0.348269818, 0.439425085, 0.540881865, 0.59714845, 0.375059804, 0.568329696, 0.478713554, 0.547559811, 0.452601905, 0.434845845];
kernel_data_test = {'TTGAAAAATGCTCATCGCGTATAGTTAAGACTGACTGGCACGCGGGATGAAGCAAATGGT', 'GGCGACAAACTCTGGATAGGCACTTTCCATCCTGGACTGCACGAGGTATGCTAGCGGAGG', 'TACGAGACTTGTGGTGGCTCAAACTGATGGCTCACGGAAGGCTTAGAGCATTAACGTGGT', 'GGGTACATCCTTTATCACGAGTCCCTACCTACCTAGATGGCCAGTCTATCCCGGCGACCG', 'GGGATAGAGGCGAAGTCCGGCTGAACGATCGATTATCGTGTTTACGGGATTCAAAGTAGG', 'CGGTCGCAACACGGACGCCGACAATCGGAATTCCTCACCACGGACGAACATGCGCAAGAC', 'AAGTGGTAACCCAAGTCAGCACGTGCCATGAGCTTAGCAGGAGGACGATAAAGGCCTACA', 'ACACTATGCGCATGTTAAATTGAATTAACATCGCCATGCCAAGGCTGCATGAGCTTGGAG', 'TCGTAAGTTGTGATAACCCACACTTTCGCAGGTGATGTTCAAAACTTGACGATTCGAGAA', 'GGGCGTTTTGGAATTGCACCCTAGCTTCTGAGAGTTCCACACGTACCACCGTCGATAAAC', 'GTTCGGTGGGGAAGTCTACCTCCAGTCTTATCAGGCATGCCACGGATCGCCAGCAACAGC', 'GTGTTTATTCCTGCTCAGGTCTCGACTATCAAGCGGCCCTCACGGTTCCGTCCTCCTTAC', 'CTTTCAGCGGCTAGCGGACAAGACAGGCGTAGCAGATAAGGGCTTCTGACATAGCGATAT', 'TGAATAAGCAGCAGCGAGCCAATCGTGCCTGGCTGCGCATAGCCCTCAGAAAACCATATG', 'ATCCCGCAAGAACTCCTAGTTACATTAGTAAACTTAACTGGGACTAGCGGGTCGATCTCA', 'ATCAACAGAGACGACCAGGGACAGCCTATATCTACCTTAGGAATCAACGCCACATATCCC', 'GTCAGAGAGGAGCACCATGATCGCGGGACCACGTCATTCAGTAGGCGCGGAGGTCATGTA'};
kernel_reverse = 'False';
