symdata = [0.749080238, 1.81689045, 0.913818909, 0.738152345, 0.748433209, 0.964391868, 0.0924721333;1.81689045, 1.20223002, 0.891477088, 0.312729143, 1.01636026, 1.13705641, 1.12165951;0.913818909, 0.891477088, 0.608484486, 0.891118275, 1.03948987, 0.388901254, 0.870632876;0.738152345, 0.312729143, 0.891118275, 0.912139968, 0.955700085, 0.883906809, 1.17675672;0.748433209, 1.01636026, 1.03948987, 0.955700085, 0.130103186, 1.38903803, 1.27734311;0.964391868, 1.13705641, 0.388901254, 0.883906809, 1.38903803, 0.24407647, 1.01524493;0.0924721333, 1.12165951, 0.870632876, 1.17675672, 1.27734311, 1.01524493, 1.09342056]
name = 'Custom'
dim_square = 7
km_triangletriangle = [0.749080241, 1.81689048, 1.20222998, 0.913818896, 0.891477108, 0.608484507, 0.738152325;1.81689048, 0.31272915, 0.891118288, 0.912139952, 0.748433232, 1.01636028, 1.03948987;1.20222998, 0.891118288, 0.955700099, 0.130103186, 0.964391887, 1.13705635, 0.388901263;0.913818896, 0.912139952, 0.130103186, 0.883906782, 1.38903809, 0.244076476, 0.092472136;0.891477108, 0.748433232, 0.964391887, 1.38903809, 1.12165952, 0.870632887, 1.17675674;0.608484507, 1.01636028, 1.13705635, 0.244076476, 0.870632887, 1.27734315, 1.01524496;0.738152325, 1.03948987, 0.388901263, 0.092472136, 1.17675674, 1.01524496, 1.09342051]
data_class = 'rand'
feature_class = 'custom'
data_type = 'double'
km_fullfull = [0.37454012, 0.95071429, 0.731993914, 0.598658502, 0.156018645, 0.15599452, 0.0580836125;0.95071429, 0.601114988, 0.708072603, 0.0205844939, 0.969909847, 0.832442641, 0.212339118;0.731993914, 0.708072603, 0.304242253, 0.524756432, 0.431945026, 0.291229129, 0.611852884;0.598658502, 0.0205844939, 0.524756432, 0.456069976, 0.785175979, 0.199673787, 0.514234424;0.156018645, 0.969909847, 0.431945026, 0.785175979, 0.0650515929, 0.94888556, 0.965632021;0.15599452, 0.832442641, 0.291229129, 0.199673787, 0.94888556, 0.122038238, 0.495176911;0.0580836125, 0.212339118, 0.611852884, 0.514234424, 0.965632021, 0.495176911, 0.546710253]
feature_type = ''
km_fulltriangle = [0.749080241, 1.81689048, 0.913818896, 0.738152325, 0.748433232, 0.964391887, 0.092472136;1.81689048, 1.20222998, 0.891477108, 0.31272915, 1.01636028, 1.13705635, 1.12165952;0.913818896, 0.891477108, 0.608484507, 0.891118288, 1.03948987, 0.388901263, 0.870632887;0.738152325, 0.31272915, 0.891118288, 0.912139952, 0.955700099, 0.883906782, 1.17675674;0.748433232, 1.01636028, 1.03948987, 0.955700099, 0.130103186, 1.38903809, 1.27734315;0.964391887, 1.13705635, 0.388901263, 0.883906782, 1.38903809, 0.244076476, 1.01524496;0.092472136, 1.12165952, 0.870632887, 1.17675674, 1.27734315, 1.01524496, 1.09342051]
data = [0.374540119, 0.950714306, 0.731993942, 0.598658484, 0.15601864, 0.15599452, 0.0580836122;0.866176146, 0.601115012, 0.708072578, 0.0205844943, 0.969909852, 0.832442641, 0.212339111;0.181824967, 0.18340451, 0.304242243, 0.524756432, 0.431945019, 0.29122914, 0.611852895;0.139493861, 0.292144649, 0.366361843, 0.456069984, 0.785175961, 0.199673782, 0.514234438;0.592414569, 0.0464504127, 0.607544852, 0.170524124, 0.065051593, 0.948885537, 0.965632033;0.808397348, 0.304613769, 0.097672114, 0.684233027, 0.440152494, 0.122038235, 0.49517691;0.0343885211, 0.909320402, 0.258779982, 0.662522284, 0.311711076, 0.520068021, 0.546710279]
accuracy = 1e-06
