kernel_data = [0.3505947, 0.9113833, 0.5566677, 0.2654966, 0.9570563, 0.2443159, 0.9050996;0.7257697, 0.740521, 0.7649393, 0.5065693, 0.8145787, 0.8361931, 0.3604867;0.4003445, 0.8887567, 0.5247293, 0.8669435, 0.6267695, 0.5935678, 0.030981;0.2778944, 0.5020576, 0.5873172, 0.6304345, 0.7162228, 0.6562334, 0.8485767;0.2954703, 0.64157, 0.0511595, 0.4801901, 0.268033, 0.3808871, 0.3546628;0.0604307, 0.4666458, 0.9946293, 0.2989361, 0.736146, 0.5477883, 0.3252253;0.0896071, 0.2158579, 0.7818535, 0.2790202, 0.1443025, 0.3312983, 0.584043];
kernel_dim_square = 7;
kernel_feature_type = 'Real';
kernel_matrix_fulltriangle = [0.701189399, 1.63715303, 0.957012177, 0.543390989, 1.25252664, 0.304746598, 0.99470669;1.63715303, 1.48104203, 1.65369594, 1.00862694, 1.45614874, 1.30283892, 0.576344609;0.957012177, 1.65369594, 1.04945862, 1.45426071, 0.677928984, 1.58819711, 0.812834501;0.543390989, 1.00862694, 1.45426071, 1.26086903, 1.19641292, 0.955169499, 1.12759686;1.25252664, 1.45614874, 0.677928984, 1.19641292, 0.536065996, 1.11703312, 0.498965293;0.304746598, 1.30283892, 1.58819711, 0.955169499, 1.11703312, 1.09557664, 0.656523585;0.99470669, 0.576344609, 0.812834501, 1.12759686, 0.498965293, 0.656523585, 1.16808605];
kernel_matrix_triangletriangle = [0.701189399, 1.63715303, 1.48104203, 0.957012177, 1.65369594, 1.04945862, 0.543390989;1.63715303, 1.00862694, 1.45426071, 1.26086903, 1.25252664, 1.45614874, 0.677928984;1.48104203, 1.45426071, 1.19641292, 0.536065996, 0.304746598, 1.30283892, 1.58819711;0.957012177, 1.26086903, 0.536065996, 0.955169499, 1.11703312, 1.09557664, 0.99470669;1.65369594, 1.25252664, 0.304746598, 1.11703312, 0.576344609, 0.812834501, 1.12759686;1.04945862, 1.45614874, 1.30283892, 1.09557664, 0.812834501, 0.498965293, 0.656523585;0.543390989, 0.677928984, 1.58819711, 0.99470669, 1.12759686, 0.656523585, 1.16808605];
kernel_accuracy = 1e-07;
init_random = 42;
kernel_name = 'Custom';
kernel_feature_class = 'simple';
kernel_symdata = [0.7011894, 1.637153, 0.9570122, 0.543391, 1.2525266, 0.3047466, 0.9947067;1.637153, 1.481042, 1.653696, 1.0086269, 1.4561487, 1.3028389, 0.5763446;0.9570122, 1.653696, 1.0494586, 1.4542607, 0.677929, 1.5881971, 0.8128345;0.543391, 1.0086269, 1.4542607, 1.260869, 1.1964129, 0.9551695, 1.1275969;1.2525266, 1.4561487, 0.677929, 1.1964129, 0.536066, 1.1170331, 0.4989653;0.3047466, 1.3028389, 1.5881971, 0.9551695, 1.1170331, 1.0955766, 0.6565236;0.9947067, 0.5763446, 0.8128345, 1.1275969, 0.4989653, 0.6565236, 1.168086];
kernel_matrix_fullfull = [0.350594699, 0.911383271, 0.556667686, 0.265496612, 0.957056284, 0.244315907, 0.905099571;0.725769699, 0.740521014, 0.764939308, 0.506569326, 0.814578712, 0.836193085, 0.360486686;0.400344491, 0.888756692, 0.524729311, 0.866943479, 0.626769483, 0.593567789, 0.0309810005;0.277894408, 0.502057612, 0.587317228, 0.630434513, 0.716222823, 0.65623337, 0.848576725;0.295470297, 0.641569972, 0.0511595011, 0.480190098, 0.268032998, 0.380887091, 0.354662806;0.0604307018, 0.466645807, 0.994629323, 0.298936099, 0.736145973, 0.547788322, 0.325225294;0.0896070972, 0.215857893, 0.781853497, 0.27902019, 0.144302502, 0.331298292, 0.584043026];
