accuracy = 1e-06
symdata = [0.469161023, 0.889539568, 0.933643743, 1.0103354, 1.21303895, 1.36064165, 1.59657036;0.889539568, 0.621675353, 1.25348647, 0.809905942, 1.17228507, 0.869532299, 0.534431342;0.933643743, 1.25348647, 0.57647517, 1.46074397, 1.33197212, 1.17038928, 0.554710498;1.0103354, 0.809905942, 1.46074397, 1.85127946, 0.231657066, 0.585084701, 1.85364478;1.21303895, 1.17228507, 1.33197212, 0.231657066, 0.404168403, 1.62770312, 1.1426844;1.36064165, 0.869532299, 1.17038928, 0.585084701, 1.62770312, 1.71957677, 0.560648529;1.59657036, 0.534431342, 0.554710498, 1.85364478, 1.1426844, 0.560648529, 0.551871634]
init_random = 42
name = 'Custom'
dim_square = 7
km_triangletriangle = [0.469161034, 0.88953954, 0.621675372, 0.933643758, 1.25348651, 0.576475143, 1.01033545;0.88953954, 0.809905946, 1.46074402, 1.8512795, 1.21303892, 1.17228508, 1.33197212;0.621675372, 1.46074402, 0.231657073, 0.404168397, 1.3606416, 0.869532287, 1.17038929;0.933643758, 1.8512795, 0.404168397, 0.585084677, 1.62770307, 1.71957672, 1.59657037;1.25348651, 1.21303892, 1.3606416, 1.62770307, 0.534431338, 0.554710507, 1.85364473;0.576475143, 1.17228508, 0.869532287, 1.71957672, 0.554710507, 1.14268446, 0.560648501;1.01033545, 1.33197212, 1.17038929, 1.59657037, 1.85364473, 0.560648501, 0.551871657]
data_class = 'rand'
feature_class = 'custom'
data_type = 'double'
km_fullfull = [0.234580517, 0.519449294, 0.404892951, 0.781867981, 0.467149913, 0.507825375, 0.741714001;0.519449294, 0.310837686, 0.9381935, 0.348349363, 0.938817203, 0.484971523, 0.528462291;0.404892951, 0.9381935, 0.288237572, 0.976053774, 0.352944285, 0.729868352, 0.32518819;0.781867981, 0.348349363, 0.976053774, 0.925639749, 0.219029397, 0.298786461, 0.919150412;0.467149913, 0.938817203, 0.352944285, 0.219029397, 0.202084199, 0.674399316, 0.631933153;0.507825375, 0.484971523, 0.729868352, 0.298786461, 0.674399316, 0.859788358, 0.445161164;0.741714001, 0.528462291, 0.32518819, 0.919150412, 0.631933153, 0.445161164, 0.275935829]
km_fulltriangle = [0.469161034, 0.88953954, 0.933643758, 1.01033545, 1.21303892, 1.3606416, 1.59657037;0.88953954, 0.621675372, 1.25348651, 0.809905946, 1.17228508, 0.869532287, 0.534431338;0.933643758, 1.25348651, 0.576475143, 1.46074402, 1.33197212, 1.17038929, 0.554710507;1.01033545, 0.809905946, 1.46074402, 1.8512795, 0.231657073, 0.585084677, 1.85364473;1.21303892, 1.17228508, 1.33197212, 0.231657073, 0.404168397, 1.62770307, 1.14268446;1.3606416, 0.869532287, 1.17038929, 0.585084677, 1.62770307, 1.71957672, 0.560648501;1.59657037, 0.534431338, 0.554710507, 1.85364473, 1.14268446, 0.560648501, 0.551871657]
data = [0.234580512, 0.51944929, 0.404892945, 0.781867953, 0.46714992, 0.507825382, 0.741713995;0.370090278, 0.310837677, 0.938193507, 0.348349354, 0.938817219, 0.484971513, 0.528462294;0.528750798, 0.315292959, 0.288237585, 0.976053777, 0.35294429, 0.729868363, 0.325188193;0.228467449, 0.461556588, 0.48469019, 0.92563973, 0.2190294, 0.298786458, 0.919150438;0.745889028, 0.233467848, 0.979027829, 0.0126276661, 0.202084201, 0.674399322, 0.631933179;0.852816271, 0.384560785, 0.44052092, 0.286298243, 0.9533038, 0.859788387, 0.445161155;0.854856368, 0.00596904766, 0.229522305, 0.934494343, 0.510751223, 0.115487374, 0.275935817]
feature_type = ''
