accuracy = 1e-09;
init_random = 42;
name = 'Distance';
data_type = 'double';
km_train = [1, 0.064128913, 0.0999790151, 0.0173053436, 0.032120902, 0.0392594784, 0.0435003916, 0.0531731319, 0.0157081417, 0.0308794849, 0.051121636;0.064128913, 1, 0.108166631, 0.0345031722, 0.0260602295, 0.0722766281, 0.0668902619, 0.132474845, 0.0468198413, 0.0432072105, 0.165580184;0.0999790151, 0.108166631, 1, 0.0505081722, 0.0418530398, 0.106042373, 0.0537343319, 0.0907792424, 0.0414775341, 0.0769163649, 0.152204511;0.0173053436, 0.0345031722, 0.0505081722, 1, 0.0586161219, 0.0471553265, 0.132858407, 0.0670708849, 0.061949024, 0.158072521, 0.102161098;0.032120902, 0.0260602295, 0.0418530398, 0.0586161219, 1, 0.0740292682, 0.0530561986, 0.0664741782, 0.0334477296, 0.119677561, 0.064860358;0.0392594784, 0.0722766281, 0.106042373, 0.0471553265, 0.0740292682, 1, 0.0943236024, 0.116063156, 0.0628394336, 0.139073958, 0.141974944;0.0435003916, 0.0668902619, 0.0537343319, 0.132858407, 0.0530561986, 0.0943236024, 1, 0.0679067156, 0.0320856669, 0.138905042, 0.144187589;0.0531731319, 0.132474845, 0.0907792424, 0.0670708849, 0.0664741782, 0.116063156, 0.0679067156, 1, 0.0394750278, 0.0687616019, 0.174783947;0.0157081417, 0.0468198413, 0.0414775341, 0.061949024, 0.0334477296, 0.0628394336, 0.0320856669, 0.0394750278, 1, 0.0635348377, 0.0510292074;0.0308794849, 0.0432072105, 0.0769163649, 0.158072521, 0.119677561, 0.139073958, 0.138905042, 0.0687616019, 0.0635348377, 1, 0.102628948;0.051121636, 0.165580184, 0.152204511, 0.102161098, 0.064860358, 0.141974944, 0.144187589, 0.174783947, 0.0510292074, 0.102628948, 1];
data_train = [0.0254191267, 0.107891427, 0.0314291857, 0.636410411, 0.314355981, 0.508570691, 0.907566474, 0.249292229, 0.410382923, 0.755551139, 0.228798165;0.0769799098, 0.289751453, 0.161221287, 0.929697652, 0.80812038, 0.633403757, 0.87146059, 0.803672077, 0.186570059, 0.892558998, 0.539342242;0.807440155, 0.8960913, 0.318003475, 0.110051925, 0.227935163, 0.427107789, 0.818014766, 0.860730583, 0.00695213053, 0.510747303, 0.417411003;0.22210781, 0.119865367, 0.337615171, 0.942909704, 0.323202932, 0.518790622, 0.703018959, 0.363629602, 0.971782083, 0.962447295, 0.251782296;0.497248506, 0.30087831, 0.284840494, 0.0368869474, 0.609564334, 0.502679023, 0.0514787512, 0.278646464, 0.908265886, 0.239561891, 0.144894872;0.48945276, 0.985650454, 0.242055272, 0.672135547, 0.761619615, 0.237637544, 0.728216349, 0.367783133, 0.632305831, 0.633529711, 0.535774684;0.0902897701, 0.835302496, 0.320780065, 0.18651851, 0.0407751416, 0.590892943, 0.677564362, 0.0165878289, 0.512093058, 0.226495775, 0.64517279;0.174366429, 0.690937738, 0.386735346, 0.936729989, 0.137520944, 0.341066351, 0.113473521, 0.924693618, 0.877339353, 0.257941628, 0.659984046;0.8172222, 0.555200812, 0.529650578, 0.241852291, 0.0931027678, 0.897215758, 0.900418057, 0.633101457, 0.339029791, 0.349209575, 0.725955679;0.89711026, 0.887086424, 0.779875546, 0.642031646, 0.084139965, 0.161628714, 0.898554189, 0.60642906, 0.00919705162, 0.101471543, 0.663501769;0.00506158385, 0.160808051, 0.548733789, 0.691895198, 0.65196126, 0.224269309, 0.712179221, 0.237249087, 0.325399698, 0.746491405, 0.649632899];
feature_class = 'simple';
kernel_arg1_distance = 'CanberraMetric';
data_test = [0.84922341, 0.657612892, 0.568308603, 0.0936747678, 0.367715803, 0.265202368, 0.243989643, 0.973010555, 0.393097725, 0.892046555, 0.631138626, 0.794811304, 0.502637093, 0.576903885, 0.492517694, 0.195242988, 0.722452115;0.280772362, 0.0243159664, 0.645472296, 0.177110679, 0.940458584, 0.953928577, 0.91486439, 0.3701587, 0.0154566165, 0.928318563, 0.428184148, 0.966654819, 0.963619977, 0.853009455, 0.294448892, 0.385097729, 0.851136672;0.316922005, 0.169492747, 0.556801262, 0.936154774, 0.696029797, 0.57006117, 0.0971764938, 0.615007227, 0.99005385, 0.140084015, 0.518329652, 0.877373072, 0.740768618, 0.697015741, 0.702484084, 0.359491151, 0.293591844;0.809361155, 0.810113395, 0.867072319, 0.913240553, 0.511342399, 0.501516295, 0.798295179, 0.649963931, 0.701966877, 0.795792669, 0.890005342, 0.337995157, 0.375582953, 0.0939819398, 0.578280141, 0.0359422738, 0.465598018;0.542644635, 0.286541252, 0.590833261, 0.0305002499, 0.0373481887, 0.822600561, 0.360190641, 0.127060513, 0.52224326, 0.769993553, 0.215821027, 0.622890476, 0.085347465, 0.0516817212, 0.531354632, 0.540635122, 0.637429901;0.726091334, 0.975852079, 0.516300348, 0.322956473, 0.795186195, 0.270832251, 0.438971421, 0.0784563813, 0.0253507434, 0.962648415, 0.835980121, 0.695974206, 0.408952944, 0.17329432, 0.156437043, 0.250242898, 0.549226665;0.714595923, 0.660197377, 0.279933897, 0.954865281, 0.737896917, 0.554354053, 0.611720746, 0.419600062, 0.24773099, 0.355972679, 0.75784611, 0.0143934886, 0.116072641, 0.046002642, 0.0407288023, 0.855460584, 0.703657859;0.474173829, 0.0978341607, 0.491615875, 0.473471771, 0.17320187, 0.433851649, 0.398504734, 0.615850098, 0.635093651, 0.0453040098, 0.374612615, 0.625859916, 0.503136259, 0.856489841, 0.658693632, 0.162934427, 0.0705687474;0.642419278, 0.0265113105, 0.585775581, 0.940230241, 0.575474178, 0.388169926, 0.643288218, 0.45825289, 0.545616789, 0.941464809, 0.386102638, 0.961190564, 0.905350642, 0.195791135, 0.0693613009, 0.100778001, 0.0182218257;0.0944429608, 0.683006773, 0.0711886485, 0.31897563, 0.844875311, 0.0232719357, 0.814468483, 0.281854775, 0.118164828, 0.696737165, 0.628942847, 0.877472014, 0.735071044, 0.80348093, 0.282034573, 0.177439544, 0.750614752;0.806834739, 0.990505142, 0.412617677, 0.372018086, 0.776412961, 0.34080354, 0.930757326, 0.858412752, 0.428994027, 0.750871068, 0.754542874, 0.103123869, 0.902552907, 0.505252372, 0.826457466, 0.320049601, 0.895523228];
km_test = [0.0309131662, 0.0235601047, 0.0377137443, 0.0382849146, 0.0452615855, 0.0262084029, 0.0391019554, 0.0212994036, 0.0281532021, 0.0299092693, 0.0336676908, 0.0663041405, 0.066743732, 0.0268008147, 0.0317784957, 0.0265487643, 0.0293503888;0.0816058916, 0.0361257356, 0.0639873219, 0.106808971, 0.0913929161, 0.0614922722, 0.0861988092, 0.061452774, 0.0453722569, 0.0386395079, 0.126011157, 0.106032697, 0.0625860243, 0.056688634, 0.0434889329, 0.0669599625, 0.0373705455;0.0964343731, 0.047819355, 0.0880350692, 0.0987419332, 0.0726603141, 0.0858350204, 0.126162446, 0.096094739, 0.0562847683, 0.0586746595, 0.1217894, 0.0484843347, 0.0963259244, 0.0522341415, 0.0592977096, 0.0607270127, 0.0585048109;0.0779243811, 0.0671609447, 0.0983267139, 0.0558734828, 0.145776085, 0.0494388552, 0.145412518, 0.0816759997, 0.0373706069, 0.139209947, 0.153511667, 0.058211681, 0.147053263, 0.133984078, 0.0541866322, 0.022850525, 0.075188416;0.096690633, 0.05434891, 0.10535901, 0.0192011217, 0.0738532836, 0.0791723619, 0.0653492402, 0.0303133981, 0.0387525493, 0.0744539773, 0.0583062213, 0.0636867163, 0.0594563601, 0.0551092036, 0.115653724, 0.100335845, 0.110091293;0.192677985, 0.0420452175, 0.253905851, 0.0987881859, 0.101437552, 0.231746079, 0.137107578, 0.119911249, 0.102234282, 0.0848065488, 0.141923411, 0.0995455163, 0.111747648, 0.0500197791, 0.106780493, 0.146558343, 0.0937890709;0.122775332, 0.0949112551, 0.0920753409, 0.100345529, 0.426679054, 0.0643446905, 0.134870771, 0.112565227, 0.0364028814, 0.199682921, 0.199277684, 0.105919766, 0.195019356, 0.084412274, 0.0398027643, 0.0333054898, 0.15160102;0.0504026424, 0.0251411082, 0.0983699858, 0.0730528928, 0.0917650365, 0.108675823, 0.123502058, 0.06489901, 0.0578540493, 0.0456874985, 0.0904325991, 0.24413371, 0.170806229, 0.11319227, 0.0872321507, 0.0443113013, 0.0479772999;0.0985341985, 0.0292138852, 0.107656576, 0.0524610424, 0.0382803486, 0.125033351, 0.062045431, 0.0453865883, 0.0546031526, 0.0455550204, 0.0749012537, 0.0332366984, 0.0285537621, 0.0233853779, 0.0407191669, 0.0356218033, 0.032659763;0.224403156, 0.0673765885, 0.298364277, 0.0501101024, 0.131324177, 0.123156654, 0.124746363, 0.143853126, 0.0904948346, 0.118248789, 0.277443734, 0.0662379512, 0.128236017, 0.0594667107, 0.0739655554, 0.0547250361, 0.0936584232;0.133981181, 0.0569900149, 0.126829349, 0.101758012, 0.186440165, 0.113705371, 0.220165148, 0.14669401, 0.05064416, 0.0831528036, 0.23969666, 0.0908286391, 0.206695595, 0.0874652173, 0.064580815, 0.0738611161, 0.102086038];
data_class = 'rand';
kernel_arg0_width = 1.7;
feature_type = 'Real';
