accuracy = 1e-09;
init_random = 42;
name = 'Distance';
data_type = 'double';
km_train = [1, 0.0478062645, 0.0224348163, 0.0641738679, 0.0706427914, 0.0368361141, 0.060045567, 0.032640396, 0.0365516366, 0.117432251, 0.039009138;0.0478062645, 1, 0.0186867815, 0.0494265553, 0.0437554433, 0.0333237879, 0.0330695582, 0.0203618192, 0.0897714266, 0.044507486, 0.0352872515;0.0224348163, 0.0186867815, 1, 0.0472595228, 0.128124551, 0.0904548528, 0.109606874, 0.0922823856, 0.0556671051, 0.0644571358, 0.0875449757;0.0641738679, 0.0494265553, 0.0472595228, 1, 0.0591408053, 0.0804175666, 0.0772252046, 0.0747810038, 0.116230914, 0.119488088, 0.0855133379;0.0706427914, 0.0437554433, 0.128124551, 0.0591408053, 1, 0.108686095, 0.116962781, 0.0882671944, 0.0877323953, 0.139848002, 0.270536402;0.0368361141, 0.0333237879, 0.0904548528, 0.0804175666, 0.108686095, 1, 0.0443359568, 0.0403678696, 0.0441775586, 0.134723598, 0.144760611;0.060045567, 0.0330695582, 0.109606874, 0.0772252046, 0.116962781, 0.0443359568, 1, 0.0611856016, 0.104321896, 0.0520199508, 0.0969179085;0.032640396, 0.0203618192, 0.0922823856, 0.0747810038, 0.0882671944, 0.0403678696, 0.0611856016, 1, 0.0548979674, 0.0386319715, 0.0549457129;0.0365516366, 0.0897714266, 0.0556671051, 0.116230914, 0.0877323953, 0.0441775586, 0.104321896, 0.0548979674, 1, 0.0769499127, 0.0826822596;0.117432251, 0.044507486, 0.0644571358, 0.119488088, 0.139848002, 0.134723598, 0.0520199508, 0.0386319715, 0.0769499127, 1, 0.153268056;0.039009138, 0.0352872515, 0.0875449757, 0.0855133379, 0.270536402, 0.144760611, 0.0969179085, 0.0549457129, 0.0826822596, 0.153268056, 1];
data_train = [0.710827253, 0.731756037, 0.177057697, 0.433695917, 0.620337805, 0.0260666069, 0.404591833, 0.154958233, 0.541896501, 0.842917583, 0.524753939;0.0359835962, 0.0296572456, 0.605503146, 0.327981559, 0.572666503, 0.163637109, 0.776862353, 0.860719706, 0.889225602, 0.304074589, 0.660735368;0.279042387, 0.762756821, 0.120525002, 0.762764811, 0.439728638, 0.85554949, 0.73893086, 0.376519641, 0.903539185, 0.283337139, 0.966988631;0.767203384, 0.990674851, 0.0539046164, 0.274036046, 0.741264257, 0.922249701, 0.0287708171, 9.29597558e-06, 0.256242629, 0.852778677, 0.767153102;0.340277462, 0.00201126435, 0.554705741, 0.237955471, 0.745608928, 0.446349664, 0.678601923, 0.85230883, 0.5357598, 0.335955541, 0.769543546;0.26518724, 0.891518816, 0.0714276467, 0.835468641, 0.0915557273, 0.0561369804, 0.363256937, 0.956549354, 0.983486054, 0.202070501, 0.148637556;0.352953332, 0.337086841, 0.759592883, 0.443999021, 0.779883586, 0.748713097, 0.57831043, 0.8335121, 0.195647747, 0.161810496, 0.750650259;0.244797062, 0.00279438382, 0.911960169, 0.622937058, 0.444937698, 0.72573651, 0.333331733, 0.953666057, 0.0686202889, 0.640948191, 0.777289483;0.469125908, 0.754968355, 0.926910398, 0.743993901, 0.309366867, 0.561846375, 0.911603518, 0.449097725, 0.681698495, 0.465514725, 0.121344157;0.0585976359, 0.95227396, 0.612541773, 0.103814913, 0.857438558, 0.522693137, 0.771932112, 0.126756196, 0.906910432, 0.59053544, 0.738260681;0.031379688, 0.3153049, 0.267445414, 0.949594995, 0.185338569, 0.707051727, 0.0427535377, 0.197684086, 0.338597354, 0.794505848, 0.78997658];
feature_class = 'simple';
kernel_arg1_distance = 'CanberraMetric';
data_test = [0.952601862, 0.916767503, 0.081514595, 0.829867722, 0.45117358, 0.865886091, 0.0892862515, 0.822769102, 0.159642519, 0.33384163, 0.0288484003, 0.123728088, 0.445725885, 0.818338336, 0.773669771, 0.235297762, 0.151690449;0.389263463, 0.883268347, 0.0914250742, 0.54291401, 0.0888074794, 0.470212121, 0.126791512, 0.080336935, 0.190849333, 0.255256019, 0.276265379, 0.645267947, 0.0549818756, 0.0808090599, 0.188706161, 0.872063069, 0.628604926;0.730369659, 0.370362156, 0.213220349, 0.037961361, 0.48853562, 0.574280964, 0.897002794, 0.882092979, 0.424685158, 0.423577929, 0.161122897, 0.257448988, 0.925663576, 0.141036011, 0.968699547, 0.50473855, 0.456606775;0.174638381, 0.66154125, 0.459845518, 0.370663068, 0.264516219, 0.066486803, 0.519328117, 0.312908333, 0.707865203, 0.723522357, 0.332107012, 0.669120684, 0.25867524, 0.727173726, 0.0160771455, 0.151608767, 0.245008662;0.772935487, 0.0663762531, 0.188057144, 0.358624106, 0.00917499415, 0.762120975, 0.56010515, 0.900679387, 0.0310310325, 0.271390684, 0.731251657, 0.675149419, 0.243057441, 0.595687735, 0.793757653, 0.0333807033, 0.717628397;0.252097065, 0.947851289, 0.538220221, 0.0333861826, 0.403430619, 0.966311858, 0.730372993, 0.300479004, 0.575267294, 0.599101356, 0.0233481608, 0.178833361, 0.551776938, 0.402752558, 0.190037815, 0.772668735, 0.488994881;0.309973142, 0.161677346, 0.611163363, 0.666261303, 0.669597217, 0.22028736, 0.595338407, 0.905406465, 0.353187601, 0.210766933, 0.772149516, 0.17688294, 0.25374872, 0.100644394, 0.267874316, 0.410335066, 0.0641578619;0.871708911, 0.513674792, 0.588103632, 0.371285756, 0.66983523, 0.431781736, 0.761313775, 0.821402144, 0.671849112, 0.491335619, 0.782269351, 0.494285311, 0.111509904, 0.116340223, 0.94858314, 0.213563008, 0.815924991;0.246705407, 0.430780094, 0.654948112, 0.158867173, 0.737246488, 0.689912973, 0.543082889, 0.565889756, 0.105771794, 0.43594915, 0.0865713954, 0.307863291, 0.900312141, 0.574533401, 0.742703438, 0.573885867, 0.194236758;0.594808316, 0.755388077, 0.138405003, 0.81690671, 0.555392179, 0.00427520217, 0.519778486, 0.395671492, 0.296446511, 0.77125722, 0.899499884, 0.762653089, 0.846772582, 0.908780943, 0.912629311, 0.114638143, 0.456385489;0.000286474393, 0.506462585, 0.924243934, 0.19910229, 0.639786629, 0.644379046, 0.160353985, 0.238527439, 0.462021784, 0.188209376, 0.584993979, 0.484541731, 0.519198179, 0.134467553, 0.517251825, 0.0494781911, 0.881535298];
