kernel_arg0_size = 10;
init_random = 42;
kernel_feature_type = 'Real';
kernel_accuracy = 1e-09;
kernel_data_train = [0.7108273, 0.731756, 0.1770577, 0.4336959, 0.6203378, 0.0260666, 0.4045918, 0.1549582, 0.5418965, 0.8429176, 0.5247539;0.0359836, 0.0296572, 0.6055031, 0.3279816, 0.5726665, 0.1636371, 0.7768624, 0.8607197, 0.8892256, 0.3040746, 0.6607354;0.2790424, 0.7627568, 0.120525, 0.7627648, 0.4397286, 0.8555495, 0.7389309, 0.3765196, 0.9035392, 0.2833371, 0.9669886;0.7672034, 0.9906749, 0.0539046, 0.274036, 0.7412643, 0.9222497, 0.0287708, 9.3e-06, 0.2562426, 0.8527787, 0.7671531;0.3402775, 0.0020113, 0.5547057, 0.2379555, 0.7456089, 0.4463497, 0.6786019, 0.8523088, 0.5357598, 0.3359555, 0.7695435;0.2651872, 0.8915188, 0.0714276, 0.8354686, 0.0915557, 0.056137, 0.3632569, 0.9565494, 0.9834861, 0.2020705, 0.1486376;0.3529533, 0.3370868, 0.7595929, 0.443999, 0.7798836, 0.7487131, 0.5783104, 0.8335121, 0.1956477, 0.1618105, 0.7506503;0.2447971, 0.0027944, 0.9119602, 0.6229371, 0.4449377, 0.7257365, 0.3333317, 0.9536661, 0.0686203, 0.6409482, 0.7772895;0.4691259, 0.7549684, 0.9269104, 0.7439939, 0.3093669, 0.5618464, 0.9116035, 0.4490977, 0.6816985, 0.4655147, 0.1213442;0.0585976, 0.952274, 0.6125418, 0.1038149, 0.8574386, 0.5226931, 0.7719321, 0.1267562, 0.9069104, 0.5905354, 0.7382607;0.0313797, 0.3153049, 0.2674454, 0.949595, 0.1853386, 0.7070517, 0.0427535, 0.1976841, 0.3385974, 0.7945058, 0.7899766];
kernel_matrix_train = [1, 0.04780625, 0.0224348139, 0.0641738555, 0.0706427964, 0.036836117, 0.0600455874, 0.0326403917, 0.0365516326, 0.117432259, 0.0390091443;0.04780625, 1, 0.0186867801, 0.0494265524, 0.0437554437, 0.033323782, 0.0330695551, 0.0203618173, 0.0897714366, 0.0445074835, 0.035287252;0.0224348139, 0.0186867801, 1, 0.0472595225, 0.128124548, 0.090454874, 0.109606834, 0.0922823836, 0.0556670965, 0.0644571245, 0.0875449538;0.0641738555, 0.0494265524, 0.0472595225, 1, 0.059140803, 0.0804175615, 0.0772251974, 0.0747809986, 0.116230915, 0.119488082, 0.0855133473;0.0706427964, 0.0437554437, 0.128124548, 0.059140803, 1, 0.108686117, 0.116962738, 0.088267194, 0.0877323907, 0.139847995, 0.270536373;0.036836117, 0.033323782, 0.090454874, 0.0804175615, 0.108686117, 1, 0.0443359552, 0.0403678698, 0.0441775591, 0.13472359, 0.144760613;0.0600455874, 0.0330695551, 0.109606834, 0.0772251974, 0.116962738, 0.0443359552, 1, 0.0611855931, 0.104321878, 0.0520199414, 0.0969179128;0.0326403917, 0.0203618173, 0.0922823836, 0.0747809986, 0.088267194, 0.0403678698, 0.0611855931, 1, 0.0548979615, 0.0386319707, 0.0549457185;0.0365516326, 0.0897714366, 0.0556670965, 0.116230915, 0.0877323907, 0.0441775591, 0.104321878, 0.0548979615, 1, 0.0769499136, 0.0826822668;0.117432259, 0.0445074835, 0.0644571245, 0.119488082, 0.139847995, 0.13472359, 0.0520199414, 0.0386319707, 0.0769499136, 1, 0.153268068;0.0390091443, 0.035287252, 0.0875449538, 0.0855133473, 0.270536373, 0.144760613, 0.0969179128, 0.0549457185, 0.0826822668, 0.153268068, 1];
kernel_name = 'Distance';
kernel_arg2_distance = 'CanberraMetric';
kernel_arg1_width = 1.7;
kernel_feature_class = 'simple';
kernel_matrix_test = [0.0467792319, 0.0525785566, 0.0739990517, 0.0401634549, 0.0449591217, 0.0378933352, 0.0504855154, 0.0712333879, 0.0415884456, 0.0926319747, 0.017083262, 0.0578877058, 0.0669293224, 0.106857743, 0.0389765208, 0.0715847057, 0.0245848285;0.028680906, 0.0697530531, 0.0284285669, 0.0217945345, 0.0713468901, 0.0372944607, 0.0546664132, 0.061223422, 0.0417053051, 0.0655258632, 0.0134082329, 0.0290632433, 0.0992946467, 0.0599045918, 0.0570909307, 0.0282099764, 0.0183561888;0.0557799788, 0.0376664342, 0.0494085513, 0.0933660351, 0.0559322888, 0.0522630372, 0.0850547678, 0.0758300213, 0.037355591, 0.0602348123, 0.0907810563, 0.109005941, 0.0365075146, 0.042139289, 0.0832441665, 0.0359090063, 0.0740749572;0.0789147583, 0.0899208895, 0.192102068, 0.0450485005, 0.149719975, 0.125662215, 0.110701181, 0.100493075, 0.0877854471, 0.136215943, 0.0425293741, 0.0538353104, 0.15172732, 0.0325586238, 0.0809674274, 0.117342755, 0.0950514128;0.106970443, 0.118295892, 0.0420729306, 0.202875927, 0.0719976649, 0.0680792979, 0.106249805, 0.13366015, 0.0607944624, 0.196033134, 0.0899854388, 0.216356858, 0.0489837242, 0.0950598358, 0.0899741586, 0.0419062169, 0.0841412542;0.0534851746, 0.0492900319, 0.0979748721, 0.0559582951, 0.0928228999, 0.0377461738, 0.199954143, 0.119959535, 0.0699185715, 0.081804812, 0.146957546, 0.087418965, 0.0544862077, 0.0403099301, 0.0934690381, 0.0213083733, 0.0604760119;0.0873712992, 0.0541382909, 0.0344918833, 0.0552629485, 0.0736222437, 0.083458038, 0.083850108, 0.0843486731, 0.0290430913, 0.0891172966, 0.0284068342, 0.0737210441, 0.0799030779, 0.0566097076, 0.119539529, 0.101516518, 0.0595758295;0.0396275045, 0.061568652, 0.0674932794, 0.0323657935, 0.0393601864, 0.0562097236, 0.104017408, 0.0795779975, 0.0563602422, 0.0757100034, 0.0351658413, 0.0694956268, 0.0224168609, 0.026304165, 0.0413552454, 0.0878380936, 0.0844475099;0.0713088754, 0.144109705, 0.0339180509, 0.0575496155, 0.0684982077, 0.118556847, 0.0916863071, 0.0903564397, 0.0356595739, 0.121823228, 0.0322362457, 0.0925865848, 0.24297293, 0.106093807, 0.101530327, 0.0742266531, 0.0821268709;0.122751168, 0.21652765, 0.0935727956, 0.0786168634, 0.099692796, 0.0898148779, 0.081472419, 0.102237789, 0.087840323, 0.236908089, 0.0645783315, 0.241500573, 0.0786276943, 0.122191875, 0.141964378, 0.0288678656, 0.110044418;0.127806456, 0.0872344823, 0.0457843224, 0.107695063, 0.0851649237, 0.0569960035, 0.0932390087, 0.12808315, 0.0836795903, 0.0868233724, 0.120151651, 0.174577511, 0.0586199035, 0.0435364287, 0.131290551, 0.0257138989, 0.134701595];
kernel_data_test = [0.9526019, 0.9167675, 0.0815146, 0.8298677, 0.4511736, 0.8658861, 0.0892863, 0.8227691, 0.1596425, 0.3338416, 0.0288484, 0.1237281, 0.4457259, 0.8183383, 0.7736698, 0.2352978, 0.1516904;0.3892635, 0.8832683, 0.0914251, 0.542914, 0.0888075, 0.4702121, 0.1267915, 0.0803369, 0.1908493, 0.255256, 0.2762654, 0.6452679, 0.0549819, 0.0808091, 0.1887062, 0.8720631, 0.6286049;0.7303697, 0.3703622, 0.2132203, 0.0379614, 0.4885356, 0.574281, 0.8970028, 0.882093, 0.4246852, 0.4235779, 0.1611229, 0.257449, 0.9256636, 0.141036, 0.9686995, 0.5047386, 0.4566068;0.1746384, 0.6615413, 0.4598455, 0.3706631, 0.2645162, 0.0664868, 0.5193281, 0.3129083, 0.7078652, 0.7235224, 0.332107, 0.6691207, 0.2586752, 0.7271737, 0.0160771, 0.1516088, 0.2450087;0.7729355, 0.0663763, 0.1880571, 0.3586241, 0.009175, 0.762121, 0.5601051, 0.9006794, 0.031031, 0.2713907, 0.7312517, 0.6751494, 0.2430574, 0.5956877, 0.7937577, 0.0333807, 0.7176284;0.2520971, 0.9478513, 0.5382202, 0.0333862, 0.4034306, 0.9663119, 0.730373, 0.300479, 0.5752673, 0.5991014, 0.0233482, 0.1788334, 0.5517769, 0.4027526, 0.1900378, 0.7726687, 0.4889949;0.3099731, 0.1616773, 0.6111634, 0.6662613, 0.6695972, 0.2202874, 0.5953384, 0.9054065, 0.3531876, 0.2107669, 0.7721495, 0.1768829, 0.2537487, 0.1006444, 0.2678743, 0.4103351, 0.0641579;0.8717089, 0.5136748, 0.5881036, 0.3712858, 0.6698352, 0.4317817, 0.7613138, 0.8214021, 0.6718491, 0.4913356, 0.7822694, 0.4942853, 0.1115099, 0.1163402, 0.9485831, 0.213563, 0.815925;0.2467054, 0.4307801, 0.6549481, 0.1588672, 0.7372465, 0.689913, 0.5430829, 0.5658898, 0.1057718, 0.4359492, 0.0865714, 0.3078633, 0.9003121, 0.5745334, 0.7427034, 0.5738859, 0.1942368;0.5948083, 0.7553881, 0.138405, 0.8169067, 0.5553922, 0.0042752, 0.5197785, 0.3956715, 0.2964465, 0.7712572, 0.8994999, 0.7626531, 0.8467726, 0.9087809, 0.9126293, 0.1146381, 0.4563855;0.0002865, 0.5064626, 0.9242439, 0.1991023, 0.6397866, 0.644379, 0.160354, 0.2385274, 0.4620218, 0.1882094, 0.584994, 0.4845417, 0.5191982, 0.1344676, 0.5172518, 0.0494782, 0.8815353];
