accuracy = 1e-09
init_random = 42
name = 'Distance'
data_type = 'double'
km_train = [1, 0.0729145047, 0.126066161, 0.0551894449, 0.149944625, 0.0598292012, 0.0832258827, 0.0855101423, 0.125473484, 0.139107667, 0.170697997;0.0729145047, 1, 0.070723567, 0.130582737, 0.0284062072, 0.0645725463, 0.0662063764, 0.0349120825, 0.0230296486, 0.0740760199, 0.077761608;0.126066161, 0.070723567, 1, 0.0777062116, 0.106155032, 0.0441322358, 0.107783502, 0.115554138, 0.0397669803, 0.101744848, 0.146555161;0.0551894449, 0.130582737, 0.0777062116, 1, 0.0480825759, 0.037836905, 0.135016032, 0.0672552708, 0.0250456978, 0.0487117044, 0.0995424764;0.149944625, 0.0284062072, 0.106155032, 0.0480825759, 1, 0.0336500072, 0.0915908704, 0.073071471, 0.0437451636, 0.0430823508, 0.106121273;0.0598292012, 0.0645725463, 0.0441322358, 0.037836905, 0.0336500072, 1, 0.0682506685, 0.0385553998, 0.0295956207, 0.0629794718, 0.0480942969;0.0832258827, 0.0662063764, 0.107783502, 0.135016032, 0.0915908704, 0.0682506685, 1, 0.0679799358, 0.0348931526, 0.0439869827, 0.127826809;0.0855101423, 0.0349120825, 0.115554138, 0.0672552708, 0.073071471, 0.0385553998, 0.0679799358, 1, 0.0613745862, 0.0498776469, 0.0701647299;0.125473484, 0.0230296486, 0.0397669803, 0.0250456978, 0.0437451636, 0.0295956207, 0.0348931526, 0.0613745862, 1, 0.0517264731, 0.0610659707;0.139107667, 0.0740760199, 0.101744848, 0.0487117044, 0.0430823508, 0.0629794718, 0.0439869827, 0.0498776469, 0.0517264731, 1, 0.0907184751;0.170697997, 0.077761608, 0.146555161, 0.0995424764, 0.106121273, 0.0480942969, 0.127826809, 0.0701647299, 0.0610659707, 0.0907184751, 1]
data_train = [0.474517611, 0.456357556, 0.263414236, 0.933640771, 0.128254485, 0.379433549, 0.854677263, 0.948207747, 0.015084402, 0.276236339, 0.24189054;0.98783647, 0.703673757, 0.427905561, 0.800370266, 0.881755277, 0.335147656, 0.342892507, 0.591059428, 0.996048479, 0.157464684, 0.500011859;0.560095995, 0.0881723488, 0.842014654, 0.199738047, 0.280260095, 0.191932011, 0.200167229, 0.382390929, 0.588434966, 0.733914509, 0.115704475;0.640506225, 0.0374014536, 0.508003842, 0.0185279688, 0.629556697, 0.680603523, 0.555259036, 0.372841103, 0.270635358, 0.232575824, 0.529706685;0.916087054, 0.0311996782, 0.447686723, 0.127699211, 0.790638039, 0.0141455683, 0.194521994, 0.459651802, 0.853768793, 0.0403489754, 0.683492117;0.476143289, 0.345312638, 0.924001128, 0.857565231, 0.806774444, 0.160374169, 0.755120969, 0.0737590572, 0.0302925032, 0.291675357, 0.546681151;0.333672912, 0.5924703, 0.38924333, 0.962876778, 0.280539928, 0.259924668, 0.776752337, 0.0533324076, 0.130560751, 0.39403385, 0.931546829;0.363289586, 0.371944161, 0.188882595, 0.162016142, 0.0471941468, 0.797694976, 0.596721336, 0.136566265, 0.6138053, 0.206189658, 0.14110827;0.876887279, 0.239891578, 0.108416469, 0.179943365, 0.0119208306, 0.217198969, 0.0234013799, 0.100456251, 0.884163789, 0.772192996, 0.824062597;0.648221447, 0.298674585, 0.275949836, 0.928518434, 0.586936745, 0.860484625, 0.59309378, 0.562631958, 0.838686899, 0.906582478, 0.672248724;0.947136692, 0.485615316, 0.528385961, 0.478224446, 0.870178957, 0.0216503193, 0.405647631, 0.879583, 0.39273767, 0.91322706, 0.383247388]
feature_class = 'simple'
kernel_arg1_distance = 'CanberraMetric'
data_test = [0.0254317065, 0.564519313, 0.327843148, 0.74671868, 0.157900159, 0.467326252, 0.185204551, 0.400037844, 0.880392689, 0.124827126, 0.101198377, 0.0574413248, 0.919472591, 0.856016105, 0.76079225, 0.0831618741, 0.583663129;0.645561482, 0.903026564, 0.0519908853, 0.0661180544, 0.696430856, 0.794979516, 0.575499113, 0.181286141, 0.378440085, 0.259386349, 0.0356658998, 0.907166728, 0.65634275, 0.31890678, 0.038280852, 0.994381832, 0.326930576;0.0834147115, 0.0171760764, 0.391383245, 0.802790871, 0.649720886, 0.0439602414, 0.890363462, 0.374436181, 0.535102943, 0.827409522, 0.441104092, 0.391300536, 0.447917031, 0.504956533, 0.175301194, 0.191903534, 0.638934957;0.248614586, 0.587914144, 0.0117873041, 0.137985965, 0.322537242, 0.727477643, 0.585968044, 0.428219763, 0.0944497167, 0.233916039, 0.789761123, 0.0803703227, 0.108977816, 0.391664792, 0.712653345, 0.790482996, 0.73038364;0.695847245, 0.970918078, 0.312006428, 0.366233786, 0.584604836, 0.29045689, 0.981252087, 0.571528299, 0.698409381, 0.434950176, 0.787627418, 0.901135945, 0.76654119, 0.451499683, 0.16178986, 0.857178695, 0.216562056;0.823972289, 0.760194563, 0.39131813, 0.785110027, 0.501435422, 0.0692950393, 0.435410461, 0.220747655, 0.561300942, 0.814797078, 0.843345836, 0.778796575, 0.579055453, 0.696215585, 0.935548463, 0.406398627, 0.597625098;0.868862704, 0.177940213, 0.698714179, 0.261016712, 0.346412198, 0.453436728, 0.969677149, 0.381441931, 0.168872852, 0.0906127041, 0.720024397, 0.592636421, 0.927035089, 0.728166707, 0.697557426, 0.29284371, 0.884906889;0.577823726, 0.914254594, 0.902030222, 0.196411118, 0.773866125, 0.880851835, 0.145838303, 0.112416931, 0.749592406, 0.0863561505, 0.383120786, 0.0312515735, 0.635690336, 0.283782151, 0.400983944, 0.301307874, 0.49112893;0.210448519, 0.821105001, 0.733129802, 0.463502062, 0.267575101, 0.0189416252, 0.455983785, 0.472377497, 0.700722162, 0.10861816, 0.742249502, 0.196017423, 0.349688636, 0.889369333, 0.826235321, 0.0213843221, 0.123651318;0.501889096, 0.586353909, 0.8280709, 0.0139847176, 0.408921714, 0.346967488, 0.498482992, 0.456253313, 0.351655108, 0.666068079, 0.737615327, 0.114167414, 0.484462569, 0.59364517, 0.936755962, 0.652910368, 0.231841423;0.407851362, 0.902887461, 0.548197151, 0.615313197, 0.930259281, 0.23567017, 0.592233027, 0.361114857, 0.956510557, 0.32471007, 0.853148819, 0.11635262, 0.139530675, 0.722310382, 0.143820287, 0.401338807, 0.606521457]
km_test = [0.07066598, 0.271550218, 0.091203894, 0.0711248779, 0.233576801, 0.0619523259, 0.210942188, 0.144708511, 0.190750795, 0.0555139987, 0.198511661, 0.045105377, 0.12112265, 0.258631509, 0.0891713125, 0.17834029, 0.12647982;0.104510956, 0.0461105983, 0.0669848517, 0.0345591731, 0.0813854183, 0.0669900862, 0.0662378306, 0.0642896907, 0.0625792842, 0.0268743591, 0.0333485205, 0.046268354, 0.0862891057, 0.0609661079, 0.0457465155, 0.0559731872, 0.0919970178;0.0901237884, 0.0653286531, 0.0529625343, 0.106590033, 0.189315682, 0.0647298142, 0.208010409, 0.157601778, 0.0893250478, 0.203540868, 0.0838002768, 0.0601209652, 0.0690823618, 0.170546463, 0.048401615, 0.0922650046, 0.237231625;0.0893853295, 0.0399148613, 0.0805096565, 0.0510853077, 0.0487848948, 0.0326030623, 0.0752049531, 0.0522017361, 0.048722207, 0.0513904258, 0.0433577061, 0.0514861423, 0.100664042, 0.0963334852, 0.0976385954, 0.0560084732, 0.094433217;0.0681394094, 0.106435665, 0.0305765233, 0.0330963135, 0.132116295, 0.0553939379, 0.11763729, 0.080209237, 0.0582681783, 0.0989066224, 0.112643487, 0.0796181864, 0.0478594483, 0.0794936575, 0.0332174058, 0.243586764, 0.0509252168;0.0379463173, 0.0478926965, 0.0405395703, 0.0190994547, 0.0628679353, 0.0562556377, 0.0375437069, 0.0712494809, 0.0430252323, 0.0297473103, 0.031194546, 0.01860095, 0.0439127597, 0.0423299881, 0.0561112895, 0.0534465247, 0.0588126889;0.119879441, 0.0768630206, 0.0699209645, 0.0432979676, 0.0728470086, 0.121635427, 0.075674411, 0.0815467562, 0.0800755433, 0.0639725609, 0.0722123242, 0.0275003329, 0.112455074, 0.204522195, 0.157498954, 0.142209521, 0.22688024;0.048260988, 0.0568191664, 0.0306256165, 0.0446295718, 0.0915572357, 0.0567342987, 0.0843669022, 0.116993075, 0.0832467897, 0.114518652, 0.0399727659, 0.0273442306, 0.0663960506, 0.13017845, 0.0275329277, 0.0545978975, 0.0753506676;0.0980142493, 0.0818285559, 0.0419367088, 0.0295233049, 0.0914239912, 0.0369566731, 0.0599642603, 0.0578432644, 0.0889390637, 0.0597227136, 0.0622449263, 0.0328188536, 0.0653973898, 0.0709682864, 0.0303106687, 0.0765807583, 0.0321409774;0.0344204459, 0.0509867541, 0.0984196413, 0.0912522943, 0.108326543, 0.0234494388, 0.108926217, 0.152637544, 0.08444402, 0.0749242228, 0.0936128312, 0.0205597147, 0.0439115445, 0.136293604, 0.0629654324, 0.0442112553, 0.0654760532;0.163080712, 0.113181221, 0.0838899583, 0.0445002058, 0.109805835, 0.0555904526, 0.307958551, 0.183063613, 0.0810673491, 0.08886849, 0.134462685, 0.0464652898, 0.11180868, 0.198665084, 0.103868066, 0.135724569, 0.0912390081]
data_class = 'rand'
kernel_arg0_width = 1.7
feature_type = 'Real'
