accuracy = 1e-09
name = 'FixedDegreeString'
data_type = ''
km_train = [1, 0, 0.0175438596, 0.0175438596, 0.0701754386, 0.0175438596, 0, 0, 0.0350877193, 0.0175438596, 0.0175438596;0, 1, 0.0175438596, 0.0175438596, 0, 0.0350877193, 0, 0.0175438596, 0.0350877193, 0, 0.0350877193;0.0175438596, 0.0175438596, 1, 0, 0.0175438596, 0.0175438596, 0, 0, 0.0350877193, 0, 0.0175438596;0.0175438596, 0.0175438596, 0, 1, 0.0175438596, 0.0175438596, 0, 0.0350877193, 0, 0, 0;0.0701754386, 0, 0.0175438596, 0.0175438596, 1, 0, 0, 0, 0.0877192982, 0, 0;0.0175438596, 0.0350877193, 0.0175438596, 0.0175438596, 0, 1, 0, 0.0350877193, 0, 0.0175438596, 0.0526315789;0, 0, 0, 0, 0, 0, 1, 0.0350877193, 0.0175438596, 0.0526315789, 0.0701754386;0, 0.0175438596, 0, 0.0350877193, 0, 0.0350877193, 0.0350877193, 1, 0, 0.0350877193, 0;0.0350877193, 0.0350877193, 0.0350877193, 0, 0.0877192982, 0, 0.0175438596, 0, 1, 0, 0.0175438596;0.0175438596, 0, 0, 0, 0, 0.0175438596, 0.0526315789, 0.0350877193, 0, 1, 0.0350877193;0.0175438596, 0.0350877193, 0.0175438596, 0, 0, 0.0526315789, 0.0701754386, 0, 0.0175438596, 0.0350877193, 1]
data_train = ['CACTGTTGGGCAGCTTCGAAAGCTCCACGCCGGACCATGGTTGTATCTATGTGTAGGTAG', 'TGCCGAGCCTTGCGAATGCAGGTACAGTGCATCGACAATTCTCGCGTGGCTCTCGCTATT', 'ACCTTAGAGCGGATAATAGGGGATCCCATGGTGGCGTCGTGCCCGCTTCTGCTAGGGCCG', 'TCCCGTCCGGACACCCGAGTTACCTTGTCTGCGTCCGGCACTACCAAAGTATGCAAGTAT', 'TTGGGAATAGTGGCTGACAGCTTCAGCAAGGTTAATATTTGAACCTCGGGGTGTCGGTCT', 'AGCCGCCCAATTTGCTATCTTCTTAGTGTATGCTGAACCGATGTTCGCGTTGTAGTACGG', 'CTTTCACGACGCAAAGAAACGAGACCTACGTGTCCCTGCCGCAGAAATACCGCTTACGTT', 'ACGGAACAACGTCTGTTTTCAGGCATGGGTCGTTCCTCCACCATTTCCGTTCTTTTAAGC', 'TTGGTTAATAGAGCTGCTTTCACTAAGTGAGTTCGGTCTCGCCATATATGAGAGAATAAT', 'CAGGATGGAGAAGGCCACGTGCAGAGTACAGGCACCTAGAAGAGATGATCTTAACCCTTG', 'TTTCCGTGAGGTTTGCGTCTTGTACTCGCGTGTCTCATCTGCTAGGGATGCCCAGCACGG']
feature_class = 'string'
seqlen = 60
data_test = ['GTGCAGAAAAATTTAAGTGCACGATCGTGTTCCCACATTCTAGGTCGGACCTGTGCTGCG', 'GCGCTCGTCAGCTTCCCCTTCACCTATGGCGGTCCGACTACCGAGAAGCTACACTTAGGA']
kernel_arg0_degree = 3
km_test = [0.0350877193, 0;0.0526315789, 0;0.0175438596, 0;0, 0.0350877193;0.0350877193, 0;0.0175438596, 0;0.0175438596, 0.0350877193;0, 0.0350877193;0.0175438596, 0.0526315789;0, 0;0.0350877193, 0.0175438596]
alphabet = 'DNA'
data_class = 'dna'
feature_type = 'Char'
