accuracy = 1e-09
name = 'FixedDegreeString'
data_type = ''
km_train = [1, 0.0175438596, 0.0175438596, 0.0175438596, 0, 0, 0.0175438596, 0.0175438596, 0, 0, 0.0526315789;0.0175438596, 1, 0.0175438596, 0.105263158, 0, 0.0350877193, 0.0526315789, 0.0175438596, 0.0526315789, 0, 0.0175438596;0.0175438596, 0.0175438596, 1, 0.0175438596, 0, 0, 0, 0.0175438596, 0, 0, 0.0350877193;0.0175438596, 0.105263158, 0.0175438596, 1, 0, 0.0350877193, 0.0175438596, 0.0175438596, 0.0175438596, 0, 0.0175438596;0, 0, 0, 0, 1, 0, 0.0350877193, 0, 0, 0.0175438596, 0;0, 0.0350877193, 0, 0.0350877193, 0, 1, 0.0350877193, 0.0175438596, 0, 0, 0.0175438596;0.0175438596, 0.0526315789, 0, 0.0175438596, 0.0350877193, 0.0350877193, 1, 0.0175438596, 0.0701754386, 0, 0;0.0175438596, 0.0175438596, 0.0175438596, 0.0175438596, 0, 0.0175438596, 0.0175438596, 1, 0.0175438596, 0, 0.0175438596;0, 0.0526315789, 0, 0.0175438596, 0, 0, 0.0701754386, 0.0175438596, 1, 0.0175438596, 0.0526315789;0, 0, 0, 0, 0.0175438596, 0, 0, 0, 0.0175438596, 1, 0.0175438596;0.0526315789, 0.0175438596, 0.0350877193, 0.0175438596, 0, 0.0175438596, 0, 0.0175438596, 0.0526315789, 0.0175438596, 1]
data_train = ['CAATTGTACTCGGTAGTAACGACTTTCTAAATCATGGCCAATACCCTACCGTAGGAAACT', 'GGACTTCTGGTAATCGTGATTCCGTGCATTTTTAACGCCCGGCGGCTGTGACATGGCTCG', 'AGCTCACTGAGAGAGGATGTCATCTTAAGGAGTTGAATGGGTGTAGGTGGCCAGGCAAGG', 'CTACCTAGAAGAATAACCAGGCGAGATTTCGGGAACGCCCCGGGACTCGAGCCGATACCG', 'CGGTCGGCACCATTTAAAAGTCTAATACGCACCGTGTGGGTCGAGCCTCGCTCTTTTGGC', 'GCCTTAGGGAATGCCACCATGCCATCTGCCTAGTATGGCTTGCGATGTTGCGATGTCCAG', 'TCCATTGGGACTATATGTCGTAATCGGGTCACCCGCGTGAGGACCTCCTGACACAGTTCT', 'AACATGGTTCCCTACTGAGTCCCTTAAAACTAAGCGACCCTAAAAAAACAGGCTCTAGCA', 'CATCCCCGGGGCATATGATTTAAGTGCCTGTTGTGTCCAATTTCAGACGTACTTGGGACA', 'TATCGATTTACACAACAGGCAGGCAGATTAGCCAATCAGGTGGACGGAAAAACGCACCTG', 'TGGACCTCATCGCTAGTGTAGCATAAAGGGAGCGATGATGCTAACGTTGTACTCATAGGG']
feature_class = 'string'
seqlen = 60
data_test = ['GCCAGTAACTAAGCATGGGCCGCTAGCCGCGTCATGCGCACGTAAGTGGCGGCATCGTCG', 'CTGTTACTCTACTCGATCAGTACAGATCACGCAGCATTTTGATTAATAAGTGCTCAAATT']
kernel_arg0_degree = 3
km_test = [0.0701754386, 0.0175438596;0, 0;0, 0.0175438596;0, 0.0526315789;0.0175438596, 0.0175438596;0.0175438596, 0.0175438596;0.0350877193, 0.0175438596;0.0175438596, 0.0526315789;0.0350877193, 0;0.0175438596, 0;0, 0]
alphabet = 'DNA'
data_class = 'dna'
feature_type = 'Char'
