kernel_arg1_degree = 3;
kernel_alphabet = 'DNA';
kernel_arg0_size = 10;
init_random = 42;
kernel_feature_type = 'Char';
kernel_accuracy = 1e-09;
kernel_data_train = {'TTGCCCCAGCGCCATGAGTTGAGTGTCATGACTAACTTGGCATACGAGGGACGTATGTAC', 'ACTAGAGAACTAAATGGGAGACGGAATGAATTTCCAGAAAGCGTGCTCATAGCGGAGTCC', 'CTGTAAAAGTCTATATATACCCGTGGAGCTCGACCCCATATAAGGCGCGGCTGCTTGATA', 'ACGTGTAAGTGAAACATGGAAGTGTTAAGCCCCTACGGGTTGACGTTGGAAAACCGGGCC', 'TATCGAACGCGCCTTGAATATCTCCGTTGTGTTCGGGTCACACTGTATGAGTAGTAGCCG', 'ATACGCCTTTGTTCCACTGGAACTCTAGGTAAATAAGGTTGTGCTGCGCAGTGATACCAC', 'GTTTCGTCTCCGGGCGTTAAGCACTTCCGAGACCGGCACGAAGTCCTTCTGTCTTCTCAC', 'TGGGACGTACAACGAATTCGCTGTAGGCCGGAGAAGCCCGCTCGCGGCCCAAGTCCAATG', 'ACTACGGCTAGAGTCGTAGTGAACAGAACCGGAAACAGATCCTGGTCTCTCCGAACGTGT', 'GAAGCACGCTGGTCGTGTCGATTTGAATCCGCGCGTACCTCCGCTTGGAGGCATCGACTC', 'GACTGTTTTATAAACGCACCTCACCGCCCCTATGATTGCGCATTATGACCTTAGTTAGTC'};
kernel_matrix_train = [1, 0.0172413793, 0.0172413793, 0, 0.0689655172, 0, 0, 0, 0.0344827586, 0, 0.0344827586;0.0172413793, 1, 0, 0.0172413793, 0.0172413793, 0, 0, 0, 0.0344827586, 0, 0.0344827586;0.0172413793, 0, 1, 0.0344827586, 0, 0, 0, 0, 0, 0, 0;0, 0.0172413793, 0.0344827586, 1, 0, 0, 0, 0, 0, 0, 0.0517241379;0.0689655172, 0.0172413793, 0, 0, 1, 0.0172413793, 0.0172413793, 0, 0, 0, 0.0517241379;0, 0, 0, 0, 0.0172413793, 1, 0.0172413793, 0, 0, 0.0172413793, 0;0, 0, 0, 0, 0.0172413793, 0.0172413793, 1, 0, 0.0344827586, 0, 0.0172413793;0, 0, 0, 0, 0, 0, 0, 1, 0, 0.0172413793, 0.0172413793;0.0344827586, 0.0344827586, 0, 0, 0, 0, 0.0344827586, 0, 1, 0.0344827586, 0;0, 0, 0, 0, 0, 0.0172413793, 0, 0.0172413793, 0.0344827586, 1, 0;0.0344827586, 0.0344827586, 0, 0.0517241379, 0.0517241379, 0, 0.0172413793, 0.0172413793, 0, 0, 1];
kernel_name = 'FixedDegreeString';
kernel_seqlen = 60;
kernel_feature_class = 'string';
kernel_matrix_test = [0, 0, 0.0172413793, 0.0517241379, 0, 0.0172413793, 0.0344827586, 0.0172413793, 0, 0.0517241379, 0, 0, 0.0172413793, 0.0172413793, 0.0517241379, 0.0344827586, 0.0172413793;0, 0, 0, 0, 0, 0, 0, 0, 0, 0.0172413793, 0, 0.0172413793, 0.0172413793, 0.0517241379, 0, 0.0172413793, 0;0.0172413793, 0, 0, 0, 0.0517241379, 0.0172413793, 0.0172413793, 0.0344827586, 0, 0, 0.0344827586, 0.0172413793, 0, 0.0517241379, 0.0172413793, 0.0172413793, 0;0, 0, 0, 0.0172413793, 0.0344827586, 0, 0.0172413793, 0, 0, 0.0172413793, 0.0517241379, 0.0517241379, 0, 0, 0.0172413793, 0, 0.0344827586;0, 0.0862068966, 0.0344827586, 0, 0, 0.0862068966, 0.0344827586, 0, 0.0172413793, 0.0172413793, 0.0172413793, 0.0172413793, 0.0689655172, 0.0172413793, 0, 0.0344827586, 0.0172413793;0, 0, 0.0172413793, 0, 0.0172413793, 0.0344827586, 0.0689655172, 0.0172413793, 0, 0, 0.0344827586, 0.0172413793, 0.0172413793, 0, 0.0344827586, 0, 0.0172413793;0.0172413793, 0, 0, 0.0344827586, 0, 0, 0.0517241379, 0.0862068966, 0.0344827586, 0, 0.0517241379, 0.0172413793, 0, 0, 0, 0, 0.0344827586;0.0344827586, 0.0344827586, 0, 0, 0.0517241379, 0.0344827586, 0, 0, 0.0172413793, 0.0172413793, 0.0172413793, 0.0517241379, 0, 0.0344827586, 0.0344827586, 0.0517241379, 0;0, 0.0172413793, 0, 0.0172413793, 0.0344827586, 0, 0.0172413793, 0.0689655172, 0.0172413793, 0, 0.0172413793, 0.0517241379, 0, 0.0344827586, 0, 0.0344827586, 0.0344827586;0.0344827586, 0.0172413793, 0, 0.0172413793, 0.0344827586, 0.0172413793, 0.0344827586, 0.0517241379, 0.0172413793, 0.0172413793, 0.0344827586, 0, 0, 0.0344827586, 0, 0.0344827586, 0;0.0517241379, 0.0172413793, 0.0172413793, 0.0344827586, 0.0172413793, 0, 0, 0, 0.0344827586, 0, 0, 0.0172413793, 0.0689655172, 0.0862068966, 0.0172413793, 0.0517241379, 0.0172413793];
kernel_data_test = {'CTATCAAAAGATGCCGCATCAGGCTGGCTCGCGAATCCGGAATGCTGAACTAATAGAGCA', 'GGGGGGGGGGAACTTGCATTATCCGGTACCCGCCCGGGACAACAGTATAGGTACACTTGG', 'TCATCAAGGCGTTGTTCCCACCAACGTGCCAATCTGAGCCGTTTAAACCGGTTATCCTAT', 'GTTGAACATCTGACCCGAGCTTAAGTCCACCCGCACTCTGCAGGGTGATGCGGACCCAAA', 'CTACCTAAATGACAATCGCGCCGAGTATACGGATTATGTATATGCATGCCTCATCCATAG', 'TATCGCGCATATACTATCCGCCGCATTCGGGCTAGTGTCCTCGATGCCGAGGATCCCGTA', 'CATCGCTGTAGTGATCACGTCCGCTTCATAAAATGTACTTGATCGGGGGACGCCACTCGG', 'ATCTAACCTAGATTCAGAAGTTGGTGCTAAGACCGTACAGGCAGGACCTTGTGTACGGAC', 'CCCGTGTTCCATAGCTCTCCGTGTTTCCATTGCATATCCTACTGTTAACCCTAGAACTAG', 'GAGTGAGGAAAACCCTGTGACTAACCCACGCGGGAGACGACAACTCCGGTTTTAGTGTAC', 'TCGAGTCAATGAATTACTGTCGGTCACTCCGAACGGTTCGAAACACGCGCAAAAGTCCTA', 'AGGGGACATTCACACGTCAAAATATGGCGCCCTCCCAAAGCTGAGGGGGAGCGATCGTTG', 'ATGGTAAGTCGCGTAGTCCATCCCCGTCGGCATGGATGTTTTATATCGATACTGACAGTG', 'ACTAGCTTCGGCCGATAACACCGTTATCCCCTCGATTCGGGGGAGCCTACAACTCGAGTC', 'TTGCGTACCCTCCGAAGCCAGTTAGTCTTACAATTAGGCGTAAACCCGTCCTTACTACCA', 'ACTTTAATGCACCATATTCGGACGGGCCCCGTGGGGGATACAATCTCCCGTCCTACCACA', 'TGTGGGTACGTTGAATCATAGGACAGCATCCAATCCTGCTGAGTCGTGAAGCTCCGGCAG'};
