kernel_arg0_size = 10;
init_random = 42;
kernel_feature_type = 'Real';
kernel_accuracy = 1e-08;
kernel_data_train = [0.0965872303, 0.803407827, 0.866126059, 0.583761421, 0.366000548, 0.652629636, 0.305664073, 0.238385692, 0.48814521, 0.216153828, 0.483703608;0.956606505, 0.839784036, 0.94163092, 0.806328975, 0.354750936, 0.812045239, 0.922915744, 0.947035788, 0.683197851, 0.211366644, 0.0397291534;0.147200228, 0.965546918, 0.462096824, 0.854986015, 0.465044154, 0.660817583, 0.0241407771, 0.249864943, 0.43626928, 0.630631047, 0.171521188;0.764551464, 0.364404706, 0.817435269, 0.0979690904, 0.679756588, 0.293328333, 0.795383174, 0.402170427, 0.665349632, 0.934305269, 0.020626632;0.0111167823, 0.770279252, 0.646393052, 0.292979721, 0.494396703, 0.0419356656, 0.192445605, 0.424496375, 0.834044416, 0.479667183, 0.586362505;0.873753792, 0.308818914, 0.700699321, 0.861667259, 0.202615701, 0.356478165, 0.979810174, 0.983218565, 0.22322993, 0.0664458389, 0.270921611;0.397731957, 0.441005601, 0.618806307, 0.89950276, 0.330348012, 0.849984535, 0.0934789209, 0.041874699, 0.504045183, 0.0596622233, 0.392489801;0.896778117, 0.241483036, 0.705975775, 0.302365392, 0.0449200552, 0.556690581, 0.834853491, 0.409468448, 0.617293826, 0.900023598, 0.789694513;0.193876399, 0.733383959, 0.501893025, 0.745966808, 0.494515551, 0.127958164, 0.569909447, 0.492133992, 0.517921734, 0.878902454, 0.894837047;0.453537107, 0.455732041, 0.515186959, 0.519589278, 0.950387144, 0.649400467, 0.277456995, 0.531536797, 0.627223583, 0.639771721, 0.585254226;0.177736155, 0.0335931891, 0.337843052, 0.427522155, 0.0618042396, 0.814967338, 0.344077438, 0.913632746, 0.154410108, 0.0569349569, 0.482316104];
kernel_matrix_train = [1, 0.100903697, 0.35742375, 0.175592272, 0.169431148, 0.240337911, 0.734265734, 0.355195198, 0.281698459, 0.165766891, 0.111503279;0.100903697, 1, 0.449681441, 0.449545392, 0.392029958, 0.225652971, 0.121654775, 0.152507649, 0.565246367, 0.2223385, 0.202938911;0.35742375, 0.449681441, 1, 0.388181443, 0.276637424, 0.36181033, 0.414626661, 0.317052883, 0.647944301, 0.212288683, 0.197938381;0.175592272, 0.449545392, 0.388181443, 1, 0.216440581, 0.458083825, 0.167669204, 0.275114469, 0.288573333, 0.0894625162, 0.20983318;0.169431148, 0.392029958, 0.276637424, 0.216440581, 1, 0.209576541, 0.152153862, 0.181027889, 0.57874621, 0.396464886, 0.275528315;0.240337911, 0.225652971, 0.36181033, 0.458083825, 0.209576541, 1, 0.157072111, 0.262113291, 0.294342187, 0.0907231005, 0.182827916;0.734265734, 0.121654775, 0.414626661, 0.167669204, 0.152153862, 0.157072111, 1, 0.522789521, 0.283545974, 0.193865956, 0.15756981;0.355195198, 0.152507649, 0.317052883, 0.275114469, 0.181027889, 0.262113291, 0.522789521, 1, 0.245774062, 0.103426188, 0.185907281;0.281698459, 0.565246367, 0.647944301, 0.288573333, 0.57874621, 0.294342187, 0.283545974, 0.245774062, 1, 0.472635375, 0.380260797;0.165766891, 0.2223385, 0.212288683, 0.0894625162, 0.396464886, 0.0907231005, 0.193865956, 0.103426188, 0.472635375, 1, 0.313739736;0.111503279, 0.202938911, 0.197938381, 0.20983318, 0.275528315, 0.182827916, 0.15756981, 0.185907281, 0.380260797, 0.313739736, 1];
kernel_name = 'Gaussian';
kernel_arg1_width = 1.3;
kernel_feature_class = 'simple';
kernel_matrix_test = [0.127107155, 0.174253283, 0.125703737, 0.142102736, 0.188834203, 0.118530874, 0.0524251808, 0.0854424911, 0.14091775, 0.293295203, 0.367080301, 0.125145961, 0.0913654888, 0.252358027, 0.137171965, 0.194230531, 0.319894346;0.160933841, 0.452872255, 0.263029544, 0.137412683, 0.206920824, 0.195024354, 0.189835596, 0.251966262, 0.229852728, 0.152001527, 0.377339283, 0.300683237, 0.330382785, 0.230059113, 0.222986647, 0.274077312, 0.311966615;0.156274999, 0.737391935, 0.196250183, 0.259898016, 0.405860439, 0.261716888, 0.126979523, 0.189252528, 0.301995168, 0.392196571, 0.515838529, 0.342135191, 0.364015514, 0.236373681, 0.238026053, 0.257265931, 0.48616638;0.22122711, 0.309255514, 0.243958973, 0.0670281165, 0.191801151, 0.383997332, 0.186691007, 0.175335624, 0.229964441, 0.174667411, 0.341475746, 0.142579555, 0.413063989, 0.106694856, 0.353124765, 0.544201667, 0.571775461;0.306547651, 0.267668697, 0.22023238, 0.208764977, 0.187760689, 0.234542091, 0.175875059, 0.549751324, 0.216870075, 0.205097812, 0.492701534, 0.389579272, 0.180918931, 0.37575217, 0.413914279, 0.328733083, 0.425569899;0.285409418, 0.397624083, 0.200838549, 0.157453403, 0.321171722, 0.315264218, 0.102796602, 0.265127404, 0.383277475, 0.240165541, 0.405933478, 0.194173921, 0.24667222, 0.114097865, 0.258005751, 0.266793987, 0.421893808;0.133662536, 0.23707869, 0.169912785, 0.137648987, 0.332596333, 0.125209427, 0.10185939, 0.0797055703, 0.124877894, 0.281247987, 0.307281932, 0.14896892, 0.164542811, 0.281350544, 0.131122617, 0.208358159, 0.290417944;0.327866075, 0.256683026, 0.390069561, 0.0914044906, 0.34081904, 0.283573242, 0.309304342, 0.183466215, 0.21066182, 0.195064698, 0.275639583, 0.159457413, 0.510490118, 0.165785934, 0.274616012, 0.290038262, 0.348759012;0.180303796, 0.626555531, 0.315525495, 0.449221462, 0.281680278, 0.29652957, 0.229413824, 0.482310877, 0.371772149, 0.491192477, 0.5635484, 0.411629903, 0.233308701, 0.595327258, 0.390517182, 0.329541998, 0.345360795;0.163572086, 0.273946006, 0.292395107, 0.373343376, 0.217376963, 0.0971393316, 0.176020747, 0.213235532, 0.183467988, 0.201568457, 0.217152266, 0.191025392, 0.0564114131, 0.739230976, 0.163004234, 0.180127801, 0.177519979;0.11780833, 0.287144393, 0.269864394, 0.240246457, 0.220314446, 0.345894935, 0.373353452, 0.423593956, 0.271445071, 0.249346702, 0.19556227, 0.174070545, 0.14349156, 0.451116052, 0.4243711, 0.505519466, 0.178505305];
