accuracy = 1e-08
init_random = 42
name = 'GaussianShift'
data_type = 'double'
km_train = [1.43098407, 0.312925901, 0.558818075, 0.468894123, 0.65256851, 0.424207407, 0.53545893, 0.255320664, 0.460424436, 0.666583828, 0.739877822;0.312925901, 1.18550487, 0.660812905, 0.655383222, 0.762130404, 0.498388949, 0.411978783, 0.527601376, 0.451015507, 0.564091385, 0.335161802;0.558818075, 0.660812905, 1.34420801, 0.628692951, 0.731222085, 0.616013021, 0.602977529, 0.697106031, 0.619575426, 0.718771353, 0.500473452;0.468894123, 0.655383222, 0.628692951, 1.16712635, 0.797237382, 0.517119773, 0.595727445, 0.510867926, 0.609535131, 0.431034666, 0.450654303;0.65256851, 0.762130404, 0.731222085, 0.797237382, 1.43124131, 0.644678549, 0.520526394, 0.397742869, 0.704083339, 0.656389313, 0.606330865;0.424207407, 0.498388949, 0.616013021, 0.517119773, 0.644678549, 1.23716717, 0.340019983, 0.327245012, 0.690126145, 0.479350726, 0.570985087;0.53545893, 0.411978783, 0.602977529, 0.595727445, 0.520526394, 0.340019983, 1.20969916, 0.44254522, 0.594936493, 0.494939952, 0.469681943;0.255320664, 0.527601376, 0.697106031, 0.510867926, 0.397742869, 0.327245012, 0.44254522, 1.30033559, 0.468333783, 0.343421288, 0.343202561;0.460424436, 0.451015507, 0.619575426, 0.609535131, 0.704083339, 0.690126145, 0.594936493, 0.468333783, 1.24893512, 0.374268676, 0.552752004;0.666583828, 0.564091385, 0.718771353, 0.431034666, 0.656389313, 0.479350726, 0.494939952, 0.343421288, 0.374268676, 1.15972574, 0.476108686;0.739877822, 0.335161802, 0.500473452, 0.450654303, 0.606330865, 0.570985087, 0.469681943, 0.343202561, 0.552752004, 0.476108686, 1.24109462]
data_train = [0.134152203, 0.705888648, 0.375634854, 0.894838728, 0.385823245, 0.998242396, 0.734964515, 0.417410766, 0.807690228, 0.138522514, 0.380207217;0.435371352, 0.903827749, 0.446280381, 0.667043415, 0.803448905, 0.404959592, 0.180964269, 0.0623733445, 0.377230395, 0.65980232, 0.61857561;0.00773787906, 0.180323912, 0.443844033, 0.191024086, 0.691935633, 0.377001761, 0.715410102, 0.850963122, 0.367788672, 0.0114711801, 0.538092607;0.232386344, 0.761129334, 0.0628584854, 0.935154714, 0.339707064, 0.149840376, 0.15740159, 0.622606004, 0.924123648, 0.231453009, 0.318184006;0.425852961, 0.904166639, 0.777588127, 0.176963911, 0.86652667, 0.72823384, 0.225917242, 0.802583739, 0.204683767, 0.564088024, 0.069387499;0.0725074203, 0.549488317, 0.797111666, 0.759714478, 0.486594145, 0.765948125, 0.262577351, 0.292392823, 0.585187784, 0.538506825, 0.357957059;0.565556813, 0.431320507, 0.209399618, 0.290371124, 0.689046402, 0.756707365, 0.714604067, 0.285526774, 0.933478712, 0.533342203, 0.321080199;0.720088443, 0.0216148492, 0.141429266, 0.159844476, 0.320130911, 0.859259361, 0.00958278469, 0.0140851481, 0.716543542, 0.0301988834, 0.951840472;0.460369911, 0.451453636, 0.641827466, 0.562123908, 0.721675324, 0.328147503, 0.0475169654, 0.202179062, 0.142557167, 0.943696895, 0.8411701;0.983163139, 0.997151972, 0.334116847, 0.551194564, 0.868841853, 0.884158857, 0.534446175, 0.519791256, 0.522378038, 0.990151158, 0.152861928;0.992780336, 0.304709243, 0.507281265, 0.975188831, 0.894006084, 0.157160556, 0.959679151, 0.00894138646, 0.613864166, 0.324560173, 0.993856661]
feature_class = 'simple'
kernel_arg2_shift_step = 1
data_test = [0.183252666, 0.52130845, 0.507710725, 0.877859227, 0.471609937, 0.281499253, 0.523034472, 0.930405968, 0.860139491, 0.245283109, 0.62469585, 0.346356211, 0.429924059, 0.117344684, 0.884304411, 0.176656942, 0.175516143;0.804059291, 0.853503205, 0.00765695768, 0.901092247, 0.754822788, 0.305305537, 0.690929635, 0.763489624, 0.165953378, 0.890837747, 0.714365723, 0.323528902, 0.552682008, 0.180291388, 0.940932465, 0.772517936, 0.537534988;0.409316103, 0.0566110479, 0.166492783, 0.793567566, 0.858405787, 0.881060494, 0.882022126, 0.596414505, 0.478495317, 0.668694758, 0.714522515, 0.5166701, 0.230928777, 0.716654208, 0.910141085, 0.964744144, 0.217478603;0.334441328, 0.158097166, 0.268964095, 0.876520679, 0.025217563, 0.78943842, 0.500746469, 0.782036889, 0.0312661835, 0.398114718, 0.0567014712, 0.831824534, 0.660260859, 0.266289814, 0.597637413, 0.457722796, 0.790560054;0.114553809, 0.285116502, 0.579961847, 0.659814839, 0.20744358, 0.565218807, 0.0927712101, 0.301324286, 0.407102142, 0.0496628879, 0.0974388909, 0.505740102, 0.00489560801, 0.311489191, 0.537883925, 0.556439798, 0.570553304;0.00119388367, 0.0958755512, 0.0997172807, 0.449401866, 0.538077051, 0.813051458, 0.318396074, 0.28517078, 0.425888412, 0.128626759, 0.343321861, 0.468466342, 0.401093894, 0.291020375, 0.607700349, 0.16636859, 0.665800506;0.0636511405, 0.26343061, 0.346190305, 0.369313861, 0.613504406, 0.230868985, 0.307841691, 0.498001238, 0.535837404, 0.98850378, 0.233727827, 0.218168074, 0.473988396, 0.68703003, 0.214479595, 0.720704937, 0.133021283;0.834715075, 0.416812218, 0.655335658, 0.192648695, 0.607691816, 0.280715636, 0.646464241, 0.531162782, 0.943241991, 0.094294987, 0.9946411, 0.614486585, 0.622361868, 0.140395637, 0.180350585, 0.448631666, 0.551849673;0.559012629, 0.313483562, 0.414904828, 0.185003523, 0.540314712, 0.112637586, 0.738119125, 0.975970714, 0.885609891, 0.665701584, 0.523340268, 0.692292082, 0.524568106, 0.704451939, 0.989775034, 0.947972115, 0.956037698;0.639866066, 0.517324164, 0.514844243, 0.837651582, 0.838847192, 0.665439593, 0.721439843, 0.704603221, 0.748410851, 0.944634092, 0.149254374, 0.0245672394, 0.786654515, 0.729197844, 0.54478389, 0.125635379, 0.398961403;0.98638566, 0.714328828, 0.381304255, 0.165013965, 0.665336699, 0.338727516, 0.795908221, 0.827960393, 0.487317334, 0.851632438, 0.582200331, 0.795638944, 0.673465843, 0.928088728, 0.99319399, 0.503074869, 0.2782085]
