kernel_arg0_size = 10;
init_random = 42;
kernel_feature_type = 'Real';
kernel_arg3_shift_step = 1;
kernel_accuracy = 1e-08;
kernel_data_train = [0.0965872303, 0.803407827, 0.866126059, 0.583761421, 0.366000548, 0.652629636, 0.305664073, 0.238385692, 0.48814521, 0.216153828, 0.483703608;0.956606505, 0.839784036, 0.94163092, 0.806328975, 0.354750936, 0.812045239, 0.922915744, 0.947035788, 0.683197851, 0.211366644, 0.0397291534;0.147200228, 0.965546918, 0.462096824, 0.854986015, 0.465044154, 0.660817583, 0.0241407771, 0.249864943, 0.43626928, 0.630631047, 0.171521188;0.764551464, 0.364404706, 0.817435269, 0.0979690904, 0.679756588, 0.293328333, 0.795383174, 0.402170427, 0.665349632, 0.934305269, 0.020626632;0.0111167823, 0.770279252, 0.646393052, 0.292979721, 0.494396703, 0.0419356656, 0.192445605, 0.424496375, 0.834044416, 0.479667183, 0.586362505;0.873753792, 0.308818914, 0.700699321, 0.861667259, 0.202615701, 0.356478165, 0.979810174, 0.983218565, 0.22322993, 0.0664458389, 0.270921611;0.397731957, 0.441005601, 0.618806307, 0.89950276, 0.330348012, 0.849984535, 0.0934789209, 0.041874699, 0.504045183, 0.0596622233, 0.392489801;0.896778117, 0.241483036, 0.705975775, 0.302365392, 0.0449200552, 0.556690581, 0.834853491, 0.409468448, 0.617293826, 0.900023598, 0.789694513;0.193876399, 0.733383959, 0.501893025, 0.745966808, 0.494515551, 0.127958164, 0.569909447, 0.492133992, 0.517921734, 0.878902454, 0.894837047;0.453537107, 0.455732041, 0.515186959, 0.519589278, 0.950387144, 0.649400467, 0.277456995, 0.531536797, 0.627223583, 0.639771721, 0.585254226;0.177736155, 0.0335931891, 0.337843052, 0.427522155, 0.0618042396, 0.814967338, 0.344077438, 0.913632746, 0.154410108, 0.0569349569, 0.482316104];
kernel_matrix_train = [1.03949957, 0.526449201, 0.549725097, 0.497651388, 0.379172095, 0.458252337, 0.77640589, 0.437194804, 0.579204628, 0.305643446, 0.439044038;0.526449201, 1.36485491, 1.09588215, 0.731217831, 0.6976237, 0.600411125, 0.571669226, 0.560499175, 1.02579819, 0.474515197, 0.352172888;0.549725097, 1.09588215, 1.69035915, 0.942976888, 0.575315456, 0.760238548, 0.620051803, 0.606664654, 1.22231611, 0.443552823, 0.453415738;0.497651388, 0.731217831, 0.942976888, 1.29186052, 0.453509389, 0.884283117, 0.488983888, 0.634654773, 0.740861721, 0.308560973, 0.457104085;0.379172095, 0.6976237, 0.575315456, 0.453509389, 1.32149475, 0.509731186, 0.425154271, 0.609538718, 0.948113986, 0.71974629, 0.604034635;0.458252337, 0.600411125, 0.760238548, 0.884283117, 0.509731186, 1.41028867, 0.389388148, 0.606943736, 0.68557884, 0.346814557, 0.479842579;0.77640589, 0.571669226, 0.620051803, 0.488983888, 0.425154271, 0.389388148, 1.0376726, 0.597023647, 0.641372664, 0.333859879, 0.468066753;0.437194804, 0.560499175, 0.606664654, 0.634654773, 0.609538718, 0.606943736, 0.597023647, 1.14618636, 0.703248657, 0.310820697, 0.530575852;0.579204628, 1.02579819, 1.22231611, 0.740861721, 0.948113986, 0.68557884, 0.641372664, 0.703248657, 1.504243, 0.810114818, 0.721598993;0.305643446, 0.474515197, 0.443552823, 0.308560973, 0.71974629, 0.346814557, 0.333859879, 0.310820697, 0.810114818, 1.26042894, 0.59125832;0.439044038, 0.352172888, 0.453415738, 0.457104085, 0.604034635, 0.479842579, 0.468066753, 0.530575852, 0.721598993, 0.59125832, 1.48270487];
kernel_name = 'GaussianShift';
kernel_arg1_width = 1.3;
kernel_feature_class = 'simple';
kernel_matrix_test = [0.271465862, 0.441865602, 0.31935041, 0.334333561, 0.344448668, 0.577802208, 0.349006144, 0.446826945, 0.517479429, 0.482289539, 0.643647267, 0.410467042, 0.26223322, 0.423565958, 0.522375491, 0.61015516, 0.474426308;0.525964507, 0.993043295, 0.551044149, 0.384639049, 0.813962712, 0.405647759, 0.34219993, 0.429459956, 0.547994301, 0.438477771, 0.895068596, 0.677254541, 0.65483316, 0.496895658, 0.426188461, 0.490645393, 0.792882997;0.442136992, 1.41600252, 0.604722436, 0.529639122, 0.795551241, 0.730188966, 0.455938733, 0.471750234, 0.804617324, 0.715042076, 0.993901872, 0.735833587, 0.80990823, 0.480643194, 0.634794257, 0.669170668, 0.939016475;0.423389895, 0.810492777, 0.481282789, 0.315492541, 0.542572006, 0.663467063, 0.363920648, 0.38482069, 0.559869377, 0.486999824, 0.704673505, 0.379782127, 0.730002485, 0.365460854, 0.610047316, 0.814553792, 0.934186416;0.750438884, 0.628130855, 0.653510875, 0.490769189, 0.707267151, 0.626849597, 0.598215414, 0.95123254, 0.663563252, 0.466537761, 0.902913484, 0.811618947, 0.485066575, 0.740472932, 0.787296633, 0.690362471, 0.701536787;0.564832217, 0.876362206, 0.544980332, 0.416490883, 0.78750324, 0.63142358, 0.344257547, 0.52888285, 0.699123496, 0.504083771, 0.771249721, 0.451210618, 0.665217055, 0.410837541, 0.561864283, 0.640581613, 0.819944064;0.269576883, 0.520021305, 0.355059543, 0.367023265, 0.461949775, 0.540246995, 0.351172435, 0.510174921, 0.543745549, 0.458333101, 0.578442452, 0.435956948, 0.324135347, 0.45279676, 0.547297736, 0.584849779, 0.46355;0.600307593, 0.65286576, 0.616820318, 0.324820952, 0.572974743, 0.73735839, 0.571664994, 0.711852743, 0.610753838, 0.400117727, 0.647647042, 0.519300814, 0.760535886, 0.390614381, 0.754746972, 0.69671367, 0.660958304;0.640869215, 1.18671924, 0.782465155, 0.764223046, 0.888851455, 0.77341886, 0.661206083, 0.791029068, 0.85933917, 0.846074429, 1.12436945, 0.863513812, 0.675585487, 0.931419431, 0.834480577, 0.846546185, 0.873922464;0.405237931, 0.578017797, 0.594731877, 0.577131946, 0.484690076, 0.343251601, 0.505697952, 0.531615811, 0.420343308, 0.456175343, 0.488544678, 0.409108731, 0.276944473, 1.03019029, 0.478565648, 0.455328712, 0.394562699;0.336397418, 0.555871691, 0.516046854, 0.473720861, 0.529070726, 0.65704936, 0.594898395, 0.725774274, 0.487583148, 0.651267443, 0.499880735, 0.334773095, 0.347521421, 0.852167415, 0.811819525, 0.947746219, 0.518059008];
kernel_data_test = [0.189129337, 0.937399276, 0.0103033985, 0.412619675, 0.926747771, 0.384418207, 0.0931092806, 0.302894943, 0.498010394, 0.185151687, 0.466561705, 0.836343196, 0.87261797, 0.0492607347, 0.160903358, 0.275290136, 0.594865851;0.360994759, 0.844040913, 0.716671868, 0.100456023, 0.624557503, 0.113012625, 0.25503567, 0.177870634, 0.173061949, 0.616395525, 0.563604923, 0.176028153, 0.990172805, 0.421836732, 0.0970693282, 0.120569017, 0.583893714;0.979069403, 0.571951102, 0.949041477, 0.444132851, 0.435841104, 0.500007359, 0.697425458, 0.367615966, 0.863886033, 0.0292813848, 0.439764195, 0.51099185, 0.607032238, 0.276071912, 0.427479971, 0.48453775, 0.686909979;0.773544185, 0.737827327, 0.341583052, 0.999450523, 0.848665312, 0.260023373, 0.195105806, 0.314021251, 0.452344853, 0.850799378, 0.778362264, 0.851246124, 0.271957115, 0.593461222, 0.283249062, 0.109023161, 0.684197743;0.142997551, 0.667697762, 0.647964305, 0.810248444, 0.139554605, 0.783480149, 0.999276526, 0.851042449, 0.751812076, 0.662165355, 0.421781485, 0.730500168, 0.724178035, 0.631498283, 0.796278378, 0.448763888, 0.121252712;0.559067728, 0.265043529, 0.384433097, 0.0174149039, 0.382790588, 0.808801106, 0.542722367, 0.00980052693, 0.46984382, 0.291451648, 0.477550655, 0.404692721, 0.93197922, 0.041177299, 0.683588011, 0.851026596, 0.959238585;0.177636227, 0.531304802, 0.0435895773, 0.499183524, 0.12545809, 0.837896675, 0.113870003, 0.51328836, 0.521096069, 0.971650498, 0.654980694, 0.287840293, 0.24079931, 0.128248206, 0.756514724, 0.690756656, 0.609877127;0.0408404429, 0.762828866, 0.641887577, 0.963888868, 0.58720213, 0.303951907, 0.381520552, 0.175840705, 0.722914182, 0.70772166, 0.200650015, 0.158489323, 0.0770049332, 0.911975744, 0.233069834, 0.344163527, 0.280504508;0.413624603, 0.714048799, 0.870595634, 0.18259875, 0.686412344, 0.352562142, 0.980527168, 0.298919159, 0.00719295601, 0.515639974, 0.150731084, 0.0444944268, 0.698269232, 0.732259283, 0.460699013, 0.676885517, 0.538239448;0.629801108, 0.596703973, 0.665822764, 0.199630649, 0.26870662, 0.43996315, 0.446128009, 0.774411712, 0.367393659, 0.162505156, 0.25146597, 0.214733502, 0.731660019, 0.470339615, 0.708630698, 0.416219681, 0.889735603;0.983520308, 0.669842509, 0.863812557, 0.507933267, 0.93462084, 0.831586486, 0.991778572, 0.623093735, 0.77920674, 0.54286814, 0.259120104, 0.354755171, 0.894005415, 0.0559479466, 0.591479886, 0.372484033, 0.386692538];
kernel_arg2_max_shift = 2;
