kernel_arg0_size = 10;
init_random = 42;
kernel_feature_type = 'Real';
kernel_accuracy = 1e-08;
kernel_data_train = [0.0965872303, 0.803407827, 0.866126059, 0.583761421, 0.366000548, 0.652629636, 0.305664073, 0.238385692, 0.48814521, 0.216153828, 0.483703608;0.956606505, 0.839784036, 0.94163092, 0.806328975, 0.354750936, 0.812045239, 0.922915744, 0.947035788, 0.683197851, 0.211366644, 0.0397291534;0.147200228, 0.965546918, 0.462096824, 0.854986015, 0.465044154, 0.660817583, 0.0241407771, 0.249864943, 0.43626928, 0.630631047, 0.171521188;0.764551464, 0.364404706, 0.817435269, 0.0979690904, 0.679756588, 0.293328333, 0.795383174, 0.402170427, 0.665349632, 0.934305269, 0.020626632;0.0111167823, 0.770279252, 0.646393052, 0.292979721, 0.494396703, 0.0419356656, 0.192445605, 0.424496375, 0.834044416, 0.479667183, 0.586362505;0.873753792, 0.308818914, 0.700699321, 0.861667259, 0.202615701, 0.356478165, 0.979810174, 0.983218565, 0.22322993, 0.0664458389, 0.270921611;0.397731957, 0.441005601, 0.618806307, 0.89950276, 0.330348012, 0.849984535, 0.0934789209, 0.041874699, 0.504045183, 0.0596622233, 0.392489801;0.896778117, 0.241483036, 0.705975775, 0.302365392, 0.0449200552, 0.556690581, 0.834853491, 0.409468448, 0.617293826, 0.900023598, 0.789694513;0.193876399, 0.733383959, 0.501893025, 0.745966808, 0.494515551, 0.127958164, 0.569909447, 0.492133992, 0.517921734, 0.878902454, 0.894837047;0.453537107, 0.455732041, 0.515186959, 0.519589278, 0.950387144, 0.649400467, 0.277456995, 0.531536797, 0.627223583, 0.639771721, 0.585254226;0.177736155, 0.0335931891, 0.337843052, 0.427522155, 0.0618042396, 0.814967338, 0.344077438, 0.913632746, 0.154410108, 0.0569349569, 0.482316104];
kernel_matrix_train = [1, 0.100903697, 0.35742375, 0.175592272, 0.169431148, 0.240337911, 0.734265734, 0.355195198, 0.281698459, 0.165766891, 0.111503279;0.100903697, 1, 0.449681441, 0.449545392, 0.392029958, 0.225652971, 0.121654775, 0.152507649, 0.565246367, 0.2223385, 0.202938911;0.35742375, 0.449681441, 1, 0.388181443, 0.276637424, 0.36181033, 0.414626661, 0.317052883, 0.647944301, 0.212288683, 0.197938381;0.175592272, 0.449545392, 0.388181443, 1, 0.216440581, 0.458083825, 0.167669204, 0.275114469, 0.288573333, 0.0894625162, 0.20983318;0.169431148, 0.392029958, 0.276637424, 0.216440581, 1, 0.209576541, 0.152153862, 0.181027889, 0.57874621, 0.396464886, 0.275528315;0.240337911, 0.225652971, 0.36181033, 0.458083825, 0.209576541, 1, 0.157072111, 0.262113291, 0.294342187, 0.0907231005, 0.182827916;0.734265734, 0.121654775, 0.414626661, 0.167669204, 0.152153862, 0.157072111, 1, 0.522789521, 0.283545974, 0.193865956, 0.15756981;0.355195198, 0.152507649, 0.317052883, 0.275114469, 0.181027889, 0.262113291, 0.522789521, 1, 0.245774062, 0.103426188, 0.185907281;0.281698459, 0.565246367, 0.647944301, 0.288573333, 0.57874621, 0.294342187, 0.283545974, 0.245774062, 1, 0.472635375, 0.380260797;0.165766891, 0.2223385, 0.212288683, 0.0894625162, 0.396464886, 0.0907231005, 0.193865956, 0.103426188, 0.472635375, 1, 0.313739736;0.111503279, 0.202938911, 0.197938381, 0.20983318, 0.275528315, 0.182827916, 0.15756981, 0.185907281, 0.380260797, 0.313739736, 1];
kernel_name = 'Gaussian';
kernel_arg1_width = 1.3;
kernel_feature_class = 'simple';
kernel_matrix_test = [0.127107155, 0.174253283, 0.125703737, 0.142102736, 0.188834203, 0.118530874, 0.0524251808, 0.0854424911, 0.14091775, 0.293295203, 0.367080301, 0.125145961, 0.0913654888, 0.252358027, 0.137171965, 0.194230531, 0.319894346;0.160933841, 0.452872255, 0.263029544, 0.137412683, 0.206920824, 0.195024354, 0.189835596, 0.251966262, 0.229852728, 0.152001527, 0.377339283, 0.300683237, 0.330382785, 0.230059113, 0.222986647, 0.274077312, 0.311966615;0.156274999, 0.737391935, 0.196250183, 0.259898016, 0.405860439, 0.261716888, 0.126979523, 0.189252528, 0.301995168, 0.392196571, 0.515838529, 0.342135191, 0.364015514, 0.236373681, 0.238026053, 0.257265931, 0.48616638;0.22122711, 0.309255514, 0.243958973, 0.0670281165, 0.191801151, 0.383997332, 0.186691007, 0.175335624, 0.229964441, 0.174667411, 0.341475746, 0.142579555, 0.413063989, 0.106694856, 0.353124765, 0.544201667, 0.571775461;0.306547651, 0.267668697, 0.22023238, 0.208764977, 0.187760689, 0.234542091, 0.175875059, 0.549751324, 0.216870075, 0.205097812, 0.492701534, 0.389579272, 0.180918931, 0.37575217, 0.413914279, 0.328733083, 0.425569899;0.285409418, 0.397624083, 0.200838549, 0.157453403, 0.321171722, 0.315264218, 0.102796602, 0.265127404, 0.383277475, 0.240165541, 0.405933478, 0.194173921, 0.24667222, 0.114097865, 0.258005751, 0.266793987, 0.421893808;0.133662536, 0.23707869, 0.169912785, 0.137648987, 0.332596333, 0.125209427, 0.10185939, 0.0797055703, 0.124877894, 0.281247987, 0.307281932, 0.14896892, 0.164542811, 0.281350544, 0.131122617, 0.208358159, 0.290417944;0.327866075, 0.256683026, 0.390069561, 0.0914044906, 0.34081904, 0.283573242, 0.309304342, 0.183466215, 0.21066182, 0.195064698, 0.275639583, 0.159457413, 0.510490118, 0.165785934, 0.274616012, 0.290038262, 0.348759012;0.180303796, 0.626555531, 0.315525495, 0.449221462, 0.281680278, 0.29652957, 0.229413824, 0.482310877, 0.371772149, 0.491192477, 0.5635484, 0.411629903, 0.233308701, 0.595327258, 0.390517182, 0.329541998, 0.345360795;0.163572086, 0.273946006, 0.292395107, 0.373343376, 0.217376963, 0.0971393316, 0.176020747, 0.213235532, 0.183467988, 0.201568457, 0.217152266, 0.191025392, 0.0564114131, 0.739230976, 0.163004234, 0.180127801, 0.177519979;0.11780833, 0.287144393, 0.269864394, 0.240246457, 0.220314446, 0.345894935, 0.373353452, 0.423593956, 0.271445071, 0.249346702, 0.19556227, 0.174070545, 0.14349156, 0.451116052, 0.4243711, 0.505519466, 0.178505305];
kernel_data_test = [0.189129337, 0.937399276, 0.0103033985, 0.412619675, 0.926747771, 0.384418207, 0.0931092806, 0.302894943, 0.498010394, 0.185151687, 0.466561705, 0.836343196, 0.87261797, 0.0492607347, 0.160903358, 0.275290136, 0.594865851;0.360994759, 0.844040913, 0.716671868, 0.100456023, 0.624557503, 0.113012625, 0.25503567, 0.177870634, 0.173061949, 0.616395525, 0.563604923, 0.176028153, 0.990172805, 0.421836732, 0.0970693282, 0.120569017, 0.583893714;0.979069403, 0.571951102, 0.949041477, 0.444132851, 0.435841104, 0.500007359, 0.697425458, 0.367615966, 0.863886033, 0.0292813848, 0.439764195, 0.51099185, 0.607032238, 0.276071912, 0.427479971, 0.48453775, 0.686909979;0.773544185, 0.737827327, 0.341583052, 0.999450523, 0.848665312, 0.260023373, 0.195105806, 0.314021251, 0.452344853, 0.850799378, 0.778362264, 0.851246124, 0.271957115, 0.593461222, 0.283249062, 0.109023161, 0.684197743;0.142997551, 0.667697762, 0.647964305, 0.810248444, 0.139554605, 0.783480149, 0.999276526, 0.851042449, 0.751812076, 0.662165355, 0.421781485, 0.730500168, 0.724178035, 0.631498283, 0.796278378, 0.448763888, 0.121252712;0.559067728, 0.265043529, 0.384433097, 0.0174149039, 0.382790588, 0.808801106, 0.542722367, 0.00980052693, 0.46984382, 0.291451648, 0.477550655, 0.404692721, 0.93197922, 0.041177299, 0.683588011, 0.851026596, 0.959238585;0.177636227, 0.531304802, 0.0435895773, 0.499183524, 0.12545809, 0.837896675, 0.113870003, 0.51328836, 0.521096069, 0.971650498, 0.654980694, 0.287840293, 0.24079931, 0.128248206, 0.756514724, 0.690756656, 0.609877127;0.0408404429, 0.762828866, 0.641887577, 0.963888868, 0.58720213, 0.303951907, 0.381520552, 0.175840705, 0.722914182, 0.70772166, 0.200650015, 0.158489323, 0.0770049332, 0.911975744, 0.233069834, 0.344163527, 0.280504508;0.413624603, 0.714048799, 0.870595634, 0.18259875, 0.686412344, 0.352562142, 0.980527168, 0.298919159, 0.00719295601, 0.515639974, 0.150731084, 0.0444944268, 0.698269232, 0.732259283, 0.460699013, 0.676885517, 0.538239448;0.629801108, 0.596703973, 0.665822764, 0.199630649, 0.26870662, 0.43996315, 0.446128009, 0.774411712, 0.367393659, 0.162505156, 0.25146597, 0.214733502, 0.731660019, 0.470339615, 0.708630698, 0.416219681, 0.889735603;0.983520308, 0.669842509, 0.863812557, 0.507933267, 0.93462084, 0.831586486, 0.991778572, 0.623093735, 0.77920674, 0.54286814, 0.259120104, 0.354755171, 0.894005415, 0.0559479466, 0.591479886, 0.372484033, 0.386692538];
