kernel_arg0_size = 10;
init_random = 42;
kernel_feature_type = 'Real';
kernel_arg3_shift_step = 1;
kernel_accuracy = 1e-08;
kernel_data_train = [0.0965872, 0.8034078, 0.8661261, 0.5837614, 0.3660005, 0.6526296, 0.3056641, 0.2383857, 0.4881452, 0.2161538, 0.4837036;0.9566065, 0.839784, 0.9416309, 0.806329, 0.3547509, 0.8120452, 0.9229157, 0.9470358, 0.6831979, 0.2113666, 0.0397292;0.1472002, 0.9655469, 0.4620968, 0.854986, 0.4650442, 0.6608176, 0.0241408, 0.2498649, 0.4362693, 0.630631, 0.1715212;0.7645515, 0.3644047, 0.8174353, 0.0979691, 0.6797566, 0.2933283, 0.7953832, 0.4021704, 0.6653496, 0.9343053, 0.0206266;0.0111168, 0.7702793, 0.6463931, 0.2929797, 0.4943967, 0.0419357, 0.1924456, 0.4244964, 0.8340444, 0.4796672, 0.5863625;0.8737538, 0.3088189, 0.7006993, 0.8616673, 0.2026157, 0.3564782, 0.9798102, 0.9832186, 0.2232299, 0.0664458, 0.2709216;0.397732, 0.4410056, 0.6188063, 0.8995028, 0.330348, 0.8499845, 0.0934789, 0.0418747, 0.5040452, 0.0596622, 0.3924898;0.8967781, 0.241483, 0.7059758, 0.3023654, 0.0449201, 0.5566906, 0.8348535, 0.4094684, 0.6172938, 0.9000236, 0.7896945;0.1938764, 0.733384, 0.501893, 0.7459668, 0.4945156, 0.1279582, 0.5699094, 0.492134, 0.5179217, 0.8789025, 0.894837;0.4535371, 0.455732, 0.515187, 0.5195893, 0.9503871, 0.6494005, 0.277457, 0.5315368, 0.6272236, 0.6397717, 0.5852542;0.1777362, 0.0335932, 0.3378431, 0.4275222, 0.0618042, 0.8149673, 0.3440774, 0.9136327, 0.1544101, 0.056935, 0.4823161];
kernel_matrix_train = [1.03949957, 0.526449205, 0.549725059, 0.497651356, 0.379172111, 0.458252371, 0.776405902, 0.437194802, 0.579204625, 0.305643409, 0.439044068;0.526449205, 1.36485486, 1.09588206, 0.731217741, 0.697623725, 0.600411129, 0.571669248, 0.560499151, 1.0257982, 0.47451514, 0.352172922;0.549725059, 1.09588206, 1.69035913, 0.942976815, 0.575315454, 0.760238576, 0.620051777, 0.606664631, 1.22231607, 0.443552755, 0.453415752;0.497651356, 0.731217741, 0.942976815, 1.29186051, 0.45350936, 0.884283179, 0.488983853, 0.634654756, 0.740861686, 0.30856091, 0.457104095;0.379172111, 0.697623725, 0.575315454, 0.45350936, 1.32149478, 0.509731221, 0.425154292, 0.609538688, 0.948114023, 0.719746315, 0.604034685;0.458252371, 0.600411129, 0.760238576, 0.884283179, 0.509731221, 1.41028872, 0.389388177, 0.606943762, 0.685578923, 0.346814555, 0.479842677;0.776405902, 0.571669248, 0.620051777, 0.488983853, 0.425154292, 0.389388177, 1.0376726, 0.597023621, 0.641372659, 0.333859853, 0.468066763;0.437194802, 0.560499151, 0.606664631, 0.634654756, 0.609538688, 0.606943762, 0.597023621, 1.14618635, 0.703248633, 0.310820658, 0.530575866;0.579204625, 1.0257982, 1.22231607, 0.740861686, 0.948114023, 0.685578923, 0.641372659, 0.703248633, 1.50424297, 0.810114714, 0.721598993;0.305643409, 0.47451514, 0.443552755, 0.30856091, 0.719746315, 0.346814555, 0.333859853, 0.310820658, 0.810114714, 1.26042892, 0.591258309;0.439044068, 0.352172922, 0.453415752, 0.457104095, 0.604034685, 0.479842677, 0.468066763, 0.530575866, 0.721598993, 0.591258309, 1.48270489];
kernel_name = 'GaussianShift';
kernel_arg1_width = 1.3;
kernel_feature_class = 'simple';
kernel_matrix_test = [0.271465858, 0.441865585, 0.319350396, 0.334333559, 0.344448678, 0.577802237, 0.349006144, 0.446826969, 0.517479462, 0.482289547, 0.643647263, 0.410467041, 0.262233228, 0.423565938, 0.522375512, 0.610155174, 0.474426305;0.525964503, 0.993043214, 0.55104414, 0.384639046, 0.813962722, 0.405647757, 0.342199946, 0.429459975, 0.547994302, 0.438477767, 0.895068586, 0.677254542, 0.654833148, 0.496895647, 0.426188486, 0.490645404, 0.792882993;0.442136983, 1.41600251, 0.604722448, 0.529639096, 0.795551269, 0.730188944, 0.455938756, 0.471750234, 0.804617339, 0.715042071, 0.993901844, 0.735833572, 0.809908229, 0.48064314, 0.634794258, 0.669170643, 0.939016439;0.423389858, 0.810492725, 0.481282775, 0.315492519, 0.54257199, 0.663467044, 0.363920651, 0.384820676, 0.559869371, 0.486999797, 0.704673462, 0.379782095, 0.730002485, 0.365460803, 0.61004729, 0.814553762, 0.934186399;0.750438899, 0.628130841, 0.653510878, 0.4907692, 0.707267163, 0.626849591, 0.598215406, 0.951232571, 0.663563276, 0.466537787, 0.902913507, 0.811618959, 0.485066572, 0.740473002, 0.787296678, 0.690362497, 0.701536784;0.564832236, 0.876362228, 0.544980393, 0.416490915, 0.787503306, 0.631423642, 0.344257596, 0.528882903, 0.699123532, 0.504083792, 0.771249738, 0.451210648, 0.665217114, 0.410837543, 0.561864343, 0.640581663, 0.819944132;0.269576879, 0.520021285, 0.355059518, 0.367023261, 0.461949782, 0.540246992, 0.351172427, 0.510174941, 0.543745575, 0.458333087, 0.578442469, 0.435956961, 0.324135346, 0.452796742, 0.54729774, 0.584849777, 0.463549995;0.60030755, 0.65286571, 0.616820269, 0.324820925, 0.572974713, 0.737358364, 0.571664969, 0.711852712, 0.610753825, 0.400117695, 0.647647032, 0.519300818, 0.760535896, 0.390614357, 0.754746966, 0.696713658, 0.660958279;0.640869221, 1.1867192, 0.782465148, 0.764222957, 0.888851494, 0.773418816, 0.661206061, 0.791029083, 0.859339205, 0.846074424, 1.12436947, 0.863513795, 0.675585485, 0.931419368, 0.834480552, 0.846546157, 0.873922449;0.405237903, 0.57801773, 0.594731826, 0.577131904, 0.484690029, 0.343251562, 0.505697914, 0.531615828, 0.420343313, 0.456175341, 0.488544625, 0.409108677, 0.27694445, 1.03019027, 0.478565633, 0.45532868, 0.394562633;0.336397421, 0.555871712, 0.516046838, 0.473720844, 0.529070755, 0.657049345, 0.594898389, 0.725774323, 0.48758322, 0.651267475, 0.499880772, 0.334773117, 0.347521449, 0.852167429, 0.811819507, 0.94774619, 0.518059016];
kernel_data_test = [0.1891293, 0.9373993, 0.0103034, 0.4126197, 0.9267478, 0.3844182, 0.0931093, 0.3028949, 0.4980104, 0.1851517, 0.4665617, 0.8363432, 0.872618, 0.0492607, 0.1609034, 0.2752901, 0.5948659;0.3609948, 0.8440409, 0.7166719, 0.100456, 0.6245575, 0.1130126, 0.2550357, 0.1778706, 0.1730619, 0.6163955, 0.5636049, 0.1760282, 0.9901728, 0.4218367, 0.0970693, 0.120569, 0.5838937;0.9790694, 0.5719511, 0.9490415, 0.4441329, 0.4358411, 0.5000074, 0.6974255, 0.367616, 0.863886, 0.0292814, 0.4397642, 0.5109918, 0.6070322, 0.2760719, 0.42748, 0.4845378, 0.68691;0.7735442, 0.7378273, 0.3415831, 0.9994505, 0.8486653, 0.2600234, 0.1951058, 0.3140213, 0.4523449, 0.8507994, 0.7783623, 0.8512461, 0.2719571, 0.5934612, 0.2832491, 0.1090232, 0.6841977;0.1429976, 0.6676978, 0.6479643, 0.8102484, 0.1395546, 0.7834801, 0.9992765, 0.8510424, 0.7518121, 0.6621654, 0.4217815, 0.7305002, 0.724178, 0.6314983, 0.7962784, 0.4487639, 0.1212527;0.5590677, 0.2650435, 0.3844331, 0.0174149, 0.3827906, 0.8088011, 0.5427224, 0.0098005, 0.4698438, 0.2914516, 0.4775507, 0.4046927, 0.9319792, 0.0411773, 0.683588, 0.8510266, 0.9592386;0.1776362, 0.5313048, 0.0435896, 0.4991835, 0.1254581, 0.8378967, 0.11387, 0.5132884, 0.5210961, 0.9716505, 0.6549807, 0.2878403, 0.2407993, 0.1282482, 0.7565147, 0.6907567, 0.6098771;0.0408404, 0.7628289, 0.6418876, 0.9638889, 0.5872021, 0.3039519, 0.3815206, 0.1758407, 0.7229142, 0.7077217, 0.20065, 0.1584893, 0.0770049, 0.9119757, 0.2330698, 0.3441635, 0.2805045;0.4136246, 0.7140488, 0.8705956, 0.1825987, 0.6864123, 0.3525621, 0.9805272, 0.2989192, 0.007193, 0.51564, 0.1507311, 0.0444944, 0.6982692, 0.7322593, 0.460699, 0.6768855, 0.5382394;0.6298011, 0.596704, 0.6658228, 0.1996306, 0.2687066, 0.4399631, 0.446128, 0.7744117, 0.3673937, 0.1625052, 0.251466, 0.2147335, 0.73166, 0.4703396, 0.7086307, 0.4162197, 0.8897356;0.9835203, 0.6698425, 0.8638126, 0.5079333, 0.9346208, 0.8315865, 0.9917786, 0.6230937, 0.7792067, 0.5428681, 0.2591201, 0.3547552, 0.8940054, 0.0559479, 0.5914799, 0.372484, 0.3866925];
kernel_arg2_max_shift = 2;
