accuracy = 1e-08;
init_random = 42;
name = 'GaussianShift';
data_type = 'double';
km_train = [1.43705017, 0.652097163, 0.527964475, 0.758232007, 0.599671376, 0.467740959, 0.920655031, 0.617504414, 0.817289347, 0.713966676, 1.08719248;0.652097163, 1.22184181, 0.378059036, 0.598421557, 0.582379531, 0.518748936, 0.629128145, 0.755635755, 0.695342301, 0.62991161, 0.882277084;0.527964475, 0.378059036, 1.19533633, 0.487337181, 0.297338789, 0.294954203, 0.604459096, 0.320691575, 0.508857822, 0.522531117, 0.536942485;0.758232007, 0.598421557, 0.487337181, 1.38719278, 0.762664065, 0.5898337, 0.590485565, 0.556335087, 1.02890199, 0.794580428, 0.97924454;0.599671376, 0.582379531, 0.297338789, 0.762664065, 1.10857966, 0.461516605, 0.534879561, 0.526446363, 0.770745555, 0.552634419, 0.723889342;0.467740959, 0.518748936, 0.294954203, 0.5898337, 0.461516605, 1.20865076, 0.336525377, 0.2435432, 0.616648182, 0.494077164, 0.462890004;0.920655031, 0.629128145, 0.604459096, 0.590485565, 0.534879561, 0.336525377, 1.29104856, 0.715093878, 0.743468543, 0.865184046, 0.894907351;0.617504414, 0.755635755, 0.320691575, 0.556335087, 0.526446363, 0.2435432, 0.715093878, 1.36366831, 0.671703482, 0.561445589, 1.05645409;0.817289347, 0.695342301, 0.508857822, 1.02890199, 0.770745555, 0.616648182, 0.743468543, 0.671703482, 1.32931005, 0.723285685, 0.875418986;0.713966676, 0.62991161, 0.522531117, 0.794580428, 0.552634419, 0.494077164, 0.865184046, 0.561445589, 0.723285685, 1.28825456, 1.00088206;1.08719248, 0.882277084, 0.536942485, 0.97924454, 0.723889342, 0.462890004, 0.894907351, 1.05645409, 0.875418986, 1.00088206, 1.73010842];
data_train = [0.649807286, 0.1639892, 0.987133009, 0.539696639, 0.557808138, 0.921124783, 0.360147054, 0.061591568, 0.478584349, 0.200313702, 0.268141651;0.260435648, 0.719236939, 0.94608732, 0.352625699, 0.00956585553, 0.992858812, 0.713925675, 0.469202972, 0.187033236, 0.820509276, 0.428645097;0.195168709, 0.936906849, 0.0587132344, 0.387396069, 0.766865038, 0.168198597, 0.218124876, 0.66341017, 0.673242002, 0.402456752, 0.461526833;0.426970978, 0.251190134, 0.25077858, 0.872379703, 0.463783719, 0.795620536, 0.433243149, 0.837802246, 0.1677085, 0.354721475, 0.642537168;0.518938144, 0.553354475, 0.331876467, 0.479591836, 0.389504568, 0.550604295, 0.0841794782, 0.143260764, 0.734582447, 0.552221819, 0.643920993;0.114936434, 0.545018825, 0.69834593, 0.970859772, 0.884431433, 0.788461368, 0.285592483, 0.484051839, 0.368156244, 0.777281893, 0.551282704;0.595323783, 0.11737322, 0.853555889, 0.678602672, 0.196732645, 0.425015142, 0.846939182, 0.307916559, 0.904223626, 0.944948437, 0.376614375;0.787848996, 0.789120168, 0.519268141, 0.9431184, 0.965815237, 0.748753589, 0.365448384, 0.180708281, 0.71663358, 0.228855415, 0.422597893;0.295276697, 0.411569653, 0.0961175136, 0.32008565, 0.660638037, 0.963074714, 0.0685383895, 0.339769592, 0.491674884, 0.24348578, 0.285322304;0.719397126, 0.724965849, 0.0109450612, 0.414559968, 0.0902110526, 0.740629756, 0.67327959, 0.0503255765, 0.330625472, 0.851442734, 0.457934082;0.785716175, 0.318294948, 0.924131565, 0.532730278, 0.522663291, 0.0268868531, 0.518142633, 0.62118506, 0.219714301, 0.616900294, 0.967322847];
feature_class = 'simple';
kernel_arg2_shift_step = 1;
data_test = [0.17531088, 0.935396475, 0.013313455, 0.676474303, 0.479568895, 0.252440169, 0.244507802, 0.700054058, 0.945088, 0.312053482, 0.207639379, 0.0447296942, 0.326255873, 0.641124008, 0.717200229, 0.701411819, 0.335752438;0.581777565, 0.366137385, 0.687859861, 0.471234257, 0.0444145989, 0.516945859, 0.946376974, 0.311012238, 0.315782705, 0.710627053, 0.16391138, 0.661550193, 0.34892085, 0.365167064, 0.600421689, 0.219462296, 0.382066631;0.04741067, 0.352977371, 0.257485372, 0.752051882, 0.311691801, 0.076730295, 0.872630385, 0.793096044, 0.6336215, 0.955796247, 0.768301141, 0.796606113, 0.998724513, 0.306664013, 0.761698836, 0.0584160102, 0.592036005;0.134561488, 0.419614163, 0.781833833, 0.823057426, 0.517443789, 0.219583576, 0.23352486, 0.350917366, 0.641468916, 0.0346871731, 0.924894741, 0.60329286, 0.118715565, 0.540245933, 0.449273766, 0.681772887, 0.46183746;0.780953533, 0.575366733, 0.219016613, 0.252173656, 0.309208294, 0.0583499238, 0.359158759, 0.427318369, 0.885283267, 0.420005974, 0.391111662, 0.335096735, 0.0204881712, 0.886829871, 0.606959377, 0.200556124, 0.464317461;0.200736203, 0.852107351, 0.312437397, 0.985366241, 0.537830301, 0.681072431, 0.808189891, 0.978195213, 0.339099919, 0.397233094, 0.134444977, 0.63838246, 0.976342115, 0.0638991541, 0.299824273, 0.0192020438, 0.911778114;0.718411058, 0.650629129, 0.0619232157, 0.377676929, 0.659367927, 0.976804697, 0.998095652, 0.398793082, 0.342893286, 0.381099617, 0.620599361, 0.875909997, 0.936762219, 0.692665051, 0.92146512, 0.887857671, 0.982304067;0.528212729, 0.925206379, 0.136926047, 0.358306882, 0.151523562, 0.584888108, 0.488643775, 0.54429678, 0.213255151, 0.893319866, 0.496669379, 0.647092945, 0.0908647345, 0.234321629, 0.521137815, 0.102166918, 0.0693036669;0.71675202, 0.817263198, 0.50043892, 0.580687064, 0.348664339, 0.364326591, 0.196506214, 0.278711636, 0.722382723, 0.75737485, 0.365297197, 0.929381066, 0.106817437, 0.609719774, 0.292591349, 0.610310931, 0.684236679;0.71405868, 0.851959697, 0.174883241, 0.452900847, 0.720235346, 0.0673393502, 0.23675272, 0.703124907, 0.235181921, 0.418691235, 0.234693828, 0.5743297, 0.0582528956, 0.97121059, 0.959084545, 0.87874054, 0.636523913;0.587790616, 0.293021639, 0.0918957532, 0.763202695, 0.295777748, 0.305297719, 0.345612349, 0.416597092, 0.133910793, 0.811942983, 0.740258173, 0.0589915721, 0.520603112, 0.950341641, 0.184391191, 0.273320064, 0.941968126];
km_test = [1.00905464, 0.79373517, 0.531654863, 0.72414328, 1.02285138, 0.670861346, 0.434256436, 0.772504211, 0.587398981, 0.75341089, 0.783509049, 0.617015693, 0.314993638, 0.946222129, 0.755343168, 0.787115242, 0.768909965;0.657445718, 0.569828927, 0.609600231, 0.816366686, 0.67484292, 0.460351044, 0.613770233, 0.820140445, 0.690921286, 0.887279368, 0.748852547, 0.777655107, 0.3404659, 0.576634927, 0.731694679, 0.482105214, 0.624358415;0.367406736, 0.429002954, 0.243751558, 0.455899158, 0.527833674, 0.615706745, 0.629672504, 0.586199013, 0.379619039, 0.42592609, 0.284387468, 0.349190927, 0.366233786, 0.350978801, 0.491582086, 0.289053848, 0.420938369;0.722511085, 0.946774341, 0.364557641, 0.881168316, 0.77124668, 0.687022226, 0.719637601, 0.927072629, 0.693331708, 0.574322886, 0.73242467, 0.83731996, 0.411908996, 0.582059629, 0.798239193, 0.405012261, 0.84539099;0.63755614, 0.637611041, 0.449560643, 0.658975439, 0.635509256, 0.545052226, 0.493930789, 0.708688622, 0.581639546, 0.588850487, 0.611831122, 0.653726066, 0.309143687, 0.437293559, 0.562158759, 0.495844813, 0.482798948;0.48056359, 0.928463173, 0.261119537, 0.555173516, 0.389751478, 0.296737616, 0.40244364, 0.579377375, 0.660533597, 0.542327231, 0.339057572, 0.603413817, 0.164512338, 0.435844888, 0.662755977, 0.311901087, 0.437982675;0.724348527, 0.52313127, 0.572910032, 0.671334664, 0.977308142, 0.831723537, 0.665224458, 0.784711256, 0.548798314, 0.67951818, 0.717806491, 0.516728701, 0.514914064, 0.569495405, 0.742164401, 0.681973368, 0.685801956;0.473700813, 0.313982066, 0.971150304, 0.765109759, 0.83858212, 0.523244136, 0.59083087, 0.713699422, 0.756086029, 0.561233206, 1.05569398, 0.519433713, 0.528210434, 0.456247314, 0.611822343, 0.436144196, 0.518294968;0.778022872, 0.888510778, 0.603142704, 0.730407873, 0.881096732, 0.958089856, 0.769028467, 0.851533617, 0.699132249, 0.666238654, 0.728803196, 0.893850539, 0.472436537, 0.470640981, 0.808482242, 0.497439023, 0.663807259;0.729394486, 0.697966366, 0.375372762, 0.834232746, 0.820639515, 0.626728456, 0.815573447, 0.915476671, 0.566209152, 0.605325964, 0.61441063, 0.626179854, 0.517275409, 0.643552196, 0.776635774, 0.431767488, 0.999755062;0.891951724, 0.693538832, 0.723692634, 1.10346041, 1.13565874, 0.628487523, 0.647118041, 1.06933278, 0.865484687, 0.74747266, 1.12120127, 0.678401646, 0.48538825, 1.01130641, 0.858799413, 0.616958209, 1.01677936];
kernel_arg1_max_shift = 2;
data_class = 'rand';
kernel_arg0_width = 1.3;
feature_type = 'Real';
