kernel_arg0_size = 10;
init_random = 42;
kernel_feature_type = 'Real';
kernel_accuracy = 1e-08;
kernel_data_train = [0.5838937, 0.9790694, 0.5719511, 0.9490415, 0.4441329, 0.4358411, 0.5000074, 0.6974255, 0.367616, 0.863886, 0.0292814;0.4397642, 0.5109918, 0.6070322, 0.2760719, 0.42748, 0.4845378, 0.68691, 0.7735442, 0.7378273, 0.3415831, 0.9994505;0.8486653, 0.2600234, 0.1951058, 0.3140213, 0.4523449, 0.8507994, 0.7783623, 0.8512461, 0.2719571, 0.5934612, 0.2832491;0.1090232, 0.6841977, 0.1429976, 0.6676978, 0.6479643, 0.8102484, 0.1395546, 0.7834801, 0.9992765, 0.8510424, 0.7518121;0.6621654, 0.4217815, 0.7305002, 0.724178, 0.6314983, 0.7962784, 0.4487639, 0.1212527, 0.5590677, 0.2650435, 0.3844331;0.0174149, 0.3827906, 0.8088011, 0.5427224, 0.0098005, 0.4698438, 0.2914516, 0.4775507, 0.4046927, 0.9319792, 0.0411773;0.683588, 0.8510266, 0.9592386, 0.1776362, 0.5313048, 0.0435896, 0.4991835, 0.1254581, 0.8378967, 0.11387, 0.5132884;0.5210961, 0.9716505, 0.6549807, 0.2878403, 0.2407993, 0.1282482, 0.7565147, 0.6907567, 0.6098771, 0.0408404, 0.7628289;0.6418876, 0.9638889, 0.5872021, 0.3039519, 0.3815206, 0.1758407, 0.7229142, 0.7077217, 0.20065, 0.1584893, 0.0770049;0.9119757, 0.2330698, 0.3441635, 0.2805045, 0.4136246, 0.7140488, 0.8705956, 0.1825987, 0.6864123, 0.3525621, 0.9805272;0.2989192, 0.007193, 0.51564, 0.1507311, 0.0444944, 0.6982692, 0.7322593, 0.460699, 0.6768855, 0.5382394, 0.6298011];
kernel_matrix_train = [1, 0.229999214, 0.302667936, 0.234896251, 0.48122626, 0.26670281, 0.691203578, 0.216985833, 0.242553027, 0.111058616, 0.222765247;0.229999214, 1, 0.375422034, 0.302187475, 0.309641002, 0.0676329973, 0.215516049, 0.318801407, 0.229807485, 0.110639303, 0.08834448;0.302667936, 0.375422034, 1, 0.29770292, 0.282842496, 0.148062807, 0.378437833, 0.198015363, 0.367882939, 0.167382113, 0.154871058;0.234896251, 0.302187475, 0.29770292, 1, 0.560633759, 0.405506752, 0.185670293, 0.336907359, 0.270189006, 0.571578338, 0.111354037;0.48122626, 0.309641002, 0.282842496, 0.560633759, 1, 0.385928811, 0.289095056, 0.305693339, 0.410788711, 0.262063447, 0.285363857;0.26670281, 0.0676329973, 0.148062807, 0.405506752, 0.385928811, 1, 0.296601513, 0.302754859, 0.349980672, 0.486569597, 0.246957201;0.691203578, 0.215516049, 0.378437833, 0.185670293, 0.289095056, 0.296601513, 1, 0.367981816, 0.318675293, 0.143778641, 0.328784948;0.216985833, 0.318801407, 0.198015363, 0.336907359, 0.305693339, 0.302754859, 0.367981816, 1, 0.258050331, 0.376010392, 0.170535523;0.242553027, 0.229807485, 0.367882939, 0.270189006, 0.410788711, 0.349980672, 0.318675293, 0.258050331, 1, 0.236638784, 0.611356627;0.111058616, 0.110639303, 0.167382113, 0.571578338, 0.262063447, 0.486569597, 0.143778641, 0.376010392, 0.236638784, 1, 0.0897890221;0.222765247, 0.08834448, 0.154871058, 0.111354037, 0.285363857, 0.246957201, 0.328784948, 0.170535523, 0.611356627, 0.0897890221, 1];
kernel_name = 'Gaussian';
kernel_arg1_width = 1.3;
kernel_feature_class = 'simple';
kernel_matrix_test = [0.188112943, 0.257747265, 0.309479687, 0.221477269, 0.163751347, 0.0975611357, 0.150330894, 0.200718607, 0.410090976, 0.507159285, 0.159633363, 0.31753816, 0.132517209, 0.760150666, 0.225405581, 0.324536019, 0.242218302;0.250130511, 0.328475988, 0.116677474, 0.0892905464, 0.278753382, 0.218632652, 0.389141236, 0.144655902, 0.200945331, 0.101587558, 0.241033822, 0.139588555, 0.0810767265, 0.13814216, 0.367987268, 0.165235481, 0.216894216;0.229664575, 0.432998335, 0.197863842, 0.291948198, 0.329131255, 0.438614589, 0.277777062, 0.292350369, 0.352093355, 0.185090824, 0.490117371, 0.130970202, 0.340482538, 0.181873519, 0.484873697, 0.206276258, 0.201128145;0.204771934, 0.25500819, 0.446428798, 0.15829166, 0.423147778, 0.182111441, 0.146874056, 0.351893365, 0.187802768, 0.351823762, 0.355020082, 0.276900153, 0.31274449, 0.2574434, 0.397339884, 0.361872127, 0.335790889;0.189447738, 0.229170388, 0.633732393, 0.159258448, 0.304922441, 0.192109834, 0.166344995, 0.516073273, 0.426625191, 0.503238085, 0.29731466, 0.379233957, 0.226054507, 0.492486547, 0.351137524, 0.317600305, 0.28871629;0.285388985, 0.214243474, 0.574102425, 0.228208982, 0.310790512, 0.142804015, 0.0759349259, 0.451771205, 0.2177644, 0.453926798, 0.333416719, 0.353451704, 0.186141146, 0.414899305, 0.340387995, 0.169228126, 0.147974921;0.423570204, 0.30430014, 0.253028931, 0.371098333, 0.300148311, 0.183959347, 0.299371583, 0.199759324, 0.54382118, 0.376539627, 0.251305975, 0.377815766, 0.160450219, 0.514142462, 0.328899369, 0.302236255, 0.28423332;0.7389556, 0.240850373, 0.200839257, 0.204709486, 0.607200303, 0.280977068, 0.325443198, 0.257505912, 0.290330274, 0.204384998, 0.305612671, 0.364672497, 0.116393781, 0.244601322, 0.44835194, 0.163521861, 0.420880989;0.312510932, 0.374312597, 0.355183727, 0.151415201, 0.332170812, 0.546051508, 0.243707423, 0.622468212, 0.420823397, 0.209288479, 0.545015897, 0.288788156, 0.153674102, 0.238484654, 0.467484247, 0.165671607, 0.110613805;0.271038337, 0.168567664, 0.250885563, 0.174752561, 0.314149015, 0.20900791, 0.0854471574, 0.28842764, 0.152520973, 0.256739117, 0.358601812, 0.281105776, 0.256504146, 0.188712178, 0.311717495, 0.187981939, 0.179817104;0.164695857, 0.156783952, 0.310322811, 0.123154774, 0.243318433, 0.244666119, 0.14135431, 0.320387562, 0.443631637, 0.23544268, 0.21336245, 0.326856833, 0.0738387967, 0.198735949, 0.171387582, 0.18636686, 0.107232519];
kernel_data_test = [0.596704, 0.6658228, 0.1996306, 0.2687066, 0.4399631, 0.446128, 0.7744117, 0.3673937, 0.1625052, 0.251466, 0.2147335, 0.73166, 0.4703396, 0.7086307, 0.4162197, 0.8897356, 0.9835203;0.6698425, 0.8638126, 0.5079333, 0.9346208, 0.8315865, 0.9917786, 0.6230937, 0.7792067, 0.5428681, 0.2591201, 0.3547552, 0.8940054, 0.0559479, 0.5914799, 0.372484, 0.3866925, 0.8845712;0.8538224, 0.5988424, 0.2729188, 0.4754563, 0.4082934, 0.353618, 0.1027856, 0.5431139, 0.3018313, 0.6608079, 0.3192039, 0.4311635, 0.0523604, 0.9925381, 0.5076104, 0.0242376, 0.5412307;0.870354, 0.7725521, 0.7009067, 0.1394647, 0.6577371, 0.7662984, 0.5724191, 0.892749, 0.2769898, 0.2421447, 0.8695697, 0.6253982, 0.0014472, 0.3531314, 0.857856, 0.0273195, 0.0032479;0.2812593, 0.914, 0.9014776, 0.5187619, 0.5532369, 0.332008, 0.2437367, 0.8152219, 0.1062949, 0.4873544, 0.6343973, 0.1036803, 0.5196071, 0.5775213, 0.7424961, 0.234836, 0.2933275;0.5695211, 0.9831264, 0.2174932, 0.9859038, 0.7143425, 0.8260821, 0.0896413, 0.3004202, 0.0577363, 0.371547, 0.9812897, 0.1052731, 0.5623728, 0.0060706, 0.7126828, 0.1971927, 0.1295845;0.3370178, 0.7710443, 0.1066131, 0.229839, 0.0084644, 0.9684149, 0.5921456, 0.7198996, 0.6513832, 0.1443646, 0.5949399, 0.1314156, 0.4012365, 0.5689631, 0.5588811, 0.1190734, 0.034436;0.7982343, 0.7259224, 0.0818189, 0.1274155, 0.8925838, 0.7691289, 0.9961603, 0.2539874, 0.487803, 0.2364596, 0.6228001, 0.1154142, 0.1272432, 0.0718879, 0.6935861, 0.4940726, 0.6177312;0.879301, 0.7403285, 0.4617229, 0.984356, 0.4562561, 0.1124507, 0.9926547, 0.0228207, 0.5498836, 0.3090955, 0.5035522, 0.558713, 0.2400959, 0.5568588, 0.7560611, 0.2665098, 0.3834261;0.2682427, 0.8205597, 0.7249823, 0.8711964, 0.1700499, 0.0735796, 0.1193835, 0.1610183, 0.5330827, 0.9709121, 0.3572354, 0.9585083, 0.0382008, 0.9268722, 0.1811526, 0.912475, 0.0562274;0.9482194, 0.2007983, 0.3027141, 0.4909423, 0.3807209, 0.667528, 0.9748078, 0.6064265, 0.7214854, 0.0880053, 0.6278124, 0.4538498, 0.8857824, 0.3882111, 0.6794541, 0.2281537, 0.2593725];
