kernel_arg0_size = 10;
init_random = 42;
kernel_feature_type = 'Real';
kernel_accuracy = 1e-08;
kernel_data_train = [0.0965872, 0.8034078, 0.8661261, 0.5837614, 0.3660005, 0.6526296, 0.3056641, 0.2383857, 0.4881452, 0.2161538, 0.4837036;0.9566065, 0.839784, 0.9416309, 0.806329, 0.3547509, 0.8120452, 0.9229157, 0.9470358, 0.6831979, 0.2113666, 0.0397292;0.1472002, 0.9655469, 0.4620968, 0.854986, 0.4650442, 0.6608176, 0.0241408, 0.2498649, 0.4362693, 0.630631, 0.1715212;0.7645515, 0.3644047, 0.8174353, 0.0979691, 0.6797566, 0.2933283, 0.7953832, 0.4021704, 0.6653496, 0.9343053, 0.0206266;0.0111168, 0.7702793, 0.6463931, 0.2929797, 0.4943967, 0.0419357, 0.1924456, 0.4244964, 0.8340444, 0.4796672, 0.5863625;0.8737538, 0.3088189, 0.7006993, 0.8616673, 0.2026157, 0.3564782, 0.9798102, 0.9832186, 0.2232299, 0.0664458, 0.2709216;0.397732, 0.4410056, 0.6188063, 0.8995028, 0.330348, 0.8499845, 0.0934789, 0.0418747, 0.5040452, 0.0596622, 0.3924898;0.8967781, 0.241483, 0.7059758, 0.3023654, 0.0449201, 0.5566906, 0.8348535, 0.4094684, 0.6172938, 0.9000236, 0.7896945;0.1938764, 0.733384, 0.501893, 0.7459668, 0.4945156, 0.1279582, 0.5699094, 0.492134, 0.5179217, 0.8789025, 0.894837;0.4535371, 0.455732, 0.515187, 0.5195893, 0.9503871, 0.6494005, 0.277457, 0.5315368, 0.6272236, 0.6397717, 0.5852542;0.1777362, 0.0335932, 0.3378431, 0.4275222, 0.0618042, 0.8149673, 0.3440774, 0.9136327, 0.1544101, 0.056935, 0.4823161];
kernel_matrix_train = [1, 0.100903681, 0.357423718, 0.175592273, 0.16943115, 0.24033793, 0.734265747, 0.355195199, 0.281698457, 0.165766863, 0.111503286;0.100903681, 1, 0.449681385, 0.449545327, 0.392029973, 0.225652975, 0.121654769, 0.152507649, 0.565246385, 0.222338469, 0.202938937;0.357423718, 0.449681385, 1, 0.38818139, 0.276637412, 0.361810342, 0.414626638, 0.317052868, 0.64794429, 0.21228865, 0.197938389;0.175592273, 0.449545327, 0.38818139, 1, 0.216440565, 0.45808388, 0.167669198, 0.275114479, 0.288573323, 0.0894624897, 0.209833179;0.16943115, 0.392029973, 0.276637412, 0.216440565, 1, 0.209576554, 0.152153871, 0.181027885, 0.578746233, 0.396464916, 0.275528339;0.24033793, 0.225652975, 0.361810342, 0.45808388, 0.209576554, 1, 0.157072123, 0.262113298, 0.29434224, 0.0907231021, 0.182827967;0.734265747, 0.121654769, 0.414626638, 0.167669198, 0.152153871, 0.157072123, 1, 0.522789497, 0.283545959, 0.193865949, 0.157569814;0.355195199, 0.152507649, 0.317052868, 0.275114479, 0.181027885, 0.262113298, 0.522789497, 1, 0.245774058, 0.103426172, 0.185907292;0.281698457, 0.565246385, 0.64794429, 0.288573323, 0.578746233, 0.29434224, 0.283545959, 0.245774058, 1, 0.472635308, 0.380260795;0.165766863, 0.222338469, 0.21228865, 0.0894624897, 0.396464916, 0.0907231021, 0.193865949, 0.103426172, 0.472635308, 1, 0.313739731;0.111503286, 0.202938937, 0.197938389, 0.209833179, 0.275528339, 0.182827967, 0.157569814, 0.185907292, 0.380260795, 0.313739731, 1];
kernel_name = 'Gaussian';
kernel_arg1_width = 1.3;
kernel_feature_class = 'simple';
kernel_matrix_test = [0.127107155, 0.174253266, 0.125703738, 0.142102734, 0.188834211, 0.118530881, 0.0524251828, 0.0854424965, 0.140917753, 0.29329521, 0.367080307, 0.12514596, 0.0913654907, 0.252358002, 0.137171961, 0.194230527, 0.319894336;0.160933845, 0.452872235, 0.263029535, 0.137412677, 0.206920831, 0.195024354, 0.189835616, 0.251966281, 0.229852733, 0.152001539, 0.377339275, 0.30068324, 0.330382783, 0.230059115, 0.222986667, 0.274077326, 0.311966602;0.156274989, 0.737391941, 0.196250182, 0.259898012, 0.40586046, 0.261716874, 0.126979524, 0.189252532, 0.301995193, 0.392196572, 0.515838509, 0.342135201, 0.364015511, 0.236373649, 0.238026051, 0.257265902, 0.486166342;0.221227096, 0.309255483, 0.243958958, 0.0670281079, 0.191801153, 0.383997325, 0.186691006, 0.175335617, 0.229964428, 0.174667401, 0.341475732, 0.142579538, 0.413063985, 0.10669484, 0.353124747, 0.544201652, 0.571775469;0.306547665, 0.267668686, 0.220232389, 0.208764968, 0.187760697, 0.234542077, 0.175875054, 0.549751344, 0.216870103, 0.205097829, 0.492701545, 0.389579261, 0.180918922, 0.37575222, 0.413914297, 0.328733115, 0.42556989;0.285409422, 0.397624084, 0.200838594, 0.157453418, 0.32117174, 0.315264265, 0.102796625, 0.265127433, 0.383277496, 0.240165535, 0.405933474, 0.194173937, 0.246672253, 0.11409787, 0.258005786, 0.266794024, 0.421893852;0.133662535, 0.237078663, 0.169912772, 0.137648986, 0.332596336, 0.125209422, 0.101859387, 0.0797055689, 0.124877902, 0.281247953, 0.307281943, 0.148968932, 0.164542808, 0.281350522, 0.131122608, 0.208358142, 0.290417942;0.327866052, 0.256682989, 0.390069529, 0.0914044766, 0.34081901, 0.283573222, 0.309304339, 0.183466199, 0.210661789, 0.19506467, 0.275639585, 0.159457419, 0.510490135, 0.165785917, 0.274616008, 0.290038243, 0.348758997;0.180303802, 0.626555524, 0.315525491, 0.449221389, 0.281680273, 0.296529542, 0.229413801, 0.482310896, 0.371772178, 0.491192498, 0.563548406, 0.411629895, 0.233308703, 0.595327214, 0.390517177, 0.329541989, 0.345360784;0.163572076, 0.273945984, 0.292395084, 0.373343353, 0.217376953, 0.097139321, 0.176020747, 0.213235553, 0.183467999, 0.20156848, 0.217152246, 0.191025361, 0.0564114044, 0.739230961, 0.163004227, 0.180127787, 0.177519941;0.117808328, 0.287144412, 0.269864382, 0.240246451, 0.220314452, 0.345894919, 0.373353449, 0.423593981, 0.271445117, 0.249346726, 0.195562282, 0.174070553, 0.143491572, 0.451116062, 0.424371098, 0.505519439, 0.178505306];
kernel_data_test = [0.1891293, 0.9373993, 0.0103034, 0.4126197, 0.9267478, 0.3844182, 0.0931093, 0.3028949, 0.4980104, 0.1851517, 0.4665617, 0.8363432, 0.872618, 0.0492607, 0.1609034, 0.2752901, 0.5948659;0.3609948, 0.8440409, 0.7166719, 0.100456, 0.6245575, 0.1130126, 0.2550357, 0.1778706, 0.1730619, 0.6163955, 0.5636049, 0.1760282, 0.9901728, 0.4218367, 0.0970693, 0.120569, 0.5838937;0.9790694, 0.5719511, 0.9490415, 0.4441329, 0.4358411, 0.5000074, 0.6974255, 0.367616, 0.863886, 0.0292814, 0.4397642, 0.5109918, 0.6070322, 0.2760719, 0.42748, 0.4845378, 0.68691;0.7735442, 0.7378273, 0.3415831, 0.9994505, 0.8486653, 0.2600234, 0.1951058, 0.3140213, 0.4523449, 0.8507994, 0.7783623, 0.8512461, 0.2719571, 0.5934612, 0.2832491, 0.1090232, 0.6841977;0.1429976, 0.6676978, 0.6479643, 0.8102484, 0.1395546, 0.7834801, 0.9992765, 0.8510424, 0.7518121, 0.6621654, 0.4217815, 0.7305002, 0.724178, 0.6314983, 0.7962784, 0.4487639, 0.1212527;0.5590677, 0.2650435, 0.3844331, 0.0174149, 0.3827906, 0.8088011, 0.5427224, 0.0098005, 0.4698438, 0.2914516, 0.4775507, 0.4046927, 0.9319792, 0.0411773, 0.683588, 0.8510266, 0.9592386;0.1776362, 0.5313048, 0.0435896, 0.4991835, 0.1254581, 0.8378967, 0.11387, 0.5132884, 0.5210961, 0.9716505, 0.6549807, 0.2878403, 0.2407993, 0.1282482, 0.7565147, 0.6907567, 0.6098771;0.0408404, 0.7628289, 0.6418876, 0.9638889, 0.5872021, 0.3039519, 0.3815206, 0.1758407, 0.7229142, 0.7077217, 0.20065, 0.1584893, 0.0770049, 0.9119757, 0.2330698, 0.3441635, 0.2805045;0.4136246, 0.7140488, 0.8705956, 0.1825987, 0.6864123, 0.3525621, 0.9805272, 0.2989192, 0.007193, 0.51564, 0.1507311, 0.0444944, 0.6982692, 0.7322593, 0.460699, 0.6768855, 0.5382394;0.6298011, 0.596704, 0.6658228, 0.1996306, 0.2687066, 0.4399631, 0.446128, 0.7744117, 0.3673937, 0.1625052, 0.251466, 0.2147335, 0.73166, 0.4703396, 0.7086307, 0.4162197, 0.8897356;0.9835203, 0.6698425, 0.8638126, 0.5079333, 0.9346208, 0.8315865, 0.9917786, 0.6230937, 0.7792067, 0.5428681, 0.2591201, 0.3547552, 0.8940054, 0.0559479, 0.5914799, 0.372484, 0.3866925];
