accuracy = 1e-06;
feature_obtain = 'Char';
init_random = 42;
name = 'HistogramWord';
classifier_labels = [-1, -1, 1, -1, 1, 1, 1, -1, -1, 1, -1];
km_train = [1, -0.0616111893, -0.0359957894, -0.0523035628, -0.062023815, -0.109248198, -0.0468900276, -0.160487088, -0.197507568, -0.0728279475, 0.0927122626;-0.0616111893, 1, -0.0840214914, -0.0877802235, -0.0960827003, -0.130918384, -0.0895875545, -0.0653165274, -0.116501713, -0.108078273, -0.0398802995;-0.0359957894, -0.0840214914, 1, -0.0719930402, -0.00975385422, -0.12360309, -0.0701034238, -0.177869016, -0.208360869, 0.0964651623, -0.0833307285;-0.0523035628, -0.0877802235, -0.0719930402, 1, -0.0829032932, -0.113643352, -0.0769971198, -0.160811006, -0.180465892, -0.093337934, -0.0908639734;-0.062023815, -0.0960827003, -0.00975385422, -0.0829032932, 1, -0.11936167, -0.0855000427, -0.167896878, -0.185448289, -0.10091789, -0.100693989;-0.109248198, -0.130918384, -0.12360309, -0.113643352, -0.11936167, 1, -0.0263192614, -0.186667111, -0.190046623, -0.131037986, -0.14360636;-0.0468900276, -0.0895875545, -0.0701034238, -0.0769971198, -0.0855000427, -0.0263192614, 1, -0.17516866, -0.200616215, -0.00953674541, -0.0910543214;-0.160487088, -0.0653165274, -0.177869016, -0.160811006, -0.167896878, -0.186667111, -0.17516866, 1, 0.209116325, -0.183648915, -0.0237443813;-0.197507568, -0.116501713, -0.208360869, -0.180465892, -0.185448289, -0.190046623, -0.200616215, 0.209116325, 1, -0.200850745, -0.111950451;-0.0728279475, -0.108078273, 0.0964651623, -0.093337934, -0.10091789, -0.131037986, -0.00953674541, -0.183648915, -0.200850745, 1, -0.114057725;0.0927122626, -0.0398802995, -0.0833307285, -0.0908639734, -0.100693989, -0.14360636, -0.0910543214, -0.0237443813, -0.111950451, -0.114057725, 1];
data_train = {'CTTGATCGAAGGTCTTTCTCTCGGAGTCAGTGATGTTGACCCCCACAGGGTGTGCGAGGT', 'AGTCTAGCAAAAGCGGAGTTAGGGCTCGGGCTAGGAAACGTCGTACTGAAATCGCTGGGA', 'CGCCAACCACCGCCAAAGCTAAGCTATCATCGAGAAGACGTCTGCGACCCACCATAGCTA', 'ATACCAAAGCTAAGGACCCAAGAGCCGGCATCCTGACCCCAACTCCGACCTCGAAGTTCC', 'CAGAGGGCGGGCTGACAAAATTCAAAAAACAAAAGCGATGCGCTGAGGGTCTTGCTCTCA', 'GTTTGCACCACGAGGTCCTCAATGTTAGCAGCCACAGATTAGCTAAAGACGCTTGTGTTT', 'AACGGTGTTTTGATTGTGTGGATATTAGGAGGCAAACAATGATCAAAGAGTTGATCTTGA', 'ATTGAATAGAACCTATAGGAACGGGGATGGTCCGTTGCACCATGGCGGACAAATGGCGAT', 'TCAGCGCATCCTAAGGTAGGCTGCTTATGGCAAATTACTACTTGGGACTACAGGATCCAA', 'CAGGAATGTTTGCAAACATCACATAGCACCCGTAGATTACGACCCATTGGCGCCACTATT', 'CTAGAATGCTCTCTCCATTTCTCCCGTCTAATTTAGTGGGGCATAACGCATAATCGGTCA'};
feature_class = 'string_complex';
seqlen = 60;
data_test = {'AGAGAAGTTGGATCCTCCCTTTCCAGTGATTCCTGACATTAAATCTGGACCTAGTAGTGA', 'GGTATCGCCGTGTATCAAGTGCAGACGTCATGTACTAGAGTCTCTCACGTCGTTGTGAAT'};
gap = 0;
data_type = '';
km_test = [0.262412461, 0.0856851115;-0.0126545765, -0.00382572155;-0.0536792584, -0.0115701561;-0.0538627421, -0.0209533439;-0.0582369254, 0.12074482;-0.0466861429, -0.0118280283;-0.0559511541, -0.0174697023;-0.0695485305, -0.0744665757;-0.0263136615, -0.0649668567;0.0817241207, -0.0308834643;0.121023063, 0.0775079352];
feature_type = 'Word';
alphabet = 'DNA';
data_class = 'dna';
order = 3;
classifier_classified = [-192.864372, 86.8062149];
reverse = 'False';
