accuracy = 1e-06
feature_obtain = 'Char'
init_random = 42
name = 'HistogramWord'
classifier_labels = [-1, 1, -1, 1, -1, -1, -1, -1, -1, 1, 1]
km_train = [1, -0.114471126, -0.0638953373, -0.118546765, -0.04349541, -0.131210135, -0.215980619, -0.0792111681, 0.10529755, -0.0387228613, 0.0324992297;-0.114471126, 1, -0.174917363, -0.0757027578, -0.226042885, -0.19924352, -0.232580363, -0.17011057, -0.173950841, 0.120105487, -0.102608141;-0.0638953373, -0.174917363, 1, -0.169638325, 0.109633725, 0.106487282, 0.00272328404, -0.151582352, -0.181731658, -0.12767197, -0.0701884133;-0.118546765, -0.0757027578, -0.169638325, 1, -0.215188766, -0.189348826, -0.216857124, -0.163842509, -0.166374803, -0.11352964, -0.104160316;-0.04349541, -0.226042885, 0.109633725, -0.215188766, 1, 0.108495515, 0.0865821093, -0.0597474999, -0.0967947089, -0.188992076, -0.132699587;-0.131210135, -0.19924352, 0.106487282, -0.189348826, 0.108495515, 1, 0.010445283, -0.142964035, -0.0892027013, -0.168534622, -0.120377186;-0.215980619, -0.232580363, 0.00272328404, -0.216857124, 0.0865821093, 0.010445283, 1, 0.0766201472, -0.0699561268, -0.221575723, -0.183982004;-0.0792111681, -0.17011057, -0.151582352, -0.163842509, -0.0597474999, -0.142964035, 0.0766201472, 1, 0.014448671, -0.130914904, -0.0800717147;0.10529755, -0.173950841, -0.181731658, -0.166374803, -0.0967947089, -0.0892027013, -0.0699561268, 0.014448671, 1, -0.140814501, -0.0940287131;-0.0387228613, 0.120105487, -0.12767197, -0.11352964, -0.188992076, -0.168534622, -0.221575723, -0.130914904, -0.140814501, 1, -0.0472179875;0.0324992297, -0.102608141, -0.0701884133, -0.104160316, -0.132699587, -0.120377186, -0.183982004, -0.0800717147, -0.0940287131, -0.0472179875, 1]
data_train = ['TCTTCACGTTATTAGGCCGTACATCCGTGTTGGTGGAATCATGCGCTAGACTATTTGCAG', 'CTCAGCTTCGGTTAGTCTAACGCATGAAAGGCCATCAGAGGACGTTTCATGACGGATTGG', 'GCCCATTCGCCGGGAGGGAACTATAGGCTACGGGACCACAACTACATCGATCACTCCTAG', 'CTCCGTCGCACGGCTCTCTTTTAACGAAGTTAGAAAACTATGATATCAGAAGACCATCCG', 'TTCCTATCGGCTCTTCGTGAGGAAATTCCTGTTATTATGTCGGTCGCCTCGAACCGTGTT', 'CAGCGGGAAACCTGTTACGCCCGAAGCGTGGGGACTTACTCGCCTGGCTTCATAGTCTTA', 'AAACTATGGATTCGCGATGGTACCTCAGTCCAGCCGTCGTGAAGAAATTCCGCTGGACAT', 'GAGCCGTTAGCGTCTCCGTCCACGCGACACCGTTCCGGTCCTTGCACATGCAGCCAGCCG', 'AAGCTTCGCCAGACGTCCCGACACCAATGATTGGCCTTAATTCCGTAATGAGTTGTTTGA', 'TGTTAATGCTGGACACAGGAGTTATCCTAGCCGTGATAATCACACTTGATTTCAGCCAGG', 'CCATCCTCAAGAACGGAAGCAGTCAATGCGAAAATGCGAGAGCAAGCAATCTTACCATAC']
feature_class = 'string_complex'
seqlen = 60
data_test = ['AAGCCATGTCGGATAAGAGGCTCTTCTAGAATGTAACTAGCCTTGGGACATTACGGTTCG', 'GTACAAAGTCCTATCAATGGATGTTAGCCGCGTAGTCTGTGTTTGTGAGTCAGGTACACC']
gap = 0
data_type = ''
km_test = [-0.037795952, 0.091394473;0.135746431, 0.143149616;-0.0723281758, -0.0461967144;-0.078178163, -0.0677744855;0.0565489194, -0.00601339282;-0.035655258, -0.026963477;-0.00590803705, -0.115238077;0.123855059, -0.0601971041;-0.0240021897, 0.00303554885;-0.0319889512, 0.105731005;-0.0382065656, -0.0117564344]
feature_type = 'Word'
alphabet = 'DNA'
data_class = 'dna'
order = 3
classifier_classified = [-154.851891, 231.043526]
reverse = 'False'
