accuracy = 1e-06
feature_obtain = 'Char'
init_random = 42
name = 'HistogramWord'
classifier_labels = [1, 1, -1, -1, -1, 1, 1, -1, -1, -1, -1]
km_train = [1, 0.0143542928, -0.100240483, -0.160163944, -0.16863952, 0.0175866178, -0.120893667, -0.0999027759, -0.182689791, -0.176635966, -0.181617237;0.0143542928, 1, -0.106976462, -0.164135081, -0.172217859, -0.105635286, 0.0466641514, -0.106736001, -0.186519773, -0.181637418, -0.1849955;-0.100240483, -0.106976462, 1, -0.0377224773, -0.0938063431, -0.0651759683, -0.0182228329, 0.198016761, -0.104123027, -0.0308175928, -0.126605061;-0.160163944, -0.164135081, -0.0377224773, 1, -0.132070966, -0.140467755, -0.125094008, -0.0572069838, -0.0825149088, -0.137360703, 0.0146583925;-0.16863952, -0.172217859, -0.0938063431, -0.132070966, 1, -0.151126323, -0.140234427, -0.0934014267, -0.0993258531, 0.143938451, -0.176500714;0.0175866178, -0.105635286, -0.0651759683, -0.140467755, -0.151126323, 1, -0.11163011, -0.0643148101, -0.163966154, -0.151587413, -0.165299586;-0.120893667, 0.0466641514, -0.0182228329, -0.125094008, -0.140234427, -0.11163011, 1, -0.0164664798, -0.152575088, -0.129170611, -0.157745171;-0.0999027759, -0.106736001, 0.198016761, -0.0572069838, -0.0934014267, -0.0643148101, -0.0164664798, 1, -0.103740503, -0.0288801367, -0.108679525;-0.182689791, -0.186519773, -0.104123027, -0.0825149088, -0.0993258531, -0.163966154, -0.152575088, -0.103740503, 1, 0.0289641792, -0.0107758804;-0.176635966, -0.181637418, -0.0308175928, -0.137360703, 0.143938451, -0.151587413, -0.129170611, -0.0288801367, 0.0289641792, 1, -0.122717634;-0.181617237, -0.1849955, -0.126605061, 0.0146583925, -0.176500714, -0.165299586, -0.157745171, -0.108679525, -0.0107758804, -0.122717634, 1]
data_train = ['TCATTTGGCCTCGTCCGCCGTATTGACGACCGTTTATGTCCCTAATTGATTCAATATACA', 'AACGTACTGAGCTGTTGCTTGGTAGGTTTAGACAAGGTCGGCCTTACTCGCCGCCTTGCA', 'ACTCAAGAGAACGCTATAGCACGGTGACCGGTACAAACCATGGCCCACATGCCTTTAAGC', 'TGAGCAGGCTCGCAGCAGTCGTTGGGCCGTCGACTACGGACTGCTGACTCGAGACCGTAA', 'TGACGCGTTTTTGGGCGAGTAGGGACCAAACTGCCCCAATTGCACTTCTTTTATCCGACT', 'AATAAAATGTTGTACAGTAAGCTAACCGGCCGCGGGGGGAAGTCTTCTTTTAAGTCAGCC', 'GGCTACACAACTTTCATCGGCATGGAGGCTGTCGGTTGCCTTGCGGCGGTAGGATGCAAC', 'TTAATACGGCCCGCAGAGTACTCTCCATAACTATACGGCCACGGAAGATCCAGGGACCCA', 'GACCAGTCAACCTCCTATTGTACAACTCGACTCTATTTATTGGAGTGATGATGTCTGAAG', 'TGAGGAATTTTAGGTCTGCCATCAAAGCAGAGCGATGTAGATGCGAATGAATTTCGGGGT', 'ATTCCATCCTCGAGGTGCATTGAGGGTTCCGTCTTACATCATAACGTCCCATAACAATAA']
feature_class = 'string_complex'
seqlen = 60
data_test = ['TGCGATATACATTCAGAGTGGGTGAGACCCTAGGTGAACGGAAGACGTGGCGTATTAGCC', 'CGTGCTCAAAGCAGGAGTGCCAACAAGCTACTTTATGAACGTCAAGTGCTCCCAATCTCA']
gap = 0
data_type = ''
km_test = [-0.0241725332, -0.0593731656;-0.0509680997, -0.0625274859;0.197658397, 0.322493008;-0.043228919, -0.0406482725;0.0142602532, -0.0561813234;0.0562806507, 0.120364855;-0.0246211986, -0.022599941;0.0351017684, 0.0713296801;-0.057496211, -0.0618938917;0.0180924501, -0.0189157543;-0.0216678689, -0.0291160902]
feature_type = 'Word'
alphabet = 'DNA'
data_class = 'dna'
order = 3
classifier_classified = [-105.881418, 224.580929]
reverse = 'False'
