accuracy = 1e-08
kernel_arg0_scale = 1.0
name = 'Linear'
data_type = 'double'
km_train = [3.56219697, 2.59867591, 3.30435873, 2.68963383, 2.65955338, 2.86028416, 3.1969612, 2.48960112, 2.89412332, 1.68031159, 2.61448789;2.59867591, 4.18492702, 4.13265748, 2.99796994, 2.76658258, 3.16581346, 2.79975133, 2.2636574, 3.3579957, 2.14293515, 3.00978409;3.30435873, 4.13265748, 5.63630021, 3.70892285, 3.1025022, 3.75150306, 3.6204359, 3.1131061, 4.1300664, 3.03557226, 3.7347701;2.68963383, 2.99796994, 3.70892285, 3.84033133, 2.63665899, 2.70629516, 3.29234675, 1.54650124, 3.41265589, 2.11727794, 3.08844038;2.65955338, 2.76658258, 3.1025022, 2.63665899, 3.64132495, 2.79001382, 2.9441731, 1.92304796, 2.89597622, 1.11860353, 1.76324303;2.86028416, 3.16581346, 3.75150306, 2.70629516, 2.79001382, 3.92038109, 2.81724795, 2.35181823, 3.12920148, 1.88944361, 2.88097884;3.1969612, 2.79975133, 3.6204359, 3.29234675, 2.9441731, 2.81724795, 3.67510894, 2.28422182, 3.60544587, 1.80659063, 2.67251615;2.48960112, 2.2636574, 3.1131061, 1.54650124, 1.92304796, 2.35181823, 2.28422182, 2.61209926, 2.3397534, 1.69761362, 2.09035636;2.89412332, 3.3579957, 4.1300664, 3.41265589, 2.89597622, 3.12920148, 3.60544587, 2.3397534, 4.2086223, 2.2695336, 2.85554854;1.68031159, 2.14293515, 3.03557226, 2.11727794, 1.11860353, 1.88944361, 1.80659063, 1.69761362, 2.2695336, 2.39669263, 2.59852673;2.61448789, 3.00978409, 3.7347701, 3.08844038, 1.76324303, 2.88097884, 2.67251615, 2.09035636, 2.85554854, 2.59852673, 3.6312072]
data_train = [0.633085126, 0.899023983, 0.623743726, 0.134024894, 0.115760046, 0.844185896, 0.139302339, 0.520231961, 0.03711332, 0.0806697674, 0.672348268;0.68918141, 0.341469407, 0.215609765, 0.813710271, 0.217103229, 0.54202707, 0.968208841, 0.147852438, 0.940876267, 0.182893053, 0.567443208;0.377007712, 0.964928602, 0.273542029, 0.399658002, 0.982860118, 0.536470391, 0.502630116, 0.257778488, 0.70136356, 0.0143729518, 0.0495126297;0.599358587, 0.341674574, 0.953316372, 0.903190691, 0.713706259, 0.818145581, 0.66733185, 0.125582103, 0.76554337, 0.210191969, 0.323442855;0.819234212, 0.536525608, 0.859940714, 0.21303532, 0.607778439, 0.0837909725, 0.643060994, 0.762534038, 0.584930894, 0.266231501, 0.0313426689;0.119448884, 0.622302979, 0.934420217, 0.206534404, 0.735026149, 0.866451063, 0.520882178, 0.669265796, 0.815015317, 0.260675158, 0.296895674;0.000627516628, 0.963094131, 0.917544895, 0.764568264, 0.079076021, 0.44750289, 0.101891754, 0.0159202673, 0.616182965, 0.960829417, 0.902868023;0.696754815, 0.0966405842, 0.274164038, 0.320056727, 0.763150058, 0.802249179, 0.385106123, 0.417883997, 0.0445090393, 0.289136718, 0.451285177;0.116983046, 0.453267461, 0.853175812, 0.58132102, 0.078929855, 0.191671319, 0.47454435, 0.36148715, 0.35872702, 0.529267448, 0.584395922;0.79686157, 0.340966563, 0.805466283, 0.338611229, 0.0554329889, 0.554187651, 0.587902325, 0.934540246, 0.726061326, 0.917772652, 0.90834721;0.60457411, 0.527762065, 0.557440967, 0.978330808, 0.773167692, 0.106265905, 0.778428407, 0.170538049, 0.447350549, 0.210459672, 0.689583066]
feature_class = 'simple'
data_test = [0.877309736, 0.290361885, 0.0820107412, 0.298493098, 0.672361858, 0.328760128, 0.278112168, 0.184435191, 0.497516427, 0.275948828, 0.731010349, 0.076622402, 0.664033033, 0.237560015, 0.489279261, 0.286089922, 0.722768676;0.94530704, 0.917076779, 0.583426215, 0.462610303, 0.818300509, 0.683326363, 0.183564114, 0.820919214, 0.428884389, 0.18898566, 0.28179735, 0.26752703, 0.519206975, 0.234370091, 0.123566487, 0.123690851, 0.583276197;0.734759289, 0.321533009, 0.0346507098, 0.127224887, 0.91469456, 0.49354366, 0.45357281, 0.0380491783, 0.728637022, 0.528068081, 0.202080936, 0.11007376, 0.383387864, 0.837161964, 0.865294559, 0.60284638, 0.727536427;0.115155787, 0.588126065, 0.666965703, 0.200712843, 0.880154733, 0.194996738, 0.31347736, 0.620556847, 0.638350065, 0.699384741, 0.112011713, 0.84946443, 0.532847132, 0.471321794, 0.981097625, 0.740378297, 0.118006027;0.756539167, 0.095248934, 0.0274705625, 0.403625895, 0.993578173, 0.174883936, 0.672644344, 0.173396066, 0.724786975, 0.505353668, 0.67997171, 0.202873176, 0.745628333, 0.99561906, 0.665650501, 0.493479998, 0.923173989;0.0158518422, 0.729923519, 0.888746517, 0.0616745836, 0.45006417, 0.204719454, 0.566518166, 0.649542959, 0.302623183, 0.45998167, 0.279339485, 0.369391164, 0.159539957, 0.885559444, 0.0100104106, 0.882409186, 0.571678878;0.331657844, 0.723057125, 0.507752152, 0.499108658, 0.110142283, 0.389516026, 0.241064346, 0.0156959056, 0.360099631, 0.0898221294, 0.256830038, 0.0925166212, 0.100941626, 0.199011294, 0.999849244, 0.00218414286, 0.638672636;0.141243698, 0.920628137, 0.0936328933, 0.955063187, 0.610926387, 0.00126807692, 0.894007198, 0.521711801, 0.262669735, 0.767279178, 0.926665554, 0.483690823, 0.315553474, 0.788945124, 0.681785498, 0.888752484, 0.692514013;0.243528339, 0.93165925, 0.104835747, 0.26794275, 0.520194608, 0.565742026, 0.0153105866, 0.780572726, 0.361607318, 0.406418541, 0.809369544, 0.379283392, 0.0472248765, 0.17643977, 0.955903172, 0.0704053624, 0.354931201;0.503179167, 0.493280827, 0.00395994301, 0.501162731, 0.383772458, 0.972079335, 0.159159084, 0.354154197, 0.419481485, 0.390693537, 0.665830828, 0.215512858, 0.221071553, 0.729210949, 0.500290519, 0.415155676, 0.169203052;0.187527223, 0.0105516368, 0.0914262689, 0.556838695, 0.89187313, 0.287164765, 0.327747226, 0.115605611, 0.388630946, 0.0372217046, 0.917600696, 0.673111348, 0.990748809, 0.882823163, 0.472990594, 0.519685031, 0.190576047]
km_test = [2.81605285, 2.60514456, 1.13173737, 2.44719921, 4.06133378, 2.16527136, 2.23000808, 2.09537838, 2.69253924, 2.30819765, 3.2165804, 1.95396093, 2.87262079, 3.51672965, 3.12779592, 2.71956292, 2.80363704;2.98960736, 2.97213111, 1.69726279, 2.03179132, 3.88284721, 2.40768216, 2.12366582, 1.79322802, 2.97634393, 2.11624197, 2.94040904, 1.63189978, 2.57298274, 3.41014623, 3.89792532, 2.48373082, 3.44353865;2.78782903, 3.90534147, 2.31149343, 2.57927024, 4.47871016, 2.79845428, 2.53401516, 2.8231946, 3.38216167, 2.86340464, 3.75259591, 2.55492019, 2.87902331, 4.18959778, 4.67210434, 3.25456265, 3.53736876;2.24308595, 3.18231573, 1.86129422, 2.30479874, 3.80574537, 2.29019199, 1.76523008, 2.305252, 2.59218266, 1.95536424, 2.79838538, 2.33621999, 2.58752524, 2.99566593, 3.71243252, 2.31205288, 2.44359658;1.90872004, 2.43167882, 1.50696861, 1.94171297, 3.94419954, 1.41976408, 2.53155916, 1.83269462, 2.56659655, 2.4115536, 2.58070122, 2.11497587, 2.54793964, 3.84834562, 3.11432232, 3.23821639, 2.75460837;2.42570262, 3.55149664, 2.0564279, 2.20027323, 3.64172037, 2.11724998, 2.33235587, 2.48983538, 2.60350919, 2.58589102, 2.74889891, 1.99388875, 2.21949859, 3.26676086, 3.31648777, 3.05638888, 3.00926465;2.6239317, 3.09245375, 1.73044456, 2.25295481, 4.21964705, 2.40836428, 2.10609682, 2.57472394, 2.75907548, 2.27429576, 3.00660245, 2.24112115, 2.76148879, 3.62059178, 3.19107071, 2.75817291, 2.74930409;2.04209076, 2.20033349, 0.941772041, 1.69796902, 2.83178448, 1.86280208, 1.80777477, 1.72311878, 2.04995138, 1.92909887, 2.65620783, 1.27328885, 1.78940763, 3.01376698, 2.32792808, 2.25584839, 2.36965453;2.72814767, 3.38358802, 2.2256978, 2.03472787, 4.0174766, 2.6969725, 2.0523048, 2.53354894, 2.93402887, 2.29992929, 2.52891631, 2.07397064, 2.45304227, 3.62683449, 3.45407477, 2.72449993, 2.94193321;1.47364266, 2.44398156, 1.08629485, 1.7509004, 1.88160189, 1.92614034, 1.16843862, 1.43990713, 1.61517925, 1.35552465, 2.13807954, 1.15448738, 1.13076166, 2.0367989, 2.68299239, 1.35811343, 1.79218271;2.32018863, 3.20955026, 1.49696487, 2.44281246, 3.05389741, 2.52643947, 1.60490888, 2.0978998, 2.23699401, 1.74295651, 3.16251309, 1.78294696, 2.1482997, 2.69072215, 3.33273168, 1.98897755, 2.47147444]
data_class = 'rand'
feature_type = 'Real'
