accuracy = 1e-08;
init_random = 42;
name = 'LinearString';
data_type = '';
km_train = [1.01652426, 0.984883998, 1.00919608, 0.991778616, 0.983589831, 1.00431606, 0.998934024, 1.0008769, 1.02664615, 0.993522645, 0.980378862;0.984883998, 0.97382327, 0.987335417, 0.973220194, 0.963975212, 0.984883998, 0.973754812, 0.981415499, 1.0062622, 0.974253572, 0.960265484;1.00919608, 0.987335417, 1.02082729, 0.993780174, 0.986145566, 1.0078302, 1.00137892, 1.00342938, 1.03108609, 0.996055561, 0.981216647;0.991778616, 0.973220194, 0.993780174, 0.988525269, 0.973555961, 0.992049185, 0.983730005, 0.986588908, 1.01058153, 0.98164369, 0.968473828;0.983589831, 0.963975212, 0.986145566, 0.973555961, 0.968975848, 0.98359961, 0.974960963, 0.979068395, 1.00334788, 0.973647237, 0.958928938;1.00431606, 0.984883998, 1.0078302, 0.992049185, 0.98359961, 1.01526596, 0.994337611, 1.00155496, 1.02529005, 0.993669339, 0.977464541;0.998934024, 0.973754812, 1.00137892, 0.983730005, 0.974960963, 0.994337611, 0.998220113, 0.990044367, 1.01728381, 0.984186386, 0.971694577;1.0008769, 0.981415499, 1.00342938, 0.986588908, 0.979068395, 1.00155496, 0.990044367, 1.00478874, 1.01908326, 0.991693859, 0.974119917;1.02664615, 1.0062622, 1.03108609, 1.01058153, 1.00334788, 1.02529005, 1.01728381, 1.01908326, 1.05782026, 1.0136295, 0.999817447;0.993522645, 0.974253572, 0.996055561, 0.98164369, 0.973647237, 0.993669339, 0.984186386, 0.991693859, 1.0136295, 0.993760615, 0.969122542;0.980378862, 0.960265484, 0.981216647, 0.968473828, 0.958928938, 0.977464541, 0.971694577, 0.974119917, 0.999817447, 0.969122542, 0.961468374];
data_train = {'TGCCGGCTATGGGCTATATGCTCAGAGAGAATGGATATGAAGATATTCGAGGGTAACGGC', 'CGAAGCAAAACGGACCACCTTAGGGCGTGTAGGAGGACTGATTAGCCAGGTAGTGAACGC', 'TTGAGGCTATTTCTGGTGGCCCGAGGATGCAAGCTGTCCGACCAGAAAGTGGTCCGGTCA', 'GTCTTCGCTAGATCGGCGCCAGCTCGCTTATGAGAACATCCGAGCGGACCCCCGCAGCAT', 'ATCGTGGCTGGAAACGAAAACTGCCCGAGGGACCCGTGGCATGACGGGACCGTGAGACAT', 'GCGTTTACCCTACCCTTATCCTAGCTATATCACAAAGCCTAGTGTGGACGATCGATAAAC', 'GGGGGACTCTACGTCCCCGAACGAAGAATGTACAGGTTCCCACTCATTACGTAACGTTCA', 'GTACTTACGGTAGCACGATTCGGGTCGCCACACAAGCACCCGGAAGATTTTTCTCTACAA', 'TTGGAAATTCCGATGGTGGCTGTCGGACCTCTGTTGGTAGCGTCTAAGATGTGGGCCATG', 'ACACTGTCGATGTCAGCGAAGAGCTGGAGACCTTCAACCCGGTCATCTTCATTACCAACA', 'GGGGAACCGGCACCCCGAAGCATCGTTGGATGGCAGATCGCGCCCGAGTCAAAGGAAGCT'};
feature_class = 'string';
seqlen = 60;
data_test = {'ATAGAACTTATACAGGGGCAACCGTTATTCCATATATATTGTATCACGTGACCCCAATCA', 'TGTGGGTACGTTGAATCATAGGACAGCATCCAATCCTGCTGAGTCGTGAAGCTCCGGCAG'};
km_test = [1.00499412, 1.00677074;0.986725822, 0.98311389;1.01209737, 1.00945361;0.995527463, 0.992538165;0.985148047, 0.984395018;1.00533966, 1.00614485;0.998343988, 0.998194034;1.00047594, 0.998464603;1.02568775, 1.02394372;0.995817591, 0.995736094;0.98139594, 0.978126294];
alphabet = 'DNA';
data_class = 'dna';
feature_type = 'Char';
