accuracy = 1e-08
init_random = 42
name = 'LinearByte'
data_type = 'ubyte'
km_train = [1.24786878, 0.705033803, 0.934997229, 0.694048543, 0.491659093, 0.481857475, 0.913731575, 0.968351989, 1.32907902, 0.850067605, 0.821713399;0.705033803, 0.879042447, 0.601037349, 0.546252909, 0.378069378, 0.543406849, 0.606840297, 0.714760058, 1.0041627, 0.509387122, 0.382147844;0.934997229, 0.601037349, 0.986514463, 0.558732129, 0.502892608, 0.626798182, 0.803205142, 0.695945916, 1.2746182, 0.64461044, 0.640115261;0.694048543, 0.546252909, 0.558732129, 0.702901474, 0.315008312, 0.52603347, 0.67898925, 0.673319295, 0.912007093, 0.616234068, 0.562513576;0.491659093, 0.378069378, 0.502892608, 0.315008312, 0.551222432, 0.371969412, 0.376127674, 0.373906683, 0.654044109, 0.545406184, 0.529176549;0.481857475, 0.543406849, 0.626798182, 0.52603347, 0.371969412, 0.748881747, 0.575347445, 0.584249141, 0.944510695, 0.433802505, 0.435717611;0.913731575, 0.606840297, 0.803205142, 0.67898925, 0.376127674, 0.575347445, 0.989174332, 0.92414053, 1.09639366, 0.683236174, 0.723227308;0.968351989, 0.714760058, 0.695945916, 0.673319295, 0.373906683, 0.584249141, 0.92414053, 1.08129447, 1.07747312, 0.680789095, 0.760873324;1.32907902, 1.0041627, 1.2746182, 0.912007093, 0.654044109, 0.944510695, 1.09639366, 1.07747312, 1.89100743, 0.942764047, 0.860853375;0.850067605, 0.509387122, 0.64461044, 0.616234068, 0.545406184, 0.433802505, 0.683236174, 0.680789095, 0.942764047, 1.00671617, 0.676169788;0.821713399, 0.382147844, 0.640115261, 0.562513576, 0.529176549, 0.435717611, 0.723227308, 0.760873324, 0.860853375, 0.676169788, 0.915376261]
data_train = {'149', '220', '160', '100', '25', '65', '154', '119', '204', '120', '26';'89', '246', '103', '237', '44', '188', '162', '140', '254', '48', '39';'154', '14', '90', '95', '41', '46', '37', '73', '239', '108', '143';'9', '80', '209', '7', '184', '245', '51', '17', '225', '93', '48';'93', '95', '46', '101', '238', '31', '20', '18', '80', '246', '186';'77', '60', '100', '147', '23', '219', '209', '227', '164', '43', '184';'230', '6', '254', '51', '107', '12', '191', '86', '208', '17', '212';'216', '196', '127', '11', '68', '38', '152', '208', '232', '123', '35';'229', '26', '182', '169', '22', '92', '139', '86', '241', '244', '47';'213', '176', '87', '85', '83', '89', '46', '215', '155', '55', '145';'125', '7', '33', '114', '75', '18', '210', '220', '14', '223', '209'}
feature_class = 'simple'
seqlen = 60
data_test = {'206', '243', '125', '216', '71', '23', '132', '213', '98', '83', '126', '38', '178', '142', '168', '139', '117';'127', '255', '33', '220', '84', '131', '118', '239', '173', '163', '116', '61', '195', '65', '4', '233', '214';'82', '147', '210', '28', '235', '222', '165', '95', '140', '49', '14', '28', '119', '39', '160', '59', '245';'240', '164', '217', '155', '69', '141', '194', '146', '201', '52', '106', '123', '194', '84', '148', '110', '238';'49', '206', '112', '205', '162', '107', '192', '204', '130', '185', '39', '139', '49', '82', '25', '32', '40';'247', '123', '124', '205', '235', '234', '134', '111', '199', '183', '48', '168', '83', '241', '178', '62', '211';'65', '217', '226', '253', '100', '126', '61', '173', '46', '21', '245', '199', '10', '182', '109', '227', '132';'187', '125', '189', '79', '119', '92', '130', '51', '28', '47', '215', '118', '99', '234', '211', '157', '24';'97', '22', '40', '226', '183', '221', '213', '161', '231', '194', '173', '149', '138', '68', '124', '144', '216';'237', '104', '56', '189', '203', '55', '255', '35', '248', '116', '18', '146', '163', '142', '153', '113', '0';'220', '200', '83', '154', '8', '55', '222', '244', '196', '224', '102', '81', '197', '23', '25', '182', '0'}
km_test = [1.04575862, 1.06725036, 0.887004322, 1.23611216, 0.988039455, 0.871386457, 1.14574753, 0.984599357, 1.00911892, 0.790424471, 0.88007093, 0.837747977, 0.840195057, 0.890989693, 0.896140973, 0.998297684, 0.803839078;0.883081015, 0.90611105, 0.549152167, 0.901815361, 0.616424692, 0.48976172, 0.797943034, 0.743841294, 0.723652887, 0.567992907, 0.54752078, 0.493591932, 0.740640585, 0.667729137, 0.609180982, 0.715167904, 0.569327275;0.959002549, 0.997770143, 0.893281614, 1.14825224, 0.790331375, 0.822138978, 0.936198604, 0.926800399, 0.883581957, 0.604020836, 0.833731575, 0.761649119, 0.7593306, 0.797020946, 0.810200598, 0.894837637, 0.937080794;0.746611992, 0.826931176, 0.469542281, 0.948296575, 0.692567882, 0.693166353, 0.819284052, 0.85246592, 0.855626732, 0.7416868, 0.489478001, 0.526587609, 0.687407736, 0.512676493, 0.475965865, 0.690834534, 0.73552477;0.592171118, 0.714573867, 0.582555691, 0.72217666, 0.496641915, 0.467795633, 0.698654549, 0.640279286, 0.600664967, 0.466372603, 0.410076471, 0.510464369, 0.47131996, 0.438510473, 0.405740884, 0.472525767, 0.448006206;0.874711293, 0.736934501, 0.56670287, 0.852647678, 0.644477447, 0.694527319, 0.767554029, 0.691047324, 0.845208911, 0.581123795, 0.437978499, 0.538596919, 0.68961986, 0.574217001, 0.575640031, 0.586696221, 0.830029924;1.02670509, 1.03136872, 0.74941372, 1.14183309, 0.721507259, 0.771645794, 0.916134323, 1.00092652, 0.888657874, 0.780658318, 0.801072814, 0.715136872, 0.783038901, 0.803626288, 0.709763937, 0.9362651, 0.787640474;1.15923307, 0.987161698, 0.714467472, 1.07968082, 0.839157708, 0.74310983, 1.04494736, 0.876116591, 0.989107836, 0.817976283, 0.676644132, 0.716023496, 0.850692674, 0.852124571, 0.788762053, 0.881680151, 0.662090214;1.38492297, 1.42473678, 1.20816137, 1.5444974, 1.2550061, 1.24035465, 1.3925967, 1.28425136, 1.32361299, 0.92961986, 1.06442203, 0.996236285, 1.16056301, 1.11114707, 1.16853818, 1.23029591, 1.38850936;0.862400532, 0.901008534, 0.668367505, 1.00659648, 0.745845063, 0.732319628, 1.07675939, 0.978220104, 0.941380915, 0.847155048, 0.621850826, 0.637105176, 0.780902139, 0.550264879, 0.608453951, 0.709790535, 0.6637216;0.857125125, 0.950446636, 0.755868336, 1.01121135, 0.800106395, 0.740188407, 0.940596254, 0.868531531, 0.878962651, 0.731246814, 0.543056633, 0.715775241, 0.619869223, 0.668509365, 0.601312202, 0.703038901, 0.634321179]
alphabet = 'RAWBYTE'
data_class = 'rand'
feature_type = 'Byte'
