kernel_alphabet = 'RAWBYTE';
init_random = 42;
kernel_feature_type = 'Byte';
kernel_accuracy = 1e-08;
kernel_data_train = [184, 218, 41, 4, 152, 25, 215, 220, 134, 86, 154;72, 55, 125, 197, 37, 82, 230, 85, 0, 208, 136;52, 137, 208, 28, 214, 145, 117, 66, 57, 29, 122;232, 227, 222, 245, 133, 152, 169, 101, 252, 242, 103;0, 101, 122, 46, 9, 174, 151, 135, 104, 6, 14;130, 206, 96, 215, 202, 72, 30, 207, 241, 176, 122;215, 110, 233, 240, 39, 193, 39, 24, 91, 177, 80;0, 171, 176, 119, 93, 178, 165, 182, 52, 160, 207;101, 199, 0, 221, 121, 33, 217, 13, 167, 162, 81;59, 232, 251, 32, 195, 122, 251, 174, 69, 149, 230;169, 73, 206, 23, 167, 243, 180, 209, 88, 201, 173];
kernel_matrix_train = [0.775973462, 0.773957605, 0.737842107, 0.698451807, 0.614836241, 0.601516913, 0.698378433, 0.588668724, 0.667275543, 0.805218829, 0.588599211;0.773957605, 1.21097754, 0.987835349, 0.84930507, 0.922598061, 0.77627082, 1.09058224, 0.899238068, 0.884126868, 0.981922942, 0.903652099;0.737842107, 0.987835349, 1.25375463, 0.775791957, 0.827146096, 1.00520956, 0.999930488, 0.836035946, 0.675505026, 0.985205467, 0.901404535;0.698451807, 0.84930507, 0.775791957, 1.04318644, 0.569873372, 0.638454973, 0.746758989, 0.52365542, 0.732342912, 0.950970662, 0.602463052;0.614836241, 0.922598061, 0.827146096, 0.569873372, 0.84792641, 0.643510062, 0.842844289, 0.75474518, 0.665939362, 0.767620401, 0.768226703;0.601516913, 0.77627082, 1.00520956, 0.638454973, 0.643510062, 0.891661228, 0.825427597, 0.715428254, 0.56961077, 0.806802164, 0.7129876;0.698378433, 1.09058224, 0.999930488, 0.746758989, 0.842844289, 0.825427597, 1.2987677, 0.901022217, 0.704885556, 0.999598373, 0.948329195;0.588668724, 0.899238068, 0.836035946, 0.52365542, 0.75474518, 0.715428254, 0.901022217, 0.92328546, 0.644294006, 0.786288314, 0.80272411;0.667275543, 0.884126868, 0.675505026, 0.732342912, 0.665939362, 0.56961077, 0.704885556, 0.644294006, 0.791609866, 0.759425674, 0.567950198;0.805218829, 0.981922942, 0.985205467, 0.950970662, 0.767620401, 0.806802164, 0.999598373, 0.786288314, 0.759425674, 1.10776336, 0.853444913;0.588599211, 0.903652099, 0.901404535, 0.602463052, 0.768226703, 0.7129876, 0.948329195, 0.80272411, 0.567950198, 0.853444913, 0.8550939];
kernel_name = 'LinearByte';
kernel_normalizer = 'AvgDiagKernelNormalizer';
kernel_seqlen = 60;
kernel_feature_class = 'simple';
kernel_matrix_test = [0.604849641, 0.780677127, 0.493290133, 0.750589889, 0.746021387, 0.903930148, 0.608858183, 0.809652168, 0.706179257, 0.498198473, 0.54098329, 0.571495325, 0.702162991, 0.413640629, 0.60693501, 0.459260003, 0.651886293;0.944614149, 1.31970249, 0.603470981, 0.907652917, 1.02809455, 1.24486092, 0.859897971, 1.1284703, 0.851641456, 0.69070891, 0.867969121, 0.780808428, 0.995138001, 0.61619173, 0.753895585, 0.869865262, 0.788369821;0.937720846, 1.17003479, 0.778591758, 0.899114491, 1.03553237, 1.30186486, 0.990272141, 1.01043071, 0.869278269, 0.713624796, 0.81025847, 0.87726446, 0.989395513, 0.551441028, 0.926791969, 0.835228831, 0.799059267;0.851290032, 0.840689407, 0.581497372, 0.793204787, 0.91067284, 1.06894075, 0.783766562, 0.958296485, 0.768145605, 0.555654246, 0.599891097, 0.541214998, 0.539948329, 0.442831931, 0.757197419, 0.611287252, 0.464326677;0.745137036, 1.06271554, 0.541338575, 0.72863559, 0.758259412, 0.947861918, 0.748110617, 0.851251414, 0.590931735, 0.586204899, 0.661197079, 0.6782469, 0.76227954, 0.456699634, 0.55107802, 0.742333373, 0.700502419;0.824157067, 0.98484632, 0.620219582, 0.752304526, 0.905984622, 1.13054795, 0.86908518, 0.847200392, 0.819615597, 0.566065643, 0.685313983, 0.682247719, 0.831795696, 0.389187749, 0.848497955, 0.706743079, 0.633480983;1.01457055, 1.26646379, 0.652600725, 0.926201115, 0.944301344, 1.35240416, 0.988646325, 1.07462917, 0.908784423, 0.66819465, 1.02757321, 0.810111722, 1.10056884, 0.643907827, 0.851359545, 1.05379093, 0.735204501;0.729728477, 1.09146659, 0.479990114, 0.856109551, 0.803948298, 1.01933986, 0.727766686, 0.916554353, 0.765793772, 0.505497264, 0.6735973, 0.624961865, 0.930039738, 0.50796495, 0.643753355, 0.738023611, 0.693060742;0.644784454, 0.900786647, 0.384495669, 0.686638579, 0.804407852, 0.903636652, 0.553398958, 0.859488621, 0.710550808, 0.47845312, 0.527080831, 0.523334891, 0.674292423, 0.431385573, 0.576716471, 0.550452409, 0.586197175;0.905007588, 1.02013539, 0.646120635, 0.977288789, 1.03458623, 1.25622232, 0.948363951, 1.02006588, 0.88187158, 0.631163906, 0.736312836, 0.719502446, 0.885038251, 0.574036386, 0.868212414, 0.772764311, 0.695586356;0.808899118, 1.05800029, 0.584092498, 0.824195685, 0.826157476, 1.06049887, 0.852031497, 0.879705113, 0.673628194, 0.577959969, 0.733968727, 0.684831259, 0.874734984, 0.508339544, 0.675817831, 0.774254963, 0.672365388];
kernel_data_test = [87, 252, 53, 204, 31, 117, 14, 249, 142, 80, 177, 78, 254, 119, 21, 63, 213;214, 77, 199, 223, 27, 213, 200, 216, 125, 92, 168, 86, 54, 138, 153, 219, 12;233, 254, 235, 50, 21, 129, 167, 204, 2, 190, 150, 159, 27, 7, 93, 180, 156;93, 88, 58, 165, 224, 227, 6, 245, 217, 105, 23, 111, 230, 176, 239, 6, 207;136, 220, 32, 42, 117, 206, 70, 141, 231, 34, 177, 78, 151, 43, 144, 197, 7;117, 223, 73, 206, 170, 119, 107, 215, 100, 92, 9, 79, 10, 89, 18, 117, 93;150, 139, 204, 148, 220, 218, 206, 139, 168, 139, 132, 153, 62, 9, 166, 10, 94;244, 230, 91, 173, 243, 232, 207, 226, 152, 92, 103, 36, 190, 57, 250, 93, 85;216, 195, 40, 43, 186, 218, 209, 108, 109, 105, 220, 81, 48, 31, 88, 223, 2;59, 241, 74, 82, 172, 196, 162, 16, 34, 112, 205, 252, 255, 184, 16, 244, 127;111, 141, 96, 190, 202, 248, 247, 66, 208, 85, 109, 161, 248, 39, 202, 157, 193];
