init_random = 42;
kernel_feature_type = 'Word';
kernel_accuracy = 1e-08;
kernel_data_train = [38, 9, 8, 27, 27, 12, 17, 11, 7, 22, 4;6, 14, 2, 17, 37, 25, 37, 32, 20, 16, 1;24, 40, 18, 37, 24, 38, 3, 2, 33, 41, 9;26, 25, 26, 0, 19, 24, 9, 0, 15, 10, 3;34, 12, 20, 14, 9, 37, 10, 31, 32, 19, 35;29, 9, 14, 28, 0, 20, 14, 2, 32, 37, 18;3, 11, 24, 33, 16, 5, 11, 14, 16, 0, 13;1, 3, 1, 25, 39, 32, 38, 5, 29, 21, 26;18, 9, 5, 25, 41, 2, 2, 5, 9, 37, 12;37, 11, 26, 7, 4, 35, 37, 29, 36, 28, 21;13, 9, 10, 34, 22, 7, 20, 36, 27, 30, 27];
kernel_matrix_train = [1.1691463, 0.606978392, 0.666843783, 0.811016649, 0.687743535, 0.965108041, 0.64753808, 0.610697839, 0.975203684, 1.06411619, 0.632837407;0.606978392, 0.556145944, 0.447042154, 0.606978392, 0.568189869, 0.676408077, 0.372298973, 0.331916401, 0.654091392, 0.68136734, 0.331207935;0.666843783, 0.447042154, 0.538788523, 0.540559688, 0.415869642, 0.640453418, 0.419411973, 0.410201913, 0.678710592, 0.591215019, 0.432164364;0.811016649, 0.606978392, 0.540559688, 1.22405243, 1.0053135, 0.837938363, 0.714311017, 0.627701027, 1.01700319, 1.12486716, 0.69004605;0.687743535, 0.568189869, 0.415869642, 1.0053135, 1.25292242, 0.82430039, 0.79507616, 0.591569253, 0.848034006, 0.998760184, 0.553489196;0.965108041, 0.676408077, 0.640453418, 0.837938363, 0.82430039, 1.2194474, 0.853524619, 0.655685441, 1.15072618, 1.03453773, 0.706163656;0.64753808, 0.372298973, 0.419411973, 0.714311017, 0.79507616, 0.853524619, 0.953241233, 0.684024088, 0.890719093, 0.778427205, 0.572617783;0.610697839, 0.331916401, 0.410201913, 0.627701027, 0.591569253, 0.655685441, 0.684024088, 0.796493092, 0.756110521, 0.651965994, 0.561105207;0.975203684, 0.654091392, 0.678710592, 1.01700319, 0.848034006, 1.15072618, 0.890719093, 0.756110521, 1.24229543, 1.15639391, 0.821997875;1.06411619, 0.68136734, 0.591215019, 1.12486716, 0.998760184, 1.03453773, 0.778427205, 0.651965994, 1.15639391, 1.37176762, 0.747786043;0.632837407, 0.331207935, 0.432164364, 0.69004605, 0.553489196, 0.706163656, 0.572617783, 0.561105207, 0.821997875, 0.747786043, 0.67569961];
kernel_name = 'LinearWord';
kernel_normalizer = 'AvgDiagKernelNormalizer';
kernel_feature_class = 'simple';
kernel_matrix_test = [0.998051718, 0.878320935, 0.949876018, 0.851576337, 0.858129649, 0.939071909, 0.848919589, 0.855650018, 1.10981226, 0.80995395, 1.02656748, 0.83864683, 0.953949699, 0.638682253, 0.879914984, 0.839178179, 0.989195891;0.470952887, 0.616365569, 0.512398158, 0.581119377, 0.746191994, 0.545341835, 0.651080411, 0.491498406, 0.492738222, 0.551186681, 0.549238399, 0.654799858, 0.703506908, 0.526213248, 0.501948282, 0.521253985, 0.677825009;0.566772937, 0.604675877, 0.569783918, 0.517888771, 0.700850159, 0.603613177, 0.554197662, 0.525327666, 0.667906482, 0.496280553, 0.684201204, 0.616365569, 0.685086787, 0.487070492, 0.545341835, 0.598476798, 0.712185618;0.966879207, 1.13177471, 1.00832448, 0.86680836, 1.18366985, 0.743712363, 0.789054198, 1.01523202, 0.921714488, 0.977683316, 0.963513992, 1.02019129, 0.88629118, 0.855827134, 0.764080765, 0.75770457, 1.24459795;0.858306766, 1.09458023, 0.94314559, 0.931633015, 1.11937655, 0.650549061, 0.800035423, 0.805526036, 0.825894439, 0.944739639, 0.896032589, 0.934998229, 0.84732554, 0.917463691, 0.905065533, 0.811193765, 1.00442791;0.977329083, 0.974140985, 0.808714134, 0.972901169, 1.20439249, 0.872121856, 0.864328728, 0.706163656, 1.06907545, 0.911087496, 0.984236628, 0.871590507, 1.0899752, 0.742118314, 0.68136734, 0.849982288, 1.19022317;0.859900815, 0.845731491, 0.820403826, 0.854055969, 1.0770457, 0.67109458, 0.484590861, 0.668437832, 0.940134609, 0.67676231, 0.81969536, 0.660113355, 0.7376904, 0.680481757, 0.62911796, 0.59015232, 0.954835282;0.758413036, 0.684024088, 0.687035069, 0.742472547, 0.877789586, 0.757527453, 0.488310308, 0.524973433, 0.739992915, 0.444385406, 0.551895147, 0.597414098, 0.510272759, 0.615834219, 0.554729012, 0.549769748, 0.792242295;1.04658165, 1.04303932, 0.939426142, 0.999645767, 1.29826426, 0.912858661, 0.836875664, 0.898512221, 1.14576691, 0.897626638, 1.07350337, 0.973786752, 1.06004251, 0.759121502, 0.741409848, 0.898157988, 1.30889125;1.03418349, 1.04144527, 1.05402055, 1.04197662, 1.13903649, 0.861494864, 0.919411973, 1.03666312, 1.07102373, 0.928976266, 1.06216791, 1.03595466, 0.996811902, 0.697484945, 0.902231668, 0.880800567, 1.19358838;0.816153029, 0.672157279, 0.628232377, 0.636733971, 0.805526036, 0.634608572, 0.491852639, 0.610697839, 0.879914984, 0.605915693, 0.777187389, 0.575982997, 0.668614949, 0.476266383, 0.517180305, 0.672157279, 0.892136026];
kernel_data_test = [41, 26, 39, 20, 8, 28, 14, 32, 36, 35, 27, 9, 22, 27, 33, 4, 17;5, 41, 22, 27, 40, 12, 24, 6, 1, 15, 1, 35, 1, 37, 9, 13, 26;14, 20, 11, 32, 39, 21, 37, 17, 1, 28, 6, 30, 40, 17, 8, 7, 32;4, 13, 12, 10, 19, 22, 26, 14, 29, 15, 39, 17, 41, 22, 35, 37, 7;38, 28, 11, 17, 18, 35, 32, 4, 38, 27, 25, 20, 22, 20, 10, 41, 38;15, 32, 26, 0, 15, 4, 17, 40, 33, 24, 41, 33, 14, 3, 3, 24, 40;12, 41, 24, 2, 34, 8, 13, 21, 8, 23, 22, 36, 14, 35, 13, 19, 38;35, 26, 16, 25, 40, 3, 2, 18, 40, 39, 38, 6, 35, 18, 11, 19, 37;11, 28, 29, 19, 3, 1, 29, 22, 5, 17, 21, 36, 3, 10, 40, 34, 10;33, 8, 30, 41, 31, 34, 10, 16, 35, 1, 23, 14, 27, 2, 28, 12, 21;30, 6, 25, 30, 37, 37, 3, 34, 32, 2, 18, 8, 18, 18, 25, 12, 21];
