name = 'LinearWord'
data_type = 'ushort'
km_train = [1.23696627, 0.475020078, 0.923537679, 0.905501272, 0.666610895, 0.845686655, 0.816607549, 0.787160353, 0.706548655, 0.785135859, 0.923169589;0.475020078, 0.819552269, 0.481645697, 0.792865748, 0.718511578, 0.517350422, 0.559312676, 0.67158011, 0.686303708, 0.400113773, 0.438395128;0.923537679, 0.481645697, 0.840901486, 0.727897872, 0.481277607, 0.577349083, 0.698082586, 0.625200776, 0.56612234, 0.541644358, 0.621703922;0.905501272, 0.792865748, 0.727897872, 1.3238355, 0.887832954, 0.864091152, 0.886360594, 0.942494311, 0.819000134, 0.959058359, 0.70636461;0.666610895, 0.718511578, 0.481277607, 0.887832954, 0.972125552, 0.715566859, 0.684279213, 0.867772052, 0.7415172, 0.567042565, 0.537227279;0.845686655, 0.517350422, 0.577349083, 0.864091152, 0.715566859, 0.99053005, 0.812374515, 0.891329809, 0.673236515, 0.671396065, 0.708021015;0.816607549, 0.559312676, 0.698082586, 0.886360594, 0.684279213, 0.812374515, 0.934764422, 0.893354303, 0.566674475, 0.605139874, 0.521951546;0.787160353, 0.67158011, 0.625200776, 0.942494311, 0.867772052, 0.891329809, 0.893354303, 1.0766631, 0.70710079, 0.651335163, 0.641580779;0.706548655, 0.686303708, 0.56612234, 0.819000134, 0.7415172, 0.673236515, 0.566674475, 0.70710079, 0.873661491, 0.52802503, 0.634403025;0.785135859, 0.400113773, 0.541644358, 0.959058359, 0.567042565, 0.671396065, 0.605139874, 0.651335163, 0.52802503, 0.905133182, 0.629617856;0.923169589, 0.438395128, 0.621703922, 0.70636461, 0.537227279, 0.708021015, 0.521951546, 0.641580779, 0.634403025, 0.629617856, 1.02586668]
data_train = ['36', '2', '31', '34', '18', '13', '21', '16', '3', '39', '18';'36', '1', '14', '1', '10', '22', '9', '2', '4', '2', '37';'12', '41', '18', '39', '34', '23', '23', '16', '39', '9', '1';'22', '5', '1', '20', '34', '28', '6', '28', '36', '22', '32';'7', '11', '9', '14', '23', '25', '41', '38', '2', '1', '5';'20', '8', '9', '35', '2', '40', '23', '21', '13', '41', '26';'32', '21', '28', '18', '18', '5', '18', '12', '25', '21', '20';'35', '1', '29', '26', '6', '19', '30', '22', '12', '16', '3';'13', '19', '12', '2', '25', '25', '17', '31', '13', '2', '0';'25', '23', '34', '13', '2', '12', '13', '20', '25', '2', '39';'3', '35', '0', '39', '32', '6', '10', '26', '13', '21', '15']
feature_class = 'simple'
data_test = ['11', '9', '23', '17', '21', '8', '16', '37', '39', '12', '36', '5', '20', '35', '6', '35', '24';'10', '13', '28', '9', '4', '7', '4', '23', '39', '25', '5', '15', '35', '11', '10', '2', '36';'5', '18', '17', '15', '22', '36', '8', '2', '7', '37', '3', '11', '30', '24', '15', '41', '13';'12', '40', '6', '11', '36', '3', '1', '34', '2', '3', '37', '11', '18', '9', '0', '16', '15';'8', '8', '8', '11', '40', '14', '1', '10', '10', '7', '31', '5', '19', '38', '34', '7', '33';'18', '6', '30', '17', '39', '13', '38', '35', '16', '36', '8', '19', '27', '19', '40', '35', '26';'7', '31', '0', '16', '8', '19', '31', '1', '31', '8', '29', '19', '37', '0', '4', '34', '35';'0', '13', '8', '29', '23', '3', '13', '24', '3', '24', '9', '34', '6', '41', '12', '3', '35';'13', '17', '7', '31', '26', '41', '36', '22', '6', '11', '24', '2', '25', '3', '41', '35', '14';'31', '28', '9', '20', '15', '18', '28', '17', '15', '0', '1', '14', '38', '27', '0', '4', '41';'21', '35', '12', '0', '15', '40', '21', '31', '15', '14', '41', '11', '0', '16', '40', '27', '6']
km_test = [0.501890644, 0.835012047, 0.63679561, 0.773909115, 0.889857449, 0.591152456, 0.788264623, 0.98979387, 0.905685317, 0.716303038, 0.810902155, 0.683911123, 1.11862535, 0.917464195, 0.551214697, 0.874949806, 1.28224133;0.436370633, 0.729002142, 0.349133315, 0.438763218, 0.632194485, 0.877342391, 0.627777406, 0.49287244, 0.42146299, 0.522135591, 0.611397403, 0.35263017, 0.727345737, 0.544589078, 0.663666176, 0.848263285, 0.63532325;0.409131977, 0.616918753, 0.438211083, 0.649126623, 0.655752242, 0.545325258, 0.676733369, 0.645997858, 0.672500335, 0.520847276, 0.556367956, 0.516798287, 0.898875653, 0.798019007, 0.407475572, 0.7067327, 1.02789118;0.540171998, 0.883783965, 0.655568197, 0.645077634, 1.06654062, 0.863170928, 0.805196761, 1.01592826, 0.700475171, 0.852128229, 0.959978584, 0.627593361, 0.887464864, 1.0234741, 0.865195422, 1.15929929, 0.98758533;0.419806585, 0.864459242, 0.431585464, 0.523423906, 0.888937224, 0.844582385, 0.551582787, 0.765259001, 0.532994244, 0.56501807, 0.971205327, 0.38962321, 0.779614509, 0.673788649, 0.7415172, 0.956297684, 0.73967675;0.477044572, 0.690168652, 0.622256057, 0.675997189, 1.07335029, 0.675997189, 0.702499665, 0.926850489, 0.571275599, 0.756608888, 0.727345737, 0.527472895, 0.94948802, 0.825441708, 0.84771115, 0.87918284, 0.994947129;0.406739392, 0.621519877, 0.510908848, 0.669187525, 0.985928925, 0.683358988, 0.664586401, 0.753112033, 0.591888636, 0.672132245, 0.767467541, 0.53170593, 0.864643287, 0.962003079, 0.810534065, 0.828754517, 1.04519141;0.542380538, 0.858201713, 0.493792665, 0.700107081, 1.13022018, 0.841453621, 0.761210012, 0.939549592, 0.533730424, 0.60164302, 0.992370499, 0.512933342, 0.878630705, 0.922433409, 0.940653862, 0.922065319, 1.00930264;0.431033329, 0.850655869, 0.374347477, 0.545141213, 0.77372507, 0.694769776, 0.603667514, 0.627041226, 0.424223665, 0.548822112, 0.63421898, 0.470971088, 0.861146433, 0.579005488, 0.465265694, 0.837220586, 0.781639004;0.401218043, 0.617838977, 0.531521885, 0.49103199, 0.80777339, 0.49103199, 0.683358988, 0.889673404, 0.630906171, 0.601458975, 0.787344398, 0.470418953, 0.67010775, 0.675445054, 0.60017066, 0.908998126, 0.751823718;0.575876723, 0.81219047, 0.558392451, 0.49508098, 0.727529782, 0.484774461, 0.650598983, 0.88102329, 0.758449337, 0.494528845, 0.670659885, 0.500602329, 0.975070272, 0.634771115, 0.445204792, 0.63532325, 1.02917949]
feature_type = 'Word'
data_class = 'rand'
accuracy = 1e-08
