kernel_alphabet = 'RAWBYTE';
init_random = 42;
kernel_feature_type = 'Byte';
kernel_accuracy = 1e-08;
kernel_data_train = [18, 184, 18, 218, 231, 41, 91, 4, 47, 152, 194;25, 73, 215, 189, 220, 108, 134, 171, 86, 237, 154;169, 72, 235, 55, 130, 125, 140, 197, 58, 37, 84;82, 216, 230, 195, 85, 196, 0, 177, 208, 200, 136;127, 52, 87, 137, 83, 208, 76, 28, 35, 214, 26;145, 17, 117, 136, 66, 134, 57, 206, 29, 72, 122;188, 232, 218, 227, 81, 222, 16, 245, 180, 133, 38;152, 169, 169, 58, 101, 37, 252, 158, 242, 156, 103;8, 0, 207, 101, 86, 122, 199, 46, 75, 9, 143;174, 42, 151, 230, 135, 74, 104, 25, 6, 78, 14;175, 130, 143, 206, 88, 96, 141, 215, 245, 202, 2];
kernel_matrix_train = [0.841495496, 0.626090352, 0.924920088, 0.870397748, 0.562450402, 0.717942949, 0.577172133, 0.864182585, 0.670604709, 0.727322433, 0.350964652;0.626090352, 0.851385635, 0.856282695, 0.909277432, 0.631524254, 0.668666835, 0.482395266, 0.79930746, 0.790438632, 0.83032217, 0.492582197;0.924920088, 0.856282695, 1.47573452, 1.19828686, 0.881640908, 1.03437068, 0.871890435, 1.19822576, 0.955179725, 1.01831338, 0.706407363;0.870397748, 0.909277432, 1.19828686, 1.40535129, 0.951997946, 0.972528933, 0.708550372, 1.00323376, 0.843717067, 1.12507539, 0.678111787;0.562450402, 0.631524254, 0.881640908, 0.951997946, 0.817302626, 0.623689832, 0.650676034, 0.68599422, 0.557173625, 0.816984011, 0.607676186;0.717942949, 0.668666835, 1.03437068, 0.972528933, 0.623689832, 0.91147718, 0.512990976, 0.871672206, 0.66527992, 0.835262875, 0.499390943;0.577172133, 0.482395266, 0.871890435, 0.708550372, 0.650676034, 0.512990976, 0.824556559, 0.657013405, 0.620608438, 0.658890174, 0.505152189;0.864182585, 0.79930746, 1.19822576, 1.00323376, 0.68599422, 0.871672206, 0.657013405, 1.20711204, 0.910892327, 0.906414267, 0.552259107;0.670604709, 0.790438632, 0.955179725, 0.843717067, 0.557173625, 0.66527992, 0.620608438, 0.910892327, 0.938162226, 0.843127849, 0.449704558;0.727322433, 0.83032217, 1.01831338, 1.12507539, 0.816984011, 0.835262875, 0.658890174, 0.906414267, 0.843127849, 1.13747953, 0.58724122;0.350964652, 0.492582197, 0.706407363, 0.678111787, 0.607676186, 0.499390943, 0.505152189, 0.552259107, 0.449704558, 0.58724122, 0.589942895];
kernel_name = 'LinearByte';
kernel_normalizer = 'AvgDiagKernelNormalizer';
kernel_seqlen = 60;
kernel_feature_class = 'simple';
kernel_matrix_test = [0.807560882, 0.808001705, 0.644408496, 0.851433646, 0.57871283, 0.826228193, 0.719518563, 0.79348511, 0.68874827, 0.713565275, 0.5463451, 0.621411521, 0.980145126, 0.828537056, 0.612149881, 0.76293741, 0.612721641;0.800232751, 0.79790643, 0.733755825, 0.661975933, 0.603708782, 0.769606489, 0.777576214, 0.600243306, 0.754326093, 0.471894085, 0.481002965, 0.709851017, 0.889244007, 0.657777206, 0.533901681, 0.580650703, 0.84686393;1.26870501, 1.30437672, 1.06253968, 1.08148632, 0.8605949, 1.02709492, 1.12150953, 0.92090031, 0.908906442, 0.843276245, 0.827118567, 0.932091094, 1.27406471, 1.01215932, 0.746592056, 0.973205443, 0.893922837;1.22544765, 1.29955386, 0.834241563, 1.06860208, 0.89165762, 1.05346572, 1.27026316, 0.94212963, 1.0170913, 0.729456713, 0.71205513, 1.02558477, 1.40552151, 1.10447893, 0.732228222, 1.12838374, 1.05031885;0.868848322, 1.01054443, 0.588563688, 0.772879925, 0.719876459, 0.723272102, 0.950841332, 0.56387762, 0.667505856, 0.521916543, 0.553777981, 0.721914718, 0.96153019, 0.720989427, 0.610329851, 0.872623684, 0.706904925;0.924418162, 0.931680824, 0.72928213, 0.867966677, 0.727902922, 0.794510786, 0.880165679, 0.781849138, 0.731433868, 0.599929056, 0.592116457, 0.792424517, 1.10826302, 0.781543617, 0.620407668, 0.815692096, 0.708633299;0.941514224, 0.931864136, 0.584862524, 0.737120916, 0.551901211, 0.710003777, 0.727335527, 0.475756739, 0.488811199, 0.655110448, 0.602530346, 0.583989608, 0.732258774, 0.641663175, 0.583317462, 0.785628865, 0.502686201;0.914597855, 0.988354902, 0.882247584, 0.827965296, 0.730268525, 1.04340536, 0.807565247, 0.821920352, 0.702806584, 0.630459297, 0.57444427, 0.815482596, 1.05503696, 0.946468023, 0.630860838, 0.724446174, 0.811689775;0.965523781, 0.812588879, 0.803314145, 0.69291208, 0.541727374, 0.864566669, 0.695735964, 0.621424615, 0.635535304, 0.538432116, 0.471876627, 0.712124963, 0.783219616, 0.728300099, 0.539309396, 0.542102728, 0.796169327;1.14600355, 1.05127906, 0.724171206, 0.921594278, 0.806687966, 1.0113737, 1.00828358, 0.784402418, 0.742340955, 0.583745191, 0.453776711, 0.884857604, 1.10400756, 0.939990985, 0.767192876, 0.865221356, 0.879100722;0.670246813, 0.839339393, 0.491408125, 0.55092791, 0.621978917, 0.565470692, 0.656633686, 0.377894114, 0.465382131, 0.325204897, 0.440124303, 0.621712677, 0.731324753, 0.492411978, 0.371334149, 0.624388165, 0.543032384];
kernel_data_test = [72, 197, 30, 118, 207, 74, 241, 16, 176, 2, 122, 210, 215, 54, 110, 255, 233;199, 240, 99, 39, 121, 193, 214, 39, 29, 24, 6, 91, 104, 177, 122, 80, 95;0, 90, 171, 227, 176, 6, 119, 130, 93, 128, 178, 97, 165, 42, 182, 184, 52;227, 160, 234, 207, 189, 101, 138, 199, 179, 0, 13, 221, 212, 121, 20, 33, 229;217, 104, 13, 245, 167, 121, 162, 169, 81, 147, 59, 136, 232, 114, 251, 236, 32;48, 195, 3, 122, 175, 251, 15, 174, 25, 69, 36, 149, 233, 230, 6, 169, 29;73, 120, 206, 5, 23, 193, 167, 120, 243, 142, 180, 84, 209, 132, 88, 35, 201;242, 173, 150, 87, 44, 252, 9, 53, 69, 204, 84, 31, 42, 117, 120, 14, 65;249, 250, 142, 114, 80, 19, 177, 5, 78, 124, 254, 144, 119, 25, 21, 200, 63;203, 213, 57, 214, 36, 77, 215, 199, 217, 223, 120, 27, 223, 213, 48, 200, 66;216, 102, 125, 203, 92, 194, 168, 173, 86, 86, 54, 209, 138, 227, 153, 199, 219];
