accuracy = 1e-08
init_random = 42
name = 'LinearByte'
data_type = 'ubyte'
km_train = [1.57397245, 1.14171387, 0.939486822, 1.01655169, 0.686504621, 0.770888005, 1.35051624, 1.20901232, 1.20787024, 0.804201324, 0.857328804;1.14171387, 1.17388091, 0.652758825, 0.737251378, 0.500031491, 0.642799259, 0.95200346, 0.888563715, 0.867384942, 0.696459987, 0.693768553;0.939486822, 0.652758825, 0.769418424, 0.629728379, 0.326910561, 0.384959041, 0.930841483, 0.652532089, 0.683897163, 0.445106923, 0.535221676;1.01655169, 0.737251378, 0.629728379, 1.08816651, 0.480889139, 0.611648325, 0.998186116, 0.861611585, 0.752929716, 0.606601361, 0.71430071;0.686504621, 0.500031491, 0.326910561, 0.480889139, 0.517494321, 0.459391257, 0.648337483, 0.605614642, 0.597489954, 0.410710312, 0.541784408;0.770888005, 0.642799259, 0.384959041, 0.611648325, 0.459391257, 0.673446337, 0.761810189, 0.780902155, 0.703031117, 0.585300823, 0.556438238;1.35051624, 0.95200346, 0.930841483, 0.998186116, 0.648337483, 0.761810189, 1.45136734, 1.06594643, 1.05016732, 0.873557186, 0.84880523;1.20901232, 0.888563715, 0.652532089, 0.861611585, 0.605614642, 0.780902155, 1.06594643, 1.13555422, 1.09455709, 0.763964176, 0.714808765;1.20787024, 0.867384942, 0.683897163, 0.752929716, 0.597489954, 0.703031117, 1.05016732, 1.09455709, 1.13683066, 0.724088125, 0.691996658;0.804201324, 0.696459987, 0.445106923, 0.606601361, 0.410710312, 0.585300823, 0.873557186, 0.763964176, 0.724088125, 0.732561313, 0.497659166;0.857328804, 0.693768553, 0.535221676, 0.71430071, 0.541784408, 0.556438238, 0.84880523, 0.714808765, 0.691996658, 0.497659166, 0.747307516]
data_train = ['198', '27', '89', '194', '175', '178', '172', '199', '185', '53', '247';'49', '119', '66', '236', '4', '127', '108', '70', '41', '62', '93';'222', '44', '136', '226', '56', '49', '226', '95', '43', '82', '42';'235', '174', '67', '68', '115', '137', '246', '184', '224', '234', '67';'248', '253', '254', '159', '23', '16', '226', '121', '176', '130', '164';'221', '185', '189', '194', '117', '66', '229', '139', '108', '73', '166';'72', '47', '5', '187', '97', '147', '137', '230', '189', '218', '84';'192', '52', '212', '0', '37', '109', '200', '188', '228', '67', '26';'55', '135', '39', '5', '180', '114', '160', '35', '45', '103', '171';'237', '226', '23', '97', '137', '78', '6', '195', '215', '13', '86';'131', '245', '27', '53', '9', '185', '70', '147', '65', '146', '57']
feature_class = 'simple'
seqlen = 60
data_test = ['116', '25', '93', '185', '255', '128', '174', '182', '163', '123', '135', '68', '128', '201', '149', '216', '177';'193', '97', '6', '50', '239', '197', '69', '107', '143', '203', '128', '39', '219', '238', '144', '82', '178';'107', '43', '253', '39', '116', '91', '131', '242', '255', '177', '139', '175', '140', '59', '246', '128', '184';'119', '216', '4', '159', '135', '33', '53', '248', '182', '176', '194', '224', '224', '68', '105', '74', '102';'215', '123', '107', '62', '208', '243', '163', '209', '8', '13', '176', '37', '34', '226', '231', '37', '179';'251', '201', '84', '69', '99', '146', '120', '50', '165', '159', '174', '178', '13', '155', '46', '145', '211';'239', '89', '226', '243', '201', '76', '227', '60', '173', '103', '114', '44', '227', '12', '187', '91', '178';'74', '202', '196', '197', '249', '43', '93', '170', '138', '114', '108', '110', '66', '31', '109', '238', '133';'150', '182', '19', '234', '197', '77', '112', '172', '199', '216', '100', '27', '253', '232', '22', '188', '41';'192', '200', '129', '51', '179', '101', '34', '120', '100', '186', '7', '83', '38', '72', '195', '157', '72';'42', '65', '249', '223', '208', '97', '209', '93', '107', '3', '230', '22', '15', '137', '174', '5', '246']
km_test = [1.1908105, 1.07510822, 1.00374533, 0.945646469, 1.41049197, 0.882131145, 0.932600782, 1.27311127, 1.11152446, 1.00341783, 1.08238895, 0.855317577, 0.776787326, 0.946528218, 1.20887795, 0.983633058, 1.21557925;1.01340678, 0.92533265, 0.718843817, 0.790189912, 1.15577567, 0.78907303, 0.75934549, 0.916846865, 0.788711933, 0.761218157, 0.914806246, 0.550148428, 0.613777119, 0.912664856, 0.929334112, 0.625722719, 0.980362189;0.73864958, 0.650394898, 0.585800481, 0.51985405, 0.865130184, 0.611925446, 0.575794729, 0.77108115, 0.61767361, 0.550161024, 0.687310791, 0.493653506, 0.408375776, 0.646242279, 0.691576777, 0.612160579, 0.771265898;1.04759345, 0.634426842, 0.748579754, 0.646351448, 1.0938181, 0.800418201, 0.797063356, 0.855279787, 0.912715241, 0.819585746, 0.828974274, 0.567565071, 0.753731688, 0.82621146, 0.984598783, 0.683061601, 1.04035472;0.64940398, 0.567716228, 0.401926412, 0.606798705, 0.732834235, 0.387478324, 0.479104647, 0.610313105, 0.655710585, 0.629774566, 0.481686912, 0.3949396, 0.56482745, 0.528008129, 0.493821458, 0.607352947, 0.521365619;0.712772345, 0.617963328, 0.63148348, 0.829780444, 1.01347397, 0.507077086, 0.67824977, 0.72213568, 0.782556484, 0.665157896, 0.717999857, 0.422987618, 0.691505398, 0.649173045, 0.702287929, 0.627116723, 0.79926353;1.15868544, 1.0031785, 0.880195496, 1.0119456, 1.3573393, 0.835797332, 0.952267985, 1.23534722, 1.16183454, 1.00151577, 1.11337193, 0.814870488, 0.962072194, 0.97368189, 1.04816869, 0.94954296, 1.17698803;1.03838548, 0.889252319, 0.921940016, 0.983406323, 1.29189673, 0.696535566, 0.877646822, 0.980085068, 0.974084975, 0.843762465, 0.904451993, 0.648656592, 0.773953133, 0.732918211, 1.02719986, 0.851248935, 1.06019827;1.00091534, 0.925765127, 0.794863182, 0.91855158, 1.23920592, 0.660266288, 0.773478668, 0.990430923, 0.875660787, 0.810104844, 0.825270928, 0.636127358, 0.733632008, 0.694436163, 0.955694209, 0.84638252, 0.933713465;0.76479134, 0.65435857, 0.627356054, 0.797361471, 0.911934264, 0.500854457, 0.691975664, 0.765442155, 0.749348136, 0.601671964, 0.77058989, 0.481292224, 0.723361731, 0.572637227, 0.727354795, 0.494023001, 0.784487935;0.850467957, 0.628842431, 0.497688558, 0.700793154, 0.982394411, 0.650571247, 0.674223116, 0.750553193, 0.722253247, 0.679076935, 0.692924594, 0.411323337, 0.624677217, 0.827567674, 0.680517125, 0.676918749, 0.776157506]
alphabet = 'RAWBYTE'
data_class = 'rand'
feature_type = 'Byte'
