accuracy = 1e-08
init_random = 42
kernel_arg0_scale = 1.0
name = 'Linear'
data_type = 'double'
km_train = [3.45076127, 2.84156157, 1.99952376, 2.80786796, 3.58436971, 2.93669102, 2.24586724, 1.38202299, 2.8523381, 2.69250962, 2.84514185;2.84156157, 4.52394743, 2.80833812, 3.78747255, 4.20142518, 3.75464489, 2.43495156, 2.60045673, 3.37782627, 3.42125333, 2.42018653;1.99952376, 2.80833812, 2.62600802, 2.64362589, 3.29018805, 2.77499076, 1.91612318, 1.82836246, 2.19294113, 2.45112186, 2.3139705;2.80786796, 3.78747255, 2.64362589, 4.44582776, 3.86170343, 3.26844309, 2.76789893, 2.01810736, 3.74192489, 2.84408468, 3.20908036;3.58436971, 4.20142518, 3.29018805, 3.86170343, 5.02842492, 3.9680068, 3.15304516, 2.65598077, 3.6233814, 3.6296092, 3.51273857;2.93669102, 3.75464489, 2.77499076, 3.26844309, 3.9680068, 4.66711347, 2.65382501, 2.41995913, 3.76062998, 2.93339766, 2.83350137;2.24586724, 2.43495156, 1.91612318, 2.76789893, 3.15304516, 2.65382501, 2.94911869, 1.78311129, 2.81936943, 1.80159999, 2.25010204;1.38202299, 2.60045673, 1.82836246, 2.01810736, 2.65598077, 2.41995913, 1.78311129, 2.41239607, 2.16685201, 1.72410238, 1.37713235;2.8523381, 3.37782627, 2.19294113, 3.74192489, 3.6233814, 3.76062998, 2.81936943, 2.16685201, 4.22312721, 2.37998046, 3.0476717;2.69250962, 3.42125333, 2.45112186, 2.84408468, 3.6296092, 2.93339766, 1.80159999, 1.72410238, 2.37998046, 3.3780829, 2.24024752;2.84514185, 2.42018653, 2.3139705, 3.20908036, 3.51273857, 2.83350137, 2.25010204, 1.37713235, 3.0476717, 2.24024752, 3.77870366]
data_train = [0.134152203, 0.705888648, 0.375634854, 0.894838728, 0.385823245, 0.998242396, 0.734964515, 0.417410766, 0.807690228, 0.138522514, 0.380207217;0.435371352, 0.903827749, 0.446280381, 0.667043415, 0.803448905, 0.404959592, 0.180964269, 0.0623733445, 0.377230395, 0.65980232, 0.61857561;0.00773787906, 0.180323912, 0.443844033, 0.191024086, 0.691935633, 0.377001761, 0.715410102, 0.850963122, 0.367788672, 0.0114711801, 0.538092607;0.232386344, 0.761129334, 0.0628584854, 0.935154714, 0.339707064, 0.149840376, 0.15740159, 0.622606004, 0.924123648, 0.231453009, 0.318184006;0.425852961, 0.904166639, 0.777588127, 0.176963911, 0.86652667, 0.72823384, 0.225917242, 0.802583739, 0.204683767, 0.564088024, 0.069387499;0.0725074203, 0.549488317, 0.797111666, 0.759714478, 0.486594145, 0.765948125, 0.262577351, 0.292392823, 0.585187784, 0.538506825, 0.357957059;0.565556813, 0.431320507, 0.209399618, 0.290371124, 0.689046402, 0.756707365, 0.714604067, 0.285526774, 0.933478712, 0.533342203, 0.321080199;0.720088443, 0.0216148492, 0.141429266, 0.159844476, 0.320130911, 0.859259361, 0.00958278469, 0.0140851481, 0.716543542, 0.0301988834, 0.951840472;0.460369911, 0.451453636, 0.641827466, 0.562123908, 0.721675324, 0.328147503, 0.0475169654, 0.202179062, 0.142557167, 0.943696895, 0.8411701;0.983163139, 0.997151972, 0.334116847, 0.551194564, 0.868841853, 0.884158857, 0.534446175, 0.519791256, 0.522378038, 0.990151158, 0.152861928;0.992780336, 0.304709243, 0.507281265, 0.975188831, 0.894006084, 0.157160556, 0.959679151, 0.00894138646, 0.613864166, 0.324560173, 0.993856661]
feature_class = 'simple'
data_test = [0.183252666, 0.52130845, 0.507710725, 0.877859227, 0.471609937, 0.281499253, 0.523034472, 0.930405968, 0.860139491, 0.245283109, 0.62469585, 0.346356211, 0.429924059, 0.117344684, 0.884304411, 0.176656942, 0.175516143;0.804059291, 0.853503205, 0.00765695768, 0.901092247, 0.754822788, 0.305305537, 0.690929635, 0.763489624, 0.165953378, 0.890837747, 0.714365723, 0.323528902, 0.552682008, 0.180291388, 0.940932465, 0.772517936, 0.537534988;0.409316103, 0.0566110479, 0.166492783, 0.793567566, 0.858405787, 0.881060494, 0.882022126, 0.596414505, 0.478495317, 0.668694758, 0.714522515, 0.5166701, 0.230928777, 0.716654208, 0.910141085, 0.964744144, 0.217478603;0.334441328, 0.158097166, 0.268964095, 0.876520679, 0.025217563, 0.78943842, 0.500746469, 0.782036889, 0.0312661835, 0.398114718, 0.0567014712, 0.831824534, 0.660260859, 0.266289814, 0.597637413, 0.457722796, 0.790560054;0.114553809, 0.285116502, 0.579961847, 0.659814839, 0.20744358, 0.565218807, 0.0927712101, 0.301324286, 0.407102142, 0.0496628879, 0.0974388909, 0.505740102, 0.00489560801, 0.311489191, 0.537883925, 0.556439798, 0.570553304;0.00119388367, 0.0958755512, 0.0997172807, 0.449401866, 0.538077051, 0.813051458, 0.318396074, 0.28517078, 0.425888412, 0.128626759, 0.343321861, 0.468466342, 0.401093894, 0.291020375, 0.607700349, 0.16636859, 0.665800506;0.0636511405, 0.26343061, 0.346190305, 0.369313861, 0.613504406, 0.230868985, 0.307841691, 0.498001238, 0.535837404, 0.98850378, 0.233727827, 0.218168074, 0.473988396, 0.68703003, 0.214479595, 0.720704937, 0.133021283;0.834715075, 0.416812218, 0.655335658, 0.192648695, 0.607691816, 0.280715636, 0.646464241, 0.531162782, 0.943241991, 0.094294987, 0.9946411, 0.614486585, 0.622361868, 0.140395637, 0.180350585, 0.448631666, 0.551849673;0.559012629, 0.313483562, 0.414904828, 0.185003523, 0.540314712, 0.112637586, 0.738119125, 0.975970714, 0.885609891, 0.665701584, 0.523340268, 0.692292082, 0.524568106, 0.704451939, 0.989775034, 0.947972115, 0.956037698;0.639866066, 0.517324164, 0.514844243, 0.837651582, 0.838847192, 0.665439593, 0.721439843, 0.704603221, 0.748410851, 0.944634092, 0.149254374, 0.0245672394, 0.786654515, 0.729197844, 0.54478389, 0.125635379, 0.398961403;0.98638566, 0.714328828, 0.381304255, 0.165013965, 0.665336699, 0.338727516, 0.795908221, 0.827960393, 0.487317334, 0.851632438, 0.582200331, 0.795638944, 0.673465843, 0.928088728, 0.99319399, 0.503074869, 0.2782085]
km_test = [3.00718123, 2.41830329, 2.13287159, 2.45361044, 3.05031814, 2.03569191, 3.03563811, 3.42072647, 3.01243637, 3.2565548, 2.29399673, 2.33259034, 2.88441847, 2.76768193, 3.17580032, 2.512924, 2.31540542;2.52515052, 2.5780907, 2.15958167, 4.22039592, 3.23322103, 3.11546063, 3.23458751, 4.10051887, 3.01543356, 3.44786486, 2.22018987, 2.66474344, 3.01635331, 2.64655639, 4.30303478, 2.96689437, 3.1159013;1.92473062, 1.76044074, 1.61231146, 2.59740165, 2.66579995, 2.32477327, 2.52814031, 2.92695181, 2.57881971, 2.34789781, 2.09431461, 2.31151755, 2.00409487, 2.26384235, 3.4878135, 2.553358, 2.42035735;2.89319094, 2.61884958, 2.01526927, 3.68071915, 3.24876875, 2.9521444, 3.60543273, 4.43098721, 3.0885557, 3.44775197, 2.67416164, 3.18788572, 3.34285977, 2.81231795, 4.62487629, 2.88427938, 3.05870154;3.36568055, 2.90274154, 2.49565163, 4.0249314, 4.16337463, 3.32834375, 4.06277024, 4.62052098, 3.76312173, 4.28777223, 3.08745134, 3.2791459, 3.38338775, 3.67799155, 4.97282217, 3.95825083, 3.29063967;2.46690902, 2.42214508, 2.58806311, 3.76871172, 3.67700937, 2.98391716, 3.31449499, 3.92445776, 3.97845806, 3.06857555, 2.95139913, 2.59033905, 3.01670517, 2.61224028, 3.83346185, 2.88620213, 2.80383034;2.02048841, 1.86171614, 1.60765812, 2.66160943, 2.84618458, 2.2116349, 2.73447372, 3.09319598, 2.51493098, 2.98860775, 2.06058293, 2.02230815, 2.22789319, 2.62643037, 3.29281891, 2.31556109, 1.43600463;1.25983798, 1.09405979, 1.47914705, 2.88706008, 2.04887503, 2.5107332, 2.11965473, 2.47627509, 1.98599932, 1.96911039, 1.39657532, 1.8959924, 1.6078049, 1.89885214, 2.73972669, 2.19666227, 1.88556503;2.61205664, 2.32240919, 2.25471159, 3.59690255, 3.29378775, 2.97585367, 3.39680062, 4.07103013, 3.28717664, 3.33490239, 2.75093421, 2.98208563, 3.27408286, 2.69949943, 3.78674778, 2.92698268, 2.69657773;2.24366835, 2.07804945, 1.74989433, 2.80265649, 2.88780067, 2.19665536, 2.73105852, 3.3130734, 2.74957645, 3.18886565, 1.804352, 2.06823955, 2.56254978, 2.59617752, 3.43841017, 2.63486477, 2.71998082;3.2653998, 2.39506405, 1.99047415, 2.55333416, 3.34253604, 2.22585636, 3.6169579, 3.93578693, 3.29134506, 3.1382014, 3.2750216, 3.10907123, 2.95900199, 2.73292454, 3.99647718, 3.28297638, 2.75538205]
data_class = 'rand'
feature_type = 'Real'
