accuracy = 1e-08
kernel_arg0_scale = 1.0
name = 'Linear'
data_type = 'double'
km_train = [3.35554251e+115, 4.89274974e+197;4.89274974e+197, 9.20402469e+279]
data_train = ['2233226362363612525256266333662212523216325666565235325225523565263325555333351535323625255635662665645325631232156423232616653326363625523635255365636336556356235532652322233323322216353123123312231222314225222332121354123233122662512212623533113212531114141436221345441454146423424416144122441243264211444411242224614212416421154214212241134124441444111413111215116214211244241414412161364216242233312121153243342123252232316321121235223341313512222133226226321213322322134315356112232321116163122333342232132352322132323536231222123123224331353236122112212244513232213132222423261111553122323422133232111633221361551221522132164433623533143122223226322133125133223132114215223212322212161221612342312233554322523354323362122215332115113232133131123234233232162313322224321261222122', '6556531556465262662256156414163562641652656451551122665122126256256661125536555612251652162625125521542255251565655236266265125234531565526521542126142322432445665155342544162546135662555155215456622152421263251155665222664212415226521625516662341612255655565135663445422651241255156264452553556246626362112416325625616114525116525245625556211553656265556645666323624164262642216164521222355242142646425462656252252621612112615224266241222651252661244444224626262655624444132544146564162266546216164654644222656656263515552655551565525613611256214412552234612125366555612465244652253346421522154522563645556625656111616252526526565615651122212456454266135662245425215651633146126252662125524645456165224662516625254135222222522122466662616262264653661614664422546462166212264221225666615465226212242442424644424151241426121242424515444631253351133116161266623313115321363361633346343113466436623312631332233336624316413661163212266346663241115263116661666666636616463261366124341142632312131113613411623643413662636624265456313361336361633136152611316643613611623243233366666163622631644321231466163366363666315361263164366213345613612536133641621661323613636444663324111313663466116631346435321156136336146326131611666331362162232621263463663166634133213662136236632663652666656355451624416652266455611261163155164325555155215465115153316646524625526151561264255652152351255246362211252625525521155426162242534264255121554625326665566626455222226545523261112121365522551523412155665532645566136562652253453562622665542255556656256161552224246615515555414616223421556166544166526221654526552122535554656512415421666563226612126612462235226462112146264116542564622456212156462454254612252144222425411412542421266666262612644446562556625146622242416414626422616222622243245656631336236253631164161326142613253321264616226632236666632666361131313541626631363133663623413143161446631656161111663336331346634361446363261231']
feature_class = 'string_complex'
M = 6
pseudo = 1e-10
data_test = ['2233226362363612525256266333662212523216325666565235325225523565263325555333351535323625255635662665645325631232156423232616653326363625523635255365636336556356235532652322233323322216353123123312231222314225222332121354123233122662512212623533113212531114141436221345441454146423424416144122441243264211444411242224614212416421154214212241134124441444111413111215116214211244241414412161364216242233312121153243342123252232316321121235223341313512222133226226321213322322134315356112232321116163122333342232132352322132323536231222123123224331353236122112212244513232213132222423261111553122323422133232111633221361551221522132164433623533143122223226322133125133223132114215223212322212161221612342312233554322523354323362122215332115113232133131123234233232162313322224321261222122', '6556531556465262662256156414163562641652656451551122665122126256256661125536555612251652162625125521542255251565655236266265125234531565526521542126142322432445665155342544162546135662555155215456622152421263251155665222664212415226521625516662341612255655565135663445422651241255156264452553556246626362112416325625616114525116525245625556211553656265556645666323624164262642216164521222355242142646425462656252252621612112615224266241222651252661244444224626262655624444132544146564162266546216164654644222656656263515552655551565525613611256214412552234612125366555612465244652253346421522154522563645556625656111616252526526565615651122212456454266135662245425215651633146126252662125524645456165224662516625254135222222522122466662616262264653661614664422546462166212264221225666615465226212242442424644424151241426121242424515444631253351133116161266623313115321363361633346343113466436623312631332233336624316413661163212266346663241115263116661666666636616463261366124341142632312131113613411623643413662636624265456313361336361633136152611316643613611623243233366666163622631644321231466163366363666315361263164366213345613612536133641621661323613636444663324111313663466116631346435321156136336146326131611666331362162232621263463663166634133213662136236632663652666656355451624416652266455611261163155164325555155215465115153316646524625526151561264255652152351255246362211252625525521155426162242534264255121554625326665566626455222226545523261112121365522551523412155665532645566136562652253453562622665542255556656256161552224246615515555414616223421556166544166526221654526552122535554656512415421666563226612126612462235226462112146264116542564622456212156462454254612252144222425411412542421266666262612644446562556625146622242416414626422616222622243245656631336236253631164161326142613253321264616226632236666632666361131313541626631363133663623413143161446631656161111663336331346634361446363261231']
gap = 0
feature_obtain = 'Char'
data_class = 'rand'
km_test = [1.11625719e+97, 3.07207362e+42;1.87397002e+179, 6.1220939e+124]
feature_type = 'Word'
alphabet = 'CUBE'
N = 3
name_features = 'FK'
order = 1
reverse = 'False'
