accuracy = 1e-08
kernel_arg0_scale = 1.0
name = 'Linear'
data_type = 'double'
km_train = [3.19016537, 2.51851874, 2.93847123, 3.20943425, 2.56510128, 3.28724817, 2.42784762, 1.7296788, 2.64478668, 2.86174834, 2.77869033;2.51851874, 3.5210957, 2.37618886, 3.14446244, 2.91979452, 3.53960284, 2.15699129, 2.07544595, 2.67665845, 3.02370514, 2.73784789;2.93847123, 2.37618886, 4.39525354, 3.54162043, 2.68485489, 3.66845492, 2.78524795, 2.10326577, 2.62970573, 3.34089985, 2.92442092;3.20943425, 3.14446244, 3.54162043, 4.40740667, 3.62323708, 4.2602339, 2.72269346, 2.56515584, 3.14205722, 3.49891019, 3.32985619;2.56510128, 2.91979452, 2.68485489, 3.62323708, 3.73761189, 3.45697435, 1.75770765, 2.20884441, 2.81405351, 2.46230591, 2.76161439;3.28724817, 3.53960284, 3.66845492, 4.2602339, 3.45697435, 5.63841676, 2.90566392, 2.40865233, 3.21313425, 3.72065162, 3.16707377;2.42784762, 2.15699129, 2.78524795, 2.72269346, 1.75770765, 2.90566392, 2.54065631, 1.72099665, 2.09023772, 2.9614013, 2.2957752;1.7296788, 2.07544595, 2.10326577, 2.56515584, 2.20884441, 2.40865233, 1.72099665, 2.25211544, 1.71592439, 2.25796882, 2.3344444;2.64478668, 2.67665845, 2.62970573, 3.14205722, 2.81405351, 3.21313425, 2.09023772, 1.71592439, 3.15107156, 2.82680023, 2.4505653;2.86174834, 3.02370514, 3.34089985, 3.49891019, 2.46230591, 3.72065162, 2.9614013, 2.25796882, 2.82680023, 4.02038427, 3.11188863;2.77869033, 2.73784789, 2.92442092, 3.32985619, 2.76161439, 3.16707377, 2.2957752, 2.3344444, 2.4505653, 3.11188863, 3.14729776]
data_train = [0.649807286, 0.1639892, 0.987133009, 0.539696639, 0.557808138, 0.921124783, 0.360147054, 0.061591568, 0.478584349, 0.200313702, 0.268141651;0.260435648, 0.719236939, 0.94608732, 0.352625699, 0.00956585553, 0.992858812, 0.713925675, 0.469202972, 0.187033236, 0.820509276, 0.428645097;0.195168709, 0.936906849, 0.0587132344, 0.387396069, 0.766865038, 0.168198597, 0.218124876, 0.66341017, 0.673242002, 0.402456752, 0.461526833;0.426970978, 0.251190134, 0.25077858, 0.872379703, 0.463783719, 0.795620536, 0.433243149, 0.837802246, 0.1677085, 0.354721475, 0.642537168;0.518938144, 0.553354475, 0.331876467, 0.479591836, 0.389504568, 0.550604295, 0.0841794782, 0.143260764, 0.734582447, 0.552221819, 0.643920993;0.114936434, 0.545018825, 0.69834593, 0.970859772, 0.884431433, 0.788461368, 0.285592483, 0.484051839, 0.368156244, 0.777281893, 0.551282704;0.595323783, 0.11737322, 0.853555889, 0.678602672, 0.196732645, 0.425015142, 0.846939182, 0.307916559, 0.904223626, 0.944948437, 0.376614375;0.787848996, 0.789120168, 0.519268141, 0.9431184, 0.965815237, 0.748753589, 0.365448384, 0.180708281, 0.71663358, 0.228855415, 0.422597893;0.295276697, 0.411569653, 0.0961175136, 0.32008565, 0.660638037, 0.963074714, 0.0685383895, 0.339769592, 0.491674884, 0.24348578, 0.285322304;0.719397126, 0.724965849, 0.0109450612, 0.414559968, 0.0902110526, 0.740629756, 0.67327959, 0.0503255765, 0.330625472, 0.851442734, 0.457934082;0.785716175, 0.318294948, 0.924131565, 0.532730278, 0.522663291, 0.0268868531, 0.518142633, 0.62118506, 0.219714301, 0.616900294, 0.967322847]
feature_class = 'simple'
data_test = [0.17531088, 0.935396475, 0.013313455, 0.676474303, 0.479568895, 0.252440169, 0.244507802, 0.700054058, 0.945088, 0.312053482, 0.207639379, 0.0447296942, 0.326255873, 0.641124008, 0.717200229, 0.701411819, 0.335752438;0.581777565, 0.366137385, 0.687859861, 0.471234257, 0.0444145989, 0.516945859, 0.946376974, 0.311012238, 0.315782705, 0.710627053, 0.16391138, 0.661550193, 0.34892085, 0.365167064, 0.600421689, 0.219462296, 0.382066631;0.04741067, 0.352977371, 0.257485372, 0.752051882, 0.311691801, 0.076730295, 0.872630385, 0.793096044, 0.6336215, 0.955796247, 0.768301141, 0.796606113, 0.998724513, 0.306664013, 0.761698836, 0.0584160102, 0.592036005;0.134561488, 0.419614163, 0.781833833, 0.823057426, 0.517443789, 0.219583576, 0.23352486, 0.350917366, 0.641468916, 0.0346871731, 0.924894741, 0.60329286, 0.118715565, 0.540245933, 0.449273766, 0.681772887, 0.46183746;0.780953533, 0.575366733, 0.219016613, 0.252173656, 0.309208294, 0.0583499238, 0.359158759, 0.427318369, 0.885283267, 0.420005974, 0.391111662, 0.335096735, 0.0204881712, 0.886829871, 0.606959377, 0.200556124, 0.464317461;0.200736203, 0.852107351, 0.312437397, 0.985366241, 0.537830301, 0.681072431, 0.808189891, 0.978195213, 0.339099919, 0.397233094, 0.134444977, 0.63838246, 0.976342115, 0.0638991541, 0.299824273, 0.0192020438, 0.911778114;0.718411058, 0.650629129, 0.0619232157, 0.377676929, 0.659367927, 0.976804697, 0.998095652, 0.398793082, 0.342893286, 0.381099617, 0.620599361, 0.875909997, 0.936762219, 0.692665051, 0.92146512, 0.887857671, 0.982304067;0.528212729, 0.925206379, 0.136926047, 0.358306882, 0.151523562, 0.584888108, 0.488643775, 0.54429678, 0.213255151, 0.893319866, 0.496669379, 0.647092945, 0.0908647345, 0.234321629, 0.521137815, 0.102166918, 0.0693036669;0.71675202, 0.817263198, 0.50043892, 0.580687064, 0.348664339, 0.364326591, 0.196506214, 0.278711636, 0.722382723, 0.75737485, 0.365297197, 0.929381066, 0.106817437, 0.609719774, 0.292591349, 0.610310931, 0.684236679;0.71405868, 0.851959697, 0.174883241, 0.452900847, 0.720235346, 0.0673393502, 0.23675272, 0.703124907, 0.235181921, 0.418691235, 0.234693828, 0.5743297, 0.0582528956, 0.97121059, 0.959084545, 0.87874054, 0.636523913;0.587790616, 0.293021639, 0.0918957532, 0.763202695, 0.295777748, 0.305297719, 0.345612349, 0.416597092, 0.133910793, 0.811942983, 0.740258173, 0.0589915721, 0.520603112, 0.950341641, 0.184391191, 0.273320064, 0.941968126]
km_test = [2.7914869, 3.54845969, 1.21195821, 2.90869117, 2.1926369, 1.95417662, 2.43370711, 2.75638487, 2.45215328, 2.94628883, 2.55997355, 2.62689386, 1.78309059, 3.4921753, 3.19272011, 2.55790067, 3.01562682;2.56785191, 3.48937578, 1.70334336, 3.17512533, 1.95357382, 1.81587281, 3.10148791, 3.17266497, 2.53053632, 3.53875376, 2.41467546, 3.34548485, 2.24700678, 2.8400905, 3.26903784, 1.78036986, 2.96729415;2.66675145, 3.57617686, 1.42487354, 3.41047309, 2.09791524, 2.74819063, 3.37664523, 2.98729805, 2.55954203, 3.07885054, 2.37018222, 2.6589099, 2.76797373, 3.13116313, 3.11038436, 2.28614192, 3.45198758;2.82920432, 4.32494458, 1.89271585, 3.99263735, 2.67519712, 2.75067901, 3.44766597, 3.64208327, 3.0141468, 3.35628642, 3.09059647, 3.64449446, 2.80436853, 3.34733401, 3.57427768, 2.59226656, 3.77273492;2.18047945, 3.7598103, 1.47454558, 3.55374351, 2.06902116, 2.09492259, 2.77773231, 3.26545028, 2.80019917, 3.34508816, 2.65796242, 3.1110133, 2.49773217, 2.59849113, 2.76067382, 1.74811139, 3.10837589;3.37818903, 5.00224615, 2.47029588, 4.13209187, 2.81513031, 2.7645709, 3.49636241, 3.75018916, 3.73472177, 3.61799789, 2.72162754, 4.17865674, 2.31666483, 3.77510727, 4.0918393, 3.24160395, 3.75530374;2.30612244, 2.81945926, 1.30057451, 2.59431088, 1.95211033, 2.04080432, 2.69210966, 2.35954986, 1.79888627, 2.39577192, 2.10513891, 2.59333491, 2.05931891, 2.74582759, 2.91666595, 2.30415802, 2.8432037;1.59826058, 2.18012851, 1.61174898, 2.8395672, 1.56416349, 1.55429644, 2.36532413, 2.1539285, 1.9397012, 2.32979377, 2.37199391, 2.47205525, 2.08884924, 2.12687291, 2.07982787, 1.5073637, 2.65214804;2.64055598, 3.55975757, 1.1935891, 2.80545969, 2.13893666, 2.17046092, 2.98555879, 2.87172951, 2.74591659, 3.06031712, 2.47613474, 3.1793552, 2.38651289, 2.97110911, 3.30808455, 2.21149206, 3.07666361;3.1114248, 3.69045528, 1.72911378, 3.45866062, 2.56864005, 2.53637218, 3.60366221, 3.26032753, 2.51497827, 3.18960423, 2.57939225, 3.49509169, 2.86866239, 3.55231205, 3.6620593, 2.6393712, 3.98170562;2.61212703, 3.22332861, 1.62583216, 3.36991898, 2.14733932, 1.92397604, 2.78202476, 2.91166272, 2.51297392, 3.05541576, 2.77215807, 2.80714495, 2.27763864, 3.32127146, 2.91433534, 2.10538698, 3.42255839]
data_class = 'rand'
name_features = 'Real'
feature_type = 'Real'
