accuracy = 1e-08
init_random = 42
kernel_arg0_scale = 1.0
name = 'Linear'
data_type = 'double'
km_train = [4443795.52, 7032275.78;7032275.78, 12516567.2]
data_train = ['31353116555325223651611462123252121365356345351352524263362111522152152513512521221113212532622533126125622536231522453355315112462111522263235635635411353253122323524155652511113345636664333245323415543515542564261154654352146542335445141135514143153154152443146214353565361553166351165332545313364135656166366612153113661311511561121363261533561111113233353236343665533516161515133126535552321133661612244355355434314621443456543515613154245551655434513656316545514643441325453315413146632531534121625235251655311212515152512122455516224352111656563233642445332153512126313555211322621253232253353121622126231123252361565342356131231513655513513321525321632111215535452223633253151235235323465225621561135153321233164211234555151352122661462311321615253321562311521223555164552125213223655421311252522525132313253315362111651162223351336521153562522246335', '1651655335154631456513636313561566135432112163534364532164163546111141115444333144111165661336252141634166656433464651346546413564511114312161436211326311446151515432123245125321511335425425223323415254434334254333341321235135554243525635211323133341135334315164332226241235335242124543431535433242153453413415133143352335422351341243424555333264554432351215315351523212344534232453323632133255115323131334455323331335341352412214315132442334331242146523445355132411415234112222334235323533114315343425644112412342413233243151333225335313323531141454435426155143252223432455445313544531544353235253233151323356525342111253333564421536643665365414453145612124114661111514134233662113411155153166433423644661231311261133114666653163611564631653153111613354155314664356541413314435116555156444114125354124634635636612513353616111166436416161553664543335354615236413315111641431314166614456653433651561512411466411656653114146413531521133346211135341146125543126252321412334354331154242155352245144132212154334334525553463151233533432521411352445233325315653534143233232453335351423133332512341223414144543533216211463616461343642142111221131511616364513561633445413556443263116645361361116461151364662355665111543313441511613555166536314635111645614336114433351134451555444321166561365661645133613343311235311144143533154261556446341632614333616665531515315131612114466541253546444143135663124611651651124344365466146565611154121413411513135155511515462515154564555653251151211145554444511563114451654216552561112165551566342355316155131513111555555151255545151354345154']
feature_class = 'string_complex'
M = 6
pseudo = 0.1
data_test = ['31353116555325223651611462123252121365356345351352524263362111522152152513512521221113212532622533126125622536231522453355315112462111522263235635635411353253122323524155652511113345636664333245323415543515542564261154654352146542335445141135514143153154152443146214353565361553166351165332545313364135656166366612153113661311511561121363261533561111113233353236343665533516161515133126535552321133661612244355355434314621443456543515613154245551655434513656316545514643441325453315413146632531534121625235251655311212515152512122455516224352111656563233642445332153512126313555211322621253232253353121622126231123252361565342356131231513655513513321525321632111215535452223633253151235235323465225621561135153321233164211234555151352122661462311321615253321562311521223555164552125213223655421311252522525132313253315362111651162223351336521153562522246335', '1651655335154631456513636313561566135432112163534364532164163546111141115444333144111165661336252141634166656433464651346546413564511114312161436211326311446151515432123245125321511335425425223323415254434334254333341321235135554243525635211323133341135334315164332226241235335242124543431535433242153453413415133143352335422351341243424555333264554432351215315351523212344534232453323632133255115323131334455323331335341352412214315132442334331242146523445355132411415234112222334235323533114315343425644112412342413233243151333225335313323531141454435426155143252223432455445313544531544353235253233151323356525342111253333564421536643665365414453145612124114661111514134233662113411155153166433423644661231311261133114666653163611564631653153111613354155314664356541413314435116555156444114125354124634635636612513353616111166436416161553664543335354615236413315111641431314166614456653433651561512411466411656653114146413531521133346211135341146125543126252321412334354331154242155352245144132212154334334525553463151233533432521411352445233325315653534143233232453335351423133332512341223414144543533216211463616461343642142111221131511616364513561633445413556443263116645361361116461151364662355665111543313441511613555166536314635111645614336114433351134451555444321166561365661645133613343311235311144143533154261556446341632614333616665531515315131612114466541253546444143135663124611651651124344365466146565611154121413411513135155511515462515154564555653251151211145554444511563114451654216552561112165551566342355316155131513111555555151255545151354345154']
gap = 0
feature_obtain = 'Char'
data_class = 'rand'
km_test = [3018175.56, 5242643.57;5225097.19, 9764713.98]
feature_type = 'Word'
alphabet = 'CUBE'
N = 3
name_features = 'TOP'
order = 1
reverse = 'False'
