accuracy = 1e-08
init_random = 42
kernel_arg0_scale = 1.0
name = 'Linear'
data_type = 'double'
km_train = [1.69681598e+138, 5.44851814e+118;5.44851814e+118, 2.03418448e+99]
data_train = ['54125545554226263521242435213224346525322445436553263551454526526556564644342225344245564544441263352252216541613362142563263243654214222254164642455325644364515444323414455265323253445544264245625232262645644634524465433254425255551643252265423544262234445336442264363243322432526255664336465255324426342234652332545632132564465335365456542324545562244544452555666544452243242342455344224424646622436554465253453432243542544445366445635264234462365135244543625222565335462545425253364146425233625542626454264425255442344554562222622235422452364535362654356645656325335354265456232365423222535554224242325344423512264634666433635244526524455435656235564235532453515362444342635244455652652435452466265544642353424662542444462634553636432623545452422422454224522335365542422151555441411352553414255235642531214225445513521135154144151232112261215121135241555555154115112365453212561611111311151423152564222454135115524533421112546222515562154164642424245242551222654325524165211451242121424253355421346653516462425133541431525525356121523155235115116222111541445215522254551344125512511241514412525631521142516241254541221124441425556133341111142215125515536425225213553645423266454546443245644455645224353524664245363253545235252423235663455624532226154626463333444146445225432424264426442366543225264433255232653252422564255654655265522244325435233425443562554463252145151422665112366562142611445251421412225224632411315311253112225422241355432445155415112255115412255351354151221424413413214243524511255512154552326352512116551245241165364515144511551115555422553662265453654441466124263424143645422662415454232431652445222533154454236444623354455532112346231126442442136242642552524553252654566524455455215361424454232462523525335556', '3133214611124341112253361226262122153651564152331123412126446221265633256513516242154511321326612332363563311346134513323222212243623221345565533633531155652156435436324431451631322533312134652123661514612352662516165512232663621441116661613566635433133511143325221536651122226633614315226623231451312122622422344322531513652212356533555211335552513641316334153114141612455224161265113242235463113312136236622655512321133432635223222241253133453653423311111545561232636512244331611136336213234131543334665326121364352512424533263546122114211212144312226114331636534222353315212231523645636262353363162316425365612356256526625222125121532131152361365522256255134131136415533523131212353325235351515223135535342245152225243354135153555331335625555525535253345322513552626535253533533256155335325335551316235525352211515311213163426222122331224132123651615513512314253116123113233546416534521655553322633411623125416541623522221624321466236312263641623251621256336535434623323316241616166333223323415112141662431125163552534543633422346222444145452523112166132112421161141131111123216431242122446124631442666222143432442461231152222631422123431221343162422424141114231121312114222424433226223156341215533616332432611534553334631161431243112132224326561461152326152653325162542513263316422231665314332135265611552552414521566116525536426535231321243632325311624116212232256331421331651113513143324316642262132']
feature_class = 'string_complex'
M = 6
pseudo = 0.1
data_test = ['54125545554226263521242435213224346525322445436553263551454526526556564644342225344245564544441263352252216541613362142563263243654214222254164642455325644364515444323414455265323253445544264245625232262645644634524465433254425255551643252265423544262234445336442264363243322432526255664336465255324426342234652332545632132564465335365456542324545562244544452555666544452243242342455344224424646622436554465253453432243542544445366445635264234462365135244543625222565335462545425253364146425233625542626454264425255442344554562222622235422452364535362654356645656325335354265456232365423222535554224242325344423512264634666433635244526524455435656235564235532453515362444342635244455652652435452466265544642353424662542444462634553636432623545452422422454224522335365542422151555441411352553414255235642531214225445513521135154144151232112261215121135241555555154115112365453212561611111311151423152564222454135115524533421112546222515562154164642424245242551222654325524165211451242121424253355421346653516462425133541431525525356121523155235115116222111541445215522254551344125512511241514412525631521142516241254541221124441425556133341111142215125515536425225213553645423266454546443245644455645224353524664245363253545235252423235663455624532226154626463333444146445225432424264426442366543225264433255232653252422564255654655265522244325435233425443562554463252145151422665112366562142611445251421412225224632411315311253112225422241355432445155415112255115412255351354151221424413413214243524511255512154552326352512116551245241165364515144511551115555422553662265453654441466124263424143645422662415454232431652445222533154454236444623354455532112346231126442442136242642552524553252654566524455455215361424454232462523525335556', '3133214611124341112253361226262122153651564152331123412126446221265633256513516242154511321326612332363563311346134513323222212243623221345565533633531155652156435436324431451631322533312134652123661514612352662516165512232663621441116661613566635433133511143325221536651122226633614315226623231451312122622422344322531513652212356533555211335552513641316334153114141612455224161265113242235463113312136236622655512321133432635223222241253133453653423311111545561232636512244331611136336213234131543334665326121364352512424533263546122114211212144312226114331636534222353315212231523645636262353363162316425365612356256526625222125121532131152361365522256255134131136415533523131212353325235351515223135535342245152225243354135153555331335625555525535253345322513552626535253533533256155335325335551316235525352211515311213163426222122331224132123651615513512314253116123113233546416534521655553322633411623125416541623522221624321466236312263641623251621256336535434623323316241616166333223323415112141662431125163552534543633422346222444145452523112166132112421161141131111123216431242122446124631442666222143432442461231152222631422123431221343162422424141114231121312114222424433226223156341215533616332432611534553334631161431243112132224326561461152326152653325162542513263316422231665314332135265611552552414521566116525536426535231321243632325311624116212232256331421331651113513143324316642262132']
gap = 0
feature_obtain = 'Char'
data_class = 'rand'
km_test = [1.03700759e+101, 1.21393038e+43;3.28375172e+81, 4.47371642e+23]
feature_type = 'Word'
alphabet = 'CUBE'
N = 3
name_features = 'FK'
order = 1
reverse = 'False'
