accuracy = 1e-08;
init_random = 42;
name = 'LinearByte';
data_type = 'ubyte';
km_train = [265051, 221515, 195400, 190907, 238955, 181998, 153679, 148325, 106652, 214675, 194406;221515, 228801, 156713, 181486, 233754, 183720, 151104, 138369, 139359, 209724, 182755;195400, 156713, 214704, 162978, 170610, 151416, 111944, 145660, 104872, 185375, 167432;190907, 181486, 162978, 240049, 183245, 161830, 108200, 92839, 162348, 193934, 147407;238955, 233754, 170610, 183245, 263616, 187936, 174152, 142137, 124226, 216822, 181905;181998, 183720, 151416, 161830, 187936, 232603, 162440, 141287, 121474, 196349, 157363;153679, 151104, 111944, 108200, 174152, 162440, 187147, 128330, 70723, 172608, 109577;148325, 138369, 145660, 92839, 142137, 141287, 128330, 176780, 80125, 168923, 126562;106652, 139359, 104872, 162348, 124226, 121474, 70723, 80125, 149424, 145053, 108799;214675, 209724, 185375, 193934, 216822, 196349, 172608, 168923, 145053, 266023, 170263;194406, 182755, 167432, 147407, 181905, 157363, 109577, 126562, 108799, 170263, 194626];
data_train = [113, 203, 28, 130, 217, 184, 252, 29, 136, 153, 129;61, 2, 173, 67, 24, 178, 140, 230, 43, 162, 54;214, 136, 129, 188, 245, 40, 171, 63, 30, 235, 46;129, 95, 209, 76, 109, 68, 57, 105, 43, 73, 255;55, 170, 126, 216, 161, 228, 29, 70, 254, 197, 117;54, 66, 140, 2, 25, 56, 125, 151, 52, 197, 42;187, 185, 48, 41, 203, 240, 227, 193, 10, 102, 97;217, 145, 84, 99, 103, 179, 45, 43, 21, 180, 186;221, 113, 234, 254, 124, 123, 29, 7, 97, 56, 110;72, 114, 19, 231, 24, 18, 4, 74, 206, 127, 71;210, 214, 154, 39, 223, 25, 26, 189, 82, 127, 177];
feature_class = 'simple';
seqlen = 60;
data_test = [169, 156, 166, 187, 168, 32, 210, 228, 210, 96, 110, 15, 22, 134, 25, 95, 11;71, 132, 105, 219, 116, 196, 176, 25, 132, 21, 206, 12, 155, 160, 106, 22, 96;234, 17, 241, 116, 29, 25, 143, 204, 38, 160, 153, 175, 192, 240, 165, 129, 112;133, 45, 49, 165, 105, 215, 145, 154, 168, 71, 219, 73, 16, 246, 189, 156, 185;69, 205, 149, 245, 5, 25, 166, 139, 98, 141, 21, 50, 150, 175, 198, 103, 177;88, 140, 212, 232, 137, 244, 182, 250, 8, 78, 51, 129, 152, 12, 225, 50, 185;33, 34, 229, 130, 254, 233, 119, 186, 69, 246, 175, 191, 240, 146, 66, 209, 102;72, 115, 203, 132, 66, 138, 120, 93, 195, 196, 128, 90, 91, 62, 28, 209, 11;76, 40, 129, 36, 172, 207, 175, 23, 98, 149, 99, 138, 246, 57, 173, 28, 162;239, 245, 142, 59, 94, 41, 232, 42, 207, 73, 176, 191, 159, 63, 242, 1, 151;214, 65, 165, 30, 114, 231, 25, 28, 194, 249, 77, 255, 24, 47, 64, 180, 66];
km_test = [199947, 125401, 262958, 178060, 184024, 233934, 211653, 180906, 199928, 246504, 201120, 212057, 207032, 186028, 179537, 196668, 156652;194621, 151934, 248536, 187216, 169255, 191681, 207425, 190112, 198438, 229528, 169955, 191141, 176595, 173755, 171295, 183271, 147641;158925, 119549, 198935, 187415, 147594, 227841, 196476, 148957, 158631, 173357, 171532, 156607, 179168, 171525, 196728, 137568, 174992;187247, 162369, 211744, 169056, 131194, 138493, 228992, 145364, 179649, 173885, 166800, 158119, 202259, 172768, 206772, 115903, 165454;200510, 126677, 255812, 190041, 169386, 191011, 201270, 202912, 186812, 238807, 177206, 192254, 182993, 202092, 164312, 195175, 145687;122606, 150220, 221895, 219170, 167144, 188356, 209954, 176298, 169967, 189136, 167746, 124221, 190727, 175494, 148751, 158981, 137631;132579, 103432, 201074, 180640, 155746, 154533, 176908, 187869, 124468, 148127, 153252, 115924, 151307, 156864, 117886, 129552, 104834;136185, 118372, 187256, 173662, 147007, 207797, 161151, 137322, 138924, 156209, 159924, 148892, 151773, 140486, 148337, 130696, 134146;136874, 151122, 147146, 141896, 90937, 94508, 168808, 110123, 140749, 118167, 102422, 107795, 125004, 113079, 156156, 77367, 125000;211100, 186275, 279848, 247702, 160786, 205953, 249565, 220639, 194143, 213626, 194893, 186008, 212135, 200833, 217222, 173436, 177389;161883, 127362, 190450, 172390, 145070, 198697, 181223, 151987, 193386, 184720, 170594, 149659, 130857, 165431, 156500, 167466, 139572];
alphabet = 'RAWBYTE';
data_class = 'rand';
feature_type = 'Byte';
