accuracy = 1e-08
init_random = 42
name = 'LinearString'
data_type = ''
km_train = [1.00010001, 1.00956332, 0.989655628, 0.965151383, 0.998083184, 0.997767955, 0.997018482, 0.970574612, 1.00325873, 0.967882297, 0.995500235;1.00956332, 1.03931066, 1.01041572, 0.986873248, 1.01605125, 1.01934186, 1.01866315, 0.992515207, 1.02639913, 0.986950447, 1.01268988;0.989655628, 1.01041572, 1.00095885, 0.965196416, 0.999858761, 1.00198495, 0.996333341, 0.97222474, 1.00580952, 0.969529209, 0.992573107;0.965151383, 0.986873248, 0.965196416, 0.948170823, 0.973260493, 0.974855939, 0.973070713, 0.946237631, 0.979327047, 0.945147196, 0.969638574;0.998083184, 1.01605125, 0.999858761, 0.973260493, 1.01754698, 1.00870448, 1.0042784, 0.979346347, 1.01269631, 0.976370969, 1.0008913;0.997767955, 1.01934186, 1.00198495, 0.974855939, 1.00870448, 1.01932256, 1.00639816, 0.983930037, 1.01548512, 0.978625823, 1.00250604;0.997018482, 1.01866315, 0.996333341, 0.973070713, 1.0042784, 1.00639816, 1.01492221, 0.978268778, 1.01113946, 0.976367753, 1.00199138;0.970574612, 0.992515207, 0.97222474, 0.946237631, 0.979346347, 0.983930037, 0.978268778, 0.962748565, 0.988185631, 0.952278452, 0.973990667;1.00325873, 1.02639913, 1.00580952, 0.979327047, 1.01269631, 1.01548512, 1.01113946, 0.988185631, 1.03058717, 0.984666644, 1.01026132;0.967882297, 0.986950447, 0.969529209, 0.945147196, 0.976370969, 0.978625823, 0.976367753, 0.952278452, 0.984666644, 0.957737064, 0.974270513;0.995500235, 1.01268988, 0.992573107, 0.969638574, 1.0008913, 1.00250604, 1.00199138, 0.973990667, 1.01026132, 0.974270513, 1.00859511]
data_train = {'CAATTGTACTCGGTAGTAACGACTTTCTAAATCATGGCCAATACCCTACCGTAGGAAACT', 'GGACTTCTGGTAATCGTGATTCCGTGCATTTTTAACGCCCGGCGGCTGTGACATGGCTCG', 'AGCTCACTGAGAGAGGATGTCATCTTAAGGAGTTGAATGGGTGTAGGTGGCCAGGCAAGG', 'CTACCTAGAAGAATAACCAGGCGAGATTTCGGGAACGCCCCGGGACTCGAGCCGATACCG', 'CGGTCGGCACCATTTAAAAGTCTAATACGCACCGTGTGGGTCGAGCCTCGCTCTTTTGGC', 'GCCTTAGGGAATGCCACCATGCCATCTGCCTAGTATGGCTTGCGATGTTGCGATGTCCAG', 'TCCATTGGGACTATATGTCGTAATCGGGTCACCCGCGTGAGGACCTCCTGACACAGTTCT', 'AACATGGTTCCCTACTGAGTCCCTTAAAACTAAGCGACCCTAAAAAAACAGGCTCTAGCA', 'CATCCCCGGGGCATATGATTTAAGTGCCTGTTGTGTCCAATTTCAGACGTACTTGGGACA', 'TATCGATTTACACAACAGGCAGGCAGATTAGCCAATCAGGTGGACGGAAAAACGCACCTG', 'TGGACCTCATCGCTAGTGTAGCATAAAGGGAGCGATGATGCTAACGTTGTACTCATAGGG'}
feature_class = 'string'
seqlen = 60
data_test = {'GCCAGTAACTAAGCATGGGCCGCTAGCCGCGTCATGCGCACGTAAGTGGCGGCATCGTCG', 'CTGTTACTCTACTCGATCAGTACAGATCACGCAGCATTTTGATTAATAAGTGCTCAAATT'}
km_test = [0.980166586, 1.00491851;0.998002769, 1.02356207;0.977239458, 1.00571945;0.953767749, 0.980295251;0.985792462, 1.01322705;0.984274215, 1.01502836;0.98695688, 1.00933815;0.959622006, 0.985786029;0.992672822, 1.01638578;0.956456847, 0.982736669;0.983071198, 1.00705113]
alphabet = 'DNA'
data_class = 'dna'
feature_type = 'Char'
