kernel_alphabet = 'DNA';
init_random = 42;
kernel_feature_type = 'Char';
kernel_accuracy = 1e-08;
kernel_data_train = {'TTGCCCCAGCGCCATGAGTTGAGTGTCATGACTAACTTGGCATACGAGGGACGTATGTAC', 'ACTAGAGAACTAAATGGGAGACGGAATGAATTTCCAGAAAGCGTGCTCATAGCGGAGTCC', 'CTGTAAAAGTCTATATATACCCGTGGAGCTCGACCCCATATAAGGCGCGGCTGCTTGATA', 'ACGTGTAAGTGAAACATGGAAGTGTTAAGCCCCTACGGGTTGACGTTGGAAAACCGGGCC', 'TATCGAACGCGCCTTGAATATCTCCGTTGTGTTCGGGTCACACTGTATGAGTAGTAGCCG', 'ATACGCCTTTGTTCCACTGGAACTCTAGGTAAATAAGGTTGTGCTGCGCAGTGATACCAC', 'GTTTCGTCTCCGGGCGTTAAGCACTTCCGAGACCGGCACGAAGTCCTTCTGTCTTCTCAC', 'TGGGACGTACAACGAATTCGCTGTAGGCCGGAGAAGCCCGCTCGCGGCCCAAGTCCAATG', 'ACTACGGCTAGAGTCGTAGTGAACAGAACCGGAAACAGATCCTGGTCTCTCCGAACGTGT', 'GAAGCACGCTGGTCGTGTCGATTTGAATCCGCGCGTACCTCCGCTTGGAGGCATCGACTC', 'GACTGTTTTATAAACGCACCTCACCGCCCCTATGATTGCGCATTATGACCTTAGTTAGTC'};
kernel_matrix_train = [1.00697759, 0.977892329, 0.99179904, 0.984453856, 1.00915192, 1.00072118, 1.00311711, 0.975001788, 0.98311136, 0.994451914, 1.00548414;0.977892329, 0.968064491, 0.972300739, 0.965350595, 0.991426482, 0.978647081, 0.98596336, 0.955606262, 0.964958766, 0.975547779, 0.987209504;0.99179904, 0.972300739, 0.999963211, 0.981897333, 1.00387508, 1.00127359, 1.001826, 0.971449635, 0.976379613, 0.993029126, 1.00126717;0.984453856, 0.965350595, 0.981897333, 0.983246252, 0.994596441, 0.991015383, 0.993722856, 0.963764009, 0.97153314, 0.985179703, 0.993761396;1.00915192, 0.991426482, 1.00387508, 0.994596441, 1.0316339, 1.01082201, 1.01511286, 0.984858531, 0.994166072, 1.00589845, 1.01826354;1.00072118, 0.978647081, 1.00127359, 0.991015383, 1.01082201, 1.01730003, 1.0090106, 0.979777604, 0.985793139, 1.00099738, 1.00895279;1.00311711, 0.98596336, 1.001826, 0.993722856, 1.01511286, 1.0090106, 1.02238738, 0.982575004, 0.991365459, 1.00142775, 1.01454759;0.975001788, 0.955606262, 0.971449635, 0.963764009, 0.984858531, 0.979777604, 0.982575004, 0.961056536, 0.960552298, 0.976745748, 0.983548153;0.98311136, 0.964958766, 0.976379613, 0.97153314, 0.994166072, 0.985793139, 0.991365459, 0.960552298, 0.977927658, 0.980702577, 0.991590279;0.994451914, 0.975547779, 0.993029126, 0.985179703, 1.00589845, 1.00099738, 1.00142775, 0.976745748, 0.980702577, 1.00389756, 1.00388471;1.00548414, 0.987209504, 1.00126717, 0.993761396, 1.01826354, 1.00895279, 1.01454759, 0.983548153, 0.991590279, 1.00388471, 1.02754539];
kernel_name = 'LinearString';
kernel_normalizer = 'AvgDiagKernelNormalizer';
kernel_seqlen = 60;
kernel_feature_class = 'string';
kernel_matrix_test = [0.979273365, 0.987434324, 0.998806995, 0.979960671, 0.994336292, 0.998122901, 0.99748377, 0.989165437, 1.00980711, 0.978743432, 0.985780293, 0.977089401, 1.00712212, 0.986294167, 0.994217459, 0.98429327, 0.994535419;0.956499118, 0.967955293, 0.981341707, 0.959839298, 0.974410833, 0.97834518, 0.975859315, 0.97023882, 0.990006905, 0.961329532, 0.963992041, 0.959771852, 0.989210401, 0.968745374, 0.97235855, 0.968170478, 0.97489259;0.973286734, 0.98093382, 0.995184184, 0.975075658, 0.99022209, 0.992065612, 0.990787351, 0.987264103, 1.00645729, 0.977956563, 0.981287108, 0.974581054, 1.0044307, 0.982864058, 0.990347347, 0.980975572, 0.988773608;0.966609586, 0.974092874, 0.983939982, 0.968629752, 0.984229036, 0.985388464, 0.986242779, 0.978319486, 0.998399108, 0.967226234, 0.972124095, 0.96954509, 0.996998801, 0.974414045, 0.984681887, 0.974561784, 0.983275158;0.987405419, 1.0004803, 1.01245998, 0.990665306, 1.00214718, 1.0098874, 1.00588561, 1.0014952, 1.02013918, 0.989817414, 0.995566378, 0.988895653, 1.01979553, 0.99797195, 1.00505377, 0.997525522, 1.00475187;0.980638342, 0.988690103, 1.00361814, 0.983927135, 0.998187135, 0.999542477, 1.00246513, 0.994201401, 1.01686645, 0.98342932, 0.986692419, 0.983050338, 1.01297386, 0.989502666, 0.99793341, 0.989114049, 0.997885234;0.984987, 0.993237887, 1.00627422, 0.98735082, 1.00063767, 1.00251652, 1.00521436, 1.00112906, 1.0173739, 0.988044549, 0.987835788, 0.986210662, 1.01521563, 0.993526941, 1.0000692, 0.994512937, 1.00179389;0.954967131, 0.963831455, 0.976238297, 0.956572987, 0.969365234, 0.976071288, 0.972204387, 0.968706834, 0.988587329, 0.958027892, 0.963404298, 0.957038685, 0.987061766, 0.96646827, 0.971134888, 0.965145045, 0.970675613;0.962007203, 0.974953613, 0.984261153, 0.965800234, 0.977619333, 0.980988419, 0.983850054, 0.976665455, 0.995669153, 0.965443734, 0.968417779, 0.965039059, 0.996131639, 0.972329644, 0.977009108, 0.970945397, 0.979597748;0.977516559, 0.984335022, 0.996166968, 0.975714788, 0.991943567, 0.996272955, 0.99414359, 0.990591437, 1.01079953, 0.979022851, 0.984203342, 0.977468383, 1.00491567, 0.987203081, 0.991008959, 0.984209766, 0.99095436;0.986975049, 0.994166072, 1.00893995, 0.98941595, 1.00195447, 1.00474866, 1.00502166, 0.9995489, 1.02031583, 0.989046603, 0.992161964, 0.987187022, 1.0178942, 0.99628259, 1.00172323, 0.995447545, 1.0036888];
kernel_data_test = {'CTATCAAAAGATGCCGCATCAGGCTGGCTCGCGAATCCGGAATGCTGAACTAATAGAGCA', 'GGGGGGGGGGAACTTGCATTATCCGGTACCCGCCCGGGACAACAGTATAGGTACACTTGG', 'TCATCAAGGCGTTGTTCCCACCAACGTGCCAATCTGAGCCGTTTAAACCGGTTATCCTAT', 'GTTGAACATCTGACCCGAGCTTAAGTCCACCCGCACTCTGCAGGGTGATGCGGACCCAAA', 'CTACCTAAATGACAATCGCGCCGAGTATACGGATTATGTATATGCATGCCTCATCCATAG', 'TATCGCGCATATACTATCCGCCGCATTCGGGCTAGTGTCCTCGATGCCGAGGATCCCGTA', 'CATCGCTGTAGTGATCACGTCCGCTTCATAAAATGTACTTGATCGGGGGACGCCACTCGG', 'ATCTAACCTAGATTCAGAAGTTGGTGCTAAGACCGTACAGGCAGGACCTTGTGTACGGAC', 'CCCGTGTTCCATAGCTCTCCGTGTTTCCATTGCATATCCTACTGTTAACCCTAGAACTAG', 'GAGTGAGGAAAACCCTGTGACTAACCCACGCGGGAGACGACAACTCCGGTTTTAGTGTAC', 'TCGAGTCAATGAATTACTGTCGGTCACTCCGAACGGTTCGAAACACGCGCAAAAGTCCTA', 'AGGGGACATTCACACGTCAAAATATGGCGCCCTCCCAAAGCTGAGGGGGAGCGATCGTTG', 'ATGGTAAGTCGCGTAGTCCATCCCCGTCGGCATGGATGTTTTATATCGATACTGACAGTG', 'ACTAGCTTCGGCCGATAACACCGTTATCCCCTCGATTCGGGGGAGCCTACAACTCGAGTC', 'TTGCGTACCCTCCGAAGCCAGTTAGTCTTACAATTAGGCGTAAACCCGTCCTTACTACCA', 'ACTTTAATGCACCATATTCGGACGGGCCCCGTGGGGGATACAATCTCCCGTCCTACCACA', 'TGTGGGTACGTTGAATCATAGGACAGCATCCAATCCTGCTGAGTCGTGAAGCTCCGGCAG'};
