accuracy = 1e-08
kernel_arg0_scale = 1.0
name = 'Linear'
data_type = 'double'
km_train = [15035439.5, 13495581.2;13495581.2, 12664029]
data_train = ['66611556411165555316145131134463632261413612412311144264411644111424151144636653164621441421314614161616361124613114616611451651311164663441413535311334651263361641613441125251114446136161415664421256143141662116444214611614223664616661636342633413112126114121111112141114136516663445164112311461144615514415544246536614511461354444126123615623111313364421334531361615251244543531555315152445251313266361325225165364561146631151636455621144253354216142335263164153263313356615613223214253322163351241122464464254266161463223464643546242163612313346633636366233145351662642633113434665523212311615236663131462232316663116523636661661245364155256341336313364542455341655361521325266334122424111335244113223623323534521436613113543362231115536311526464524266114442645366422544461331333525524564135216661356241615623333533665331153452233423625351225646162433452426233651314451463342266311616246416242141111663646233623215663564335662432512221111341633131335134264516561231311623564666256343643532314144235142325141624432654163564525165135151565151644331436164646632244321444626462444364644563564644626234364551244513326236662612366466664445462224543223244424351432122464656664416164366446346556162343411', '23332252241333552124255255352334544435225455362524556456323252622636662425564665445455656164265345524455321216626246535232562123624453241333436224536551362253245254656443242333566536325253256262533551365615556516252616366235166116561562116532111122552562165116656622662626563161562642566413261634454214612422321123666344152644424551435346316351344354455566121163524643416245564544346616261646464466615414114264164344664246354164134161544314625462166326454314324543122444142464642532653145456445166625645226136343655214416443562143116144314444661656626646645314361362363555555133322542345534324566245345532564155352544334325322514526434562226342326334226524226355556466224332555232532453264261536552526254342665154422526356464255326422452256323265614263551363634252635344541265331623532263222433556212636246354225454556262442563324262242535162635512355255234555423525562652556454664124523463321524662364635336355462362355342245333345562636252255445556532242166212646416613643261542544364645411632615466546432414451251165352414331124664644112454554346251646342364125464461245343356436444414623166']
feature_class = 'simple'
data_test = ['66611556411165555316145131134463632261413612412311144264411644111424151144636653164621441421314614161616361124613114616611451651311164663441413535311334651263361641613441125251114446136161415664421256143141662116444214611614223664616661636342633413112126114121111112141114136516663445164112311461144615514415544246536614511461354444126123615623111313364421334531361615251244543531555315152445251313266361325225165364561146631151636455621144253354216142335263164153263313356615613223214253322163351241122464464254266161463223464643546242163612313346633636366233145351662642633113434665523212311615236663131462232316663116523636661661245364155256341336313364542455341655361521325266334122424111335244113223623323534521436613113543362231115536311526464524266114442645366422544461331333525524564135216661356241615623333533665331153452233423625351225646162433452426233651314451463342266311616246416242141111663646233623215663564335662432512221111341633131335134264516561231311623564666256343643532314144235142325141624432654163564525165135151565151644331436164646632244321444626462444364644563564644626234364551244513326236662612366466664445462224543223244424351432122464656664416164366446346556162343411', '23332252241333552124255255352334544435225455362524556456323252622636662425564665445455656164265345524455321216626246535232562123624453241333436224536551362253245254656443242333566536325253256262533551365615556516252616366235166116561562116532111122552562165116656622662626563161562642566413261634454214612422321123666344152644424551435346316351344354455566121163524643416245564544346616261646464466615414114264164344664246354164134161544314625462166326454314324543122444142464642532653145456445166625645226136343655214416443562143116144314444661656626646645314361362363555555133322542345534324566245345532564155352544334325322514526434562226342326334226524226355556466224332555232532453264261536552526254342665154422526356464255326422452256323265614263551363634252635344541265331623532263222433556212636246354225454556262442563324262242535162635512355255234555423525562652556454664124523463321524662364635336355462362355342245333345562636252255445556532242166212646416613643261542544364645411632615466546432414451251165352414331124664644112454554346251646342364125464461245343356436444414623166']
km_test = [10869962.1, 9479422.05;9639010.59, 9064942.37]
data_class = 'rand'
name_features = 'TOP'
feature_type = 'Real'
