accuracy = 1e-08;
init_random = 42;
name = 'LinearWord';
data_type = 'ushort';
km_train = [6721, 2581, 5018, 4920, 3622, 4595, 4437, 4277, 3839, 4266, 5016;2581, 4453, 2617, 4308, 3904, 2811, 3039, 3649, 3729, 2174, 2382;5018, 2617, 4569, 3955, 2615, 3137, 3793, 3397, 3076, 2943, 3378;4920, 4308, 3955, 7193, 4824, 4695, 4816, 5121, 4450, 5211, 3838;3622, 3904, 2615, 4824, 5282, 3888, 3718, 4715, 4029, 3081, 2919;4595, 2811, 3137, 4695, 3888, 5382, 4414, 4843, 3658, 3648, 3847;4437, 3039, 3793, 4816, 3718, 4414, 5079, 4854, 3079, 3288, 2836;4277, 3649, 3397, 5121, 4715, 4843, 4854, 5850, 3842, 3539, 3486;3839, 3729, 3076, 4450, 4029, 3658, 3079, 3842, 4747, 2869, 3447;4266, 2174, 2943, 5211, 3081, 3648, 3288, 3539, 2869, 4918, 3421;5016, 2382, 3378, 3838, 2919, 3847, 2836, 3486, 3447, 3421, 5574];
data_train = [36, 2, 31, 34, 18, 13, 21, 16, 3, 39, 18;36, 1, 14, 1, 10, 22, 9, 2, 4, 2, 37;12, 41, 18, 39, 34, 23, 23, 16, 39, 9, 1;22, 5, 1, 20, 34, 28, 6, 28, 36, 22, 32;7, 11, 9, 14, 23, 25, 41, 38, 2, 1, 5;20, 8, 9, 35, 2, 40, 23, 21, 13, 41, 26;32, 21, 28, 18, 18, 5, 18, 12, 25, 21, 20;35, 1, 29, 26, 6, 19, 30, 22, 12, 16, 3;13, 19, 12, 2, 25, 25, 17, 31, 13, 2, 0;25, 23, 34, 13, 2, 12, 13, 20, 25, 2, 39;3, 35, 0, 39, 32, 6, 10, 26, 13, 21, 15];
feature_class = 'simple';
data_test = [11, 9, 23, 17, 21, 8, 16, 37, 39, 12, 36, 5, 20, 35, 6, 35, 24;10, 13, 28, 9, 4, 7, 4, 23, 39, 25, 5, 15, 35, 11, 10, 2, 36;5, 18, 17, 15, 22, 36, 8, 2, 7, 37, 3, 11, 30, 24, 15, 41, 13;12, 40, 6, 11, 36, 3, 1, 34, 2, 3, 37, 11, 18, 9, 0, 16, 15;8, 8, 8, 11, 40, 14, 1, 10, 10, 7, 31, 5, 19, 38, 34, 7, 33;18, 6, 30, 17, 39, 13, 38, 35, 16, 36, 8, 19, 27, 19, 40, 35, 26;7, 31, 0, 16, 8, 19, 31, 1, 31, 8, 29, 19, 37, 0, 4, 34, 35;0, 13, 8, 29, 23, 3, 13, 24, 3, 24, 9, 34, 6, 41, 12, 3, 35;13, 17, 7, 31, 26, 41, 36, 22, 6, 11, 24, 2, 25, 3, 41, 35, 14;31, 28, 9, 20, 15, 18, 28, 17, 15, 0, 1, 14, 38, 27, 0, 4, 41;21, 35, 12, 0, 15, 40, 21, 31, 15, 14, 41, 11, 0, 16, 40, 27, 6];
km_test = [2727, 4537, 3460, 4205, 4835, 3212, 4283, 5378, 4921, 3892, 4406, 3716, 6078, 4985, 2995, 4754, 6967;2371, 3961, 1897, 2384, 3435, 4767, 3411, 2678, 2290, 2837, 3322, 1916, 3952, 2959, 3606, 4609, 3452;2223, 3352, 2381, 3527, 3563, 2963, 3677, 3510, 3654, 2830, 3023, 2808, 4884, 4336, 2214, 3840, 5585;2935, 4802, 3562, 3505, 5795, 4690, 4375, 5520, 3806, 4630, 5216, 3410, 4822, 5561, 4701, 6299, 5366;2281, 4697, 2345, 2844, 4830, 4589, 2997, 4158, 2896, 3070, 5277, 2117, 4236, 3661, 4029, 5196, 4019;2592, 3750, 3381, 3673, 5832, 3673, 3817, 5036, 3104, 4111, 3952, 2866, 5159, 4485, 4606, 4777, 5406;2210, 3377, 2776, 3636, 5357, 3713, 3611, 4092, 3216, 3652, 4170, 2889, 4698, 5227, 4404, 4503, 5679;2947, 4663, 2683, 3804, 6141, 4572, 4136, 5105, 2900, 3269, 5392, 2787, 4774, 5012, 5111, 5010, 5484;2342, 4622, 2034, 2962, 4204, 3775, 3280, 3407, 2305, 2982, 3446, 2559, 4679, 3146, 2528, 4549, 4247;2180, 3357, 2888, 2668, 4389, 2668, 3713, 4834, 3428, 3268, 4278, 2556, 3641, 3670, 3261, 4939, 4085;3129, 4413, 3034, 2690, 3953, 2634, 3535, 4787, 4121, 2687, 3644, 2720, 5298, 3449, 2419, 3452, 5592];
data_class = 'rand';
feature_type = 'Word';
