accuracy = 1e-08
init_random = 42
name = 'LinearString'
data_type = ''
km_train = [1.01604127, 1.01655493, 0.993571585, 0.979824595, 1.00770704, 0.98607527, 0.99570651, 0.969743897, 0.99143666, 1.01737038, 0.996184861;1.01655493, 1.04068761, 1.005845, 0.993256964, 1.02011528, 0.997847856, 1.01210851, 0.982688283, 1.00284326, 1.02666774, 1.0098837;0.993571585, 1.005845, 0.997863908, 0.973949538, 0.99757176, 0.978675267, 0.988682125, 0.961249143, 0.980293315, 1.00634261, 0.989914924;0.979824595, 0.993256964, 0.973949538, 0.970055307, 0.984736527, 0.966132181, 0.973657391, 0.949999854, 0.969743897, 0.992374101, 0.975484116;1.00770704, 1.02011528, 0.99757176, 0.984736527, 1.0233578, 0.987937309, 0.997581391, 0.975121339, 0.993703212, 1.01901732, 1.00080786;0.98607527, 0.997847856, 0.978675267, 0.966132181, 0.987937309, 0.97707327, 0.977272316, 0.953447838, 0.973394137, 0.996611846, 0.983237264;0.99570651, 1.01210851, 0.988682125, 0.973657391, 0.997581391, 0.977272316, 0.999559006, 0.96402615, 0.983054271, 1.00601836, 0.989513622;0.969743897, 0.982688283, 0.961249143, 0.949999854, 0.975121339, 0.953447838, 0.96402615, 0.94795161, 0.958623025, 0.979936959, 0.965384155;0.99143666, 1.00284326, 0.980293315, 0.969743897, 0.993703212, 0.973394137, 0.983054271, 0.958623025, 0.98669809, 1.00163935, 0.981917784;1.01737038, 1.02666774, 1.00634261, 0.992374101, 1.01901732, 0.996611846, 1.00601836, 0.979936959, 1.00163935, 1.03876136, 1.00912283;0.996184861, 1.0098837, 0.989914924, 0.975484116, 1.00080786, 0.983237264, 0.989513622, 0.965384155, 0.981917784, 1.00912283, 1.00195076]
data_train = ['AAACGCTTCGGTTACCTTGCTGCTATCTCGCCGCTATGAGGTGGTGAAGATTAAATAACA', 'TTTCATGGTATATTGGCGACGGCTAACAACCCATCCTATTTTTGGACGCTATAGTTCGGA', 'TTAGTATGGCGACAGAAATCCATGTTACCGTCCAAGATTGGGTGCTTGCACAGCAATCAA', 'ATAAAATACCTATCTCGACCCTAAAAAGTCAGTCATATCCTAACACGGGTAAGGCATAGG', 'AATAATCGCGCACATTTGCTGTTGAGCAGTTTCCTTGGTAGTCCAACCACGTTATGGACA', 'GTAGACGCGCGCAGGCTGTACCACCTGTCAAGTCCGACCTGGGCGCATAGCACATCTGTG', 'TAGCTGAATACGTGCACTACGAGCACCGCGAGGCAATATTTATCCTGCTTAATTGGCCAG', 'TCGACTCGCCACCTTAGAATCACACCTAGACGTAGACGACTAGAAACAGATCGAACAGAT', 'CCGGGATAAGAGCTTCCGAAGCGAACGTGACTCTATTAGTGACATACACGGTGGAGTAAT', 'CCGCTCATCCGCTGTGTATACGTTACCCCTACGTTATTCCCAATTGGGGCCTCTCATTTA', 'GTGTTTCCAATCAAAGTCTGATGGGCTAGCAGGAGAGAATACGCCGTGTAGCAATGGGTG']
feature_class = 'string'
seqlen = 60
data_test = ['TGTAGGACTACGACAGCTCCTGTGAAAAGAAACATCCCTTGCCCGACCTTAAAGAACTTA', 'ACTACGAGCCGAGTGTGACATGAGCAGTAAGCTCCCAAATTGGCATTCAGAACCAGTGGA']
km_test = [0.983057481, 0.98064004;0.998332628, 0.994082041;0.974781035, 0.972437433;0.960513958, 0.960578166;0.987231018, 0.983840822;0.966096867, 0.965435522;0.980309367, 0.97451136;0.950969399, 0.949909962;0.968867454, 0.968703723;0.995032323, 0.991080304;0.978630321, 0.975468064]
alphabet = 'DNA'
data_class = 'dna'
feature_type = 'Char'
