name = 'LinearString'
feature_type = 'Char'
data_type = ''
km_train = [1.00269744, 0.988538031, 0.984377775, 0.979667455, 1.00251409, 1.0046037, 0.968868494, 1.00191028, 1.00044344, 0.966601851, 1.00308628;0.988538031, 1.00004196, 0.984564291, 0.977811779, 1.00069002, 1.00474912, 0.966873721, 1.00031699, 1.0010188, 0.96387682, 1.00406312;0.984377775, 0.984564291, 0.985256613, 0.970098236, 0.990839449, 0.997882799, 0.961341467, 0.995944929, 0.994642478, 0.956921986, 0.995963897;0.979667455, 0.977811779, 0.970098236, 0.976907651, 0.986872032, 0.992502286, 0.955660632, 0.988743514, 0.989998546, 0.95501889, 0.993121899;1.00251409, 1.00069002, 0.990839449, 0.986872032, 1.01983795, 1.0111444, 0.978779133, 1.00916228, 1.01081247, 0.973610427, 1.01572511;1.0046037, 1.00474912, 0.997882799, 0.992502286, 1.0111444, 1.03075704, 0.980656939, 1.01932582, 1.01388208, 0.978832875, 1.02069782;0.968868494, 0.966873721, 0.961341467, 0.955660632, 0.978779133, 0.980656939, 0.955594245, 0.979575778, 0.977969844, 0.944242058, 0.982468357;1.00191028, 1.00031699, 0.995944929, 0.988743514, 1.00916228, 1.01932582, 0.979575778, 1.02552194, 1.01046473, 0.975557781, 1.0157093;1.00044344, 1.0010188, 0.994642478, 0.989998546, 1.01081247, 1.01388208, 0.977969844, 1.01046473, 1.02400452, 0.975813845, 1.01590214;0.966601851, 0.96387682, 0.956921986, 0.95501889, 0.973610427, 0.978832875, 0.944242058, 0.975557781, 0.975813845, 0.948165217, 0.978681133;1.00308628, 1.00406312, 0.995963897, 0.993121899, 1.01572511, 1.02069782, 0.982468357, 1.0157093, 1.01590214, 0.978681133, 1.03121542]
data_train = ['CACTGTTGGGCAGCTTCGAAAGCTCCACGCCGGACCATGGTTGTATCTATGTGTAGGTAG', 'TGCCGAGCCTTGCGAATGCAGGTACAGTGCATCGACAATTCTCGCGTGGCTCTCGCTATT', 'ACCTTAGAGCGGATAATAGGGGATCCCATGGTGGCGTCGTGCCCGCTTCTGCTAGGGCCG', 'TCCCGTCCGGACACCCGAGTTACCTTGTCTGCGTCCGGCACTACCAAAGTATGCAAGTAT', 'TTGGGAATAGTGGCTGACAGCTTCAGCAAGGTTAATATTTGAACCTCGGGGTGTCGGTCT', 'AGCCGCCCAATTTGCTATCTTCTTAGTGTATGCTGAACCGATGTTCGCGTTGTAGTACGG', 'CTTTCACGACGCAAAGAAACGAGACCTACGTGTCCCTGCCGCAGAAATACCGCTTACGTT', 'ACGGAACAACGTCTGTTTTCAGGCATGGGTCGTTCCTCCACCATTTCCGTTCTTTTAAGC', 'TTGGTTAATAGAGCTGCTTTCACTAAGTGAGTTCGGTCTCGCCATATATGAGAGAATAAT', 'CAGGATGGAGAAGGCCACGTGCAGAGTACAGGCACCTAGAAGAGATGATCTTAACCCTTG', 'TTTCCGTGAGGTTTGCGTCTTGTACTCGCGTGTCTCATCTGCTAGGGATGCCCAGCACGG']
feature_class = 'string'
seqlen = 60
data_test = ['GTGCAGAAAAATTTAAGTGCACGATCGTGTTCCCACATTCTAGGTCGGACCTGTGCTGCG', 'GCGCTCGTCAGCTTCCCCTTCACCTATGGCGGTCCGACTACCGAGAAGCTACACTTAGGA']
km_test = [0.989053321, 0.97496662;0.987722418, 0.973594621;0.979816036, 0.96954501;0.977331263, 0.964584949;0.998268476, 0.984633839;1.00230228, 0.99084261;0.966876883, 0.954481471;1.00063628, 0.987741386;1.00002299, 0.987175515;0.961154951, 0.951026183;1.00500518, 0.991044932]
alphabet = 'DNA'
accuracy = 1e-08
data_class = 'dna'
