kernel_alphabet = 'DNA';
init_random = 42;
kernel_feature_type = 'Char';
kernel_accuracy = 1e-08;
kernel_data_train = {'CCCATATAAGGCGCGGCTGCTTGATAACGTGTAAGTGAAACATGGAAGTGTTAAGCCCCT', 'ACGGGTTGACGTTGGAAAACCGGGCCTATCGAACGCGCCTTGAATATCTCCGTTGTGTTC', 'GGGTCACACTGTATGAGTAGTAGCCGATACGCCTTTGTTCCACTGGAACTCTAGGTAAAT', 'AAGGTTGTGCTGCGCAGTGATACCACGTTTCGTCTCCGGGCGTTAAGCACTTCCGAGACC', 'GGCACGAAGTCCTTCTGTCTTCTCACTGGGACGTACAACGAATTCGCTGTAGGCCGGAGA', 'AGCCCGCTCGCGGCCCAAGTCCAATGACTACGGCTAGAGTCGTAGTGAACAGAACCGGAA', 'ACAGATCCTGGTCTCTCCGAACGTGTGAAGCACGCTGGTCGTGTCGATTTGAATCCGCGC', 'GTACCTCCGCTTGGAGGCATCGACTCGACTGTTTTATAAACGCACCTCACCGCCCCTATG', 'ATTGCGCATTATGACCTTAGTTAGTCCTATCAAAAGATGCCGCATCAGGCTGGCTCGCGA', 'ATCCGGAATGCTGAACTAATAGAGCAGGGGGGGGGGAACTTGCATTATCCGGTACCCGCC', 'CGGGACAACAGTATAGGTACACTTGGTCATCAAGGCGTTGTTCCCACCAACGTGCCAATC'};
kernel_matrix_train = [0.997448569, 0.996140638, 0.99959409, 0.997525885, 0.990158305, 0.964060899, 0.993031886, 0.989207961, 0.996127752, 0.977923032, 0.979681973;0.996140638, 1.02001843, 1.00691657, 1.00413963, 0.999181738, 0.975555226, 1.00537669, 1.00071195, 1.00333104, 0.992339263, 0.994285052;0.99959409, 1.00691657, 1.02218006, 1.00789913, 1.00376916, 0.974678977, 1.0076994, 1.00006765, 1.00757376, 0.990016559, 0.994758613;0.997525885, 1.00413963, 1.00789913, 1.0125993, 0.998012332, 0.973406483, 1.00083759, 0.998147635, 1.00234526, 0.985760952, 0.988879368;0.990158305, 0.999181738, 1.00376916, 0.998012332, 1.00262875, 0.96695381, 0.999085093, 0.991917246, 0.996446681, 0.982871262, 0.985061885;0.964060899, 0.975555226, 0.974678977, 0.973406483, 0.96695381, 0.949609232, 0.970217194, 0.968848055, 0.969920815, 0.959235086, 0.957350506;0.993031886, 1.00537669, 1.0076994, 1.00083759, 0.999085093, 0.970217194, 1.0125993, 0.996321042, 1.00091169, 0.987316938, 0.991981676;0.989207961, 1.00071195, 1.00006765, 0.998147635, 0.991917246, 0.968848055, 0.996321042, 1.00285747, 0.996420909, 0.983515563, 0.985016784;0.996127752, 1.00333104, 1.00757376, 1.00234526, 0.996446681, 0.969920815, 1.00091169, 0.996420909, 1.01213218, 0.989517225, 0.99012609;0.977923032, 0.992339263, 0.990016559, 0.985760952, 0.982871262, 0.959235086, 0.987316938, 0.983515563, 0.989517225, 0.9814538, 0.97545536;0.979681973, 0.994285052, 0.994758613, 0.988879368, 0.985061885, 0.957350506, 0.991981676, 0.985016784, 0.99012609, 0.97545536, 0.986472904];
kernel_name = 'LinearString';
kernel_normalizer = 'AvgDiagKernelNormalizer';
kernel_seqlen = 60;
kernel_feature_class = 'string';
kernel_matrix_test = [0.992555104, 0.976553893, 0.999462009, 0.996085872, 0.989005006, 1.00072162, 0.975638985, 0.993576321, 0.972295064, 0.98588659, 1.00020618, 0.992622755, 0.988251174, 0.984053554, 0.990625423, 1.00549911, 0.99475217;1.00176538, 0.984391812, 1.01266373, 1.00502877, 1.00017396, 1.00965163, 0.987358818, 1.00311197, 0.97965298, 0.998324818, 1.01279581, 1.00153988, 0.996926685, 0.994987339, 1.00148511, 1.01526993, 1.00760275;1.00510608, 0.987336267, 1.00963874, 1.00816973, 0.999993557, 1.0143067, 0.988151308, 1.00383037, 0.980161977, 0.997596758, 1.01062774, 1.00188136, 0.997223063, 0.996820375, 1.00186525, 1.0166584, 1.00720006;1.00326661, 0.982504011, 1.00669106, 1.00399789, 0.999120529, 1.00908786, 0.986630758, 0.999291269, 0.976972688, 0.995824931, 1.0087335, 0.997744947, 0.994748948, 0.991991341, 0.996443459, 1.01246722, 1.00289291;0.99584426, 0.974624212, 1.00309264, 0.994597537, 0.991521001, 1.00690046, 0.980770842, 0.997078096, 0.969701753, 0.988106207, 1.00222284, 0.993238063, 0.988589432, 0.986633979, 0.993431353, 1.00699066, 0.996907356;0.970938811, 0.950295412, 0.976157648, 0.974308504, 0.966863608, 0.97706289, 0.953152886, 0.968764295, 0.947202768, 0.966170985, 0.979050558, 0.968426037, 0.962881829, 0.962192427, 0.965745746, 0.979965465, 0.972581778;0.999391136, 0.982307499, 1.00557965, 0.999629527, 0.998105756, 1.009468, 0.987519893, 1.00246445, 0.975854826, 0.992384364, 1.00909753, 0.997964009, 0.991327711, 0.990177634, 0.998634082, 1.01142668, 1.0011243;0.994285052, 0.975767846, 1.00010631, 0.999577983, 0.993009336, 1.00482903, 0.980854601, 0.993089874, 0.971438144, 0.989823268, 1.00320218, 0.994713512, 0.987155863, 0.988322047, 0.993022222, 1.00487736, 0.999491002;1.00049933, 0.981411921, 1.00653321, 1.00305721, 0.996755945, 1.00750288, 0.985319605, 0.997877029, 0.977848937, 0.993006114, 1.00674905, 0.998492336, 0.99104744, 0.993428131, 0.99683004, 1.01074694, 1.00143357;0.984610875, 0.966493135, 0.994220621, 0.989372258, 0.983264286, 0.993914579, 0.971012905, 0.986563106, 0.960307847, 0.978605991, 0.992619534, 0.983599322, 0.976721411, 0.979102102, 0.981856488, 0.995109757, 0.987787278;0.986563106, 0.967752743, 0.99554466, 0.989352929, 0.984098655, 0.995190294, 0.974195751, 0.987703519, 0.963113777, 0.982075551, 0.99372451, 0.984324161, 0.979762511, 0.979765732, 0.983847378, 0.997142526, 0.988599097];
kernel_data_test = {'TGAGCCGTTTAAACCGGTTATCCTATGTTGAACATCTGACCCGAGCTTAAGTCCACCCGC', 'ACTCTGCAGGGTGATGCGGACCCAAACTACCTAAATGACAATCGCGCCGAGTATACGGAT', 'TATGTATATGCATGCCTCATCCATAGTATCGCGCATATACTATCCGCCGCATTCGGGCTA', 'GTGTCCTCGATGCCGAGGATCCCGTACATCGCTGTAGTGATCACGTCCGCTTCATAAAAT', 'GTACTTGATCGGGGGACGCCACTCGGATCTAACCTAGATTCAGAAGTTGGTGCTAAGACC', 'GTACAGGCAGGACCTTGTGTACGGACCCCGTGTTCCATAGCTCTCCGTGTTTCCATTGCA', 'TATCCTACTGTTAACCCTAGAACTAGGAGTGAGGAAAACCCTGTGACTAACCCACGCGGG', 'AGACGACAACTCCGGTTTTAGTGTACTCGAGTCAATGAATTACTGTCGGTCACTCCGAAC', 'GGTTCGAAACACGCGCAAAAGTCCTAAGGGGACATTCACACGTCAAAATATGGCGCCCTC', 'CCAAAGCTGAGGGGGAGCGATCGTTGATGGTAAGTCGCGTAGTCCATCCCCGTCGGCATG', 'GATGTTTTATATCGATACTGACAGTGACTAGCTTCGGCCGATAACACCGTTATCCCCTCG', 'ATTCGGGGGAGCCTACAACTCGAGTCTTGCGTACCCTCCGAAGCCAGTTAGTCTTACAAT', 'TAGGCGTAAACCCGTCCTTACTACCAACTTTAATGCACCATATTCGGACGGGCCCCGTGG', 'GGGATACAATCTCCCGTCCTACCACATGTGGGTACGTTGAATCATAGGACAGCATCCAAT', 'CCTGCTGAGTCGTGAAGCTCCGGCAGTGCATTCGCGTAGACGAGCGAGGTTCAGGAAGTT', 'ACACTTCACTACGGTCGCTTTATCAAGCTGAGACGTCTTCGGATTATATCTCGACATCGT', 'TATAGGAACCTCTCTGTAGACGGAGGAGGATGTATACATGAACAGGTTGACGCGTTACTT'};
