accuracy = 1e-08;
init_random = 42;
name = 'LinearString';
data_type = '';
km_train = [317180, 312701, 311385, 309895, 317122, 317783, 306479, 316931, 316467, 305762, 317303;312701, 316340, 311444, 309308, 316545, 317829, 305848, 316427, 316649, 304900, 317612;311385, 311444, 311663, 306868, 313429, 315657, 304098, 315044, 314632, 302700, 315050;309895, 309308, 306868, 309022, 312174, 313955, 302301, 312766, 313163, 302098, 314151;317122, 316545, 313429, 312174, 322602, 319852, 309614, 319225, 319747, 307979, 321301;317783, 317829, 315657, 313955, 319852, 326056, 310208, 322440, 320718, 309631, 322874;306479, 305848, 304098, 302301, 309614, 310208, 302280, 309866, 309358, 298689, 310781;316931, 316427, 315044, 312766, 319225, 322440, 309866, 324400, 319637, 308595, 321296;316467, 316649, 314632, 313163, 319747, 320718, 309358, 319637, 323920, 308676, 321357;305762, 304900, 302700, 302098, 307979, 309631, 298689, 308595, 308676, 299930, 309583;317303, 317612, 315050, 314151, 321301, 322874, 310781, 321296, 321357, 309583, 326201];
data_train = {'CACTGTTGGGCAGCTTCGAAAGCTCCACGCCGGACCATGGTTGTATCTATGTGTAGGTAG', 'TGCCGAGCCTTGCGAATGCAGGTACAGTGCATCGACAATTCTCGCGTGGCTCTCGCTATT', 'ACCTTAGAGCGGATAATAGGGGATCCCATGGTGGCGTCGTGCCCGCTTCTGCTAGGGCCG', 'TCCCGTCCGGACACCCGAGTTACCTTGTCTGCGTCCGGCACTACCAAAGTATGCAAGTAT', 'TTGGGAATAGTGGCTGACAGCTTCAGCAAGGTTAATATTTGAACCTCGGGGTGTCGGTCT', 'AGCCGCCCAATTTGCTATCTTCTTAGTGTATGCTGAACCGATGTTCGCGTTGTAGTACGG', 'CTTTCACGACGCAAAGAAACGAGACCTACGTGTCCCTGCCGCAGAAATACCGCTTACGTT', 'ACGGAACAACGTCTGTTTTCAGGCATGGGTCGTTCCTCCACCATTTCCGTTCTTTTAAGC', 'TTGGTTAATAGAGCTGCTTTCACTAAGTGAGTTCGGTCTCGCCATATATGAGAGAATAAT', 'CAGGATGGAGAAGGCCACGTGCAGAGTACAGGCACCTAGAAGAGATGATCTTAACCCTTG', 'TTTCCGTGAGGTTTGCGTCTTGTACTCGCGTGTCTCATCTGCTAGGGATGCCCAGCACGG'};
feature_class = 'string';
seqlen = 60;
data_test = {'GTGCAGAAAAATTTAAGTGCACGATCGTGTTCCCACATTCTAGGTCGGACCTGTGCTGCG', 'GCGCTCGTCAGCTTCCCCTTCACCTATGGCGGTCCGACTACCGAGAAGCTACACTTAGGA'};
km_test = [312864, 308408;312443, 307974;309942, 306693;309156, 305124;315779, 311466;317055, 313430;305849, 301928;316528, 312449;316334, 312270;304039, 300835;317910, 313494];
alphabet = 'DNA';
data_class = 'dna';
feature_type = 'Char';
