accuracy = 1e-08
init_random = 42
name = 'LocalAlignmentString'
data_type = ''
km_train = [62.228, 53.225, 53.577, 53.11, 53.526, 54.002, 53.291, 54.22, 52.637, 53.947, 51.871;53.225, 62.326, 54.089, 53.413, 52.887, 53.81, 54.314, 52.764, 53.333, 54.273, 52.402;53.577, 54.089, 61.37, 53.048, 53.451, 55.091, 53.437, 53.547, 52.824, 53.755, 52.408;53.11, 53.413, 53.048, 62.173, 53.992, 54.106, 54.083, 54.403, 53.695, 53.322, 53.25;53.526, 52.887, 53.451, 53.992, 62.078, 54.604, 53.628, 53.633, 53.117, 54.113, 52.966;54.002, 53.81, 55.091, 54.106, 54.604, 63.934, 53.909, 55.226, 53.03, 55.511, 53.021;53.291, 54.314, 53.437, 54.083, 53.628, 53.909, 62.128, 53.501, 53.364, 53.734, 52.986;54.22, 52.764, 53.547, 54.403, 53.633, 55.226, 53.501, 62.123, 53.453, 54.836, 53.162;52.637, 53.333, 52.824, 53.695, 53.117, 53.03, 53.364, 53.453, 61.047, 53.284, 52.485;53.947, 54.273, 53.755, 53.322, 54.113, 55.511, 53.734, 54.836, 53.284, 65.529, 51.814;51.871, 52.402, 52.408, 53.25, 52.966, 53.021, 52.986, 53.162, 52.485, 51.814, 60.916]
data_train = ['AAACGCTTCGGTTACCTTGCTGCTATCTCGCCGCTATGAGGTGGTGAAGATTAAATAACA', 'TTTCATGGTATATTGGCGACGGCTAACAACCCATCCTATTTTTGGACGCTATAGTTCGGA', 'TTAGTATGGCGACAGAAATCCATGTTACCGTCCAAGATTGGGTGCTTGCACAGCAATCAA', 'ATAAAATACCTATCTCGACCCTAAAAAGTCAGTCATATCCTAACACGGGTAAGGCATAGG', 'AATAATCGCGCACATTTGCTGTTGAGCAGTTTCCTTGGTAGTCCAACCACGTTATGGACA', 'GTAGACGCGCGCAGGCTGTACCACCTGTCAAGTCCGACCTGGGCGCATAGCACATCTGTG', 'TAGCTGAATACGTGCACTACGAGCACCGCGAGGCAATATTTATCCTGCTTAATTGGCCAG', 'TCGACTCGCCACCTTAGAATCACACCTAGACGTAGACGACTAGAAACAGATCGAACAGAT', 'CCGGGATAAGAGCTTCCGAAGCGAACGTGACTCTATTAGTGACATACACGGTGGAGTAAT', 'CCGCTCATCCGCTGTGTATACGTTACCCCTACGTTATTCCCAATTGGGGCCTCTCATTTA', 'GTGTTTCCAATCAAAGTCTGATGGGCTAGCAGGAGAGAATACGCCGTGTAGCAATGGGTG']
feature_class = 'string'
seqlen = 60
data_test = ['TGTAGGACTACGACAGCTCCTGTGAAAAGAAACATCCCTTGCCCGACCTTAAAGAACTTA', 'ACTACGAGCCGAGTGTGACATGAGCAGTAAGCTCCCAAATTGGCATTCAGAACCAGTGGA']
km_test = [52.665, 52.956;53.627, 53.847;53.725, 53.67;54.832, 53.274;54.385, 53.973;55.082, 54.683;54.187, 53.491;54.224, 53.944;53.339, 53.5;54.105, 54.505;52.904, 52.947]
alphabet = 'DNA'
data_class = 'dna'
feature_type = 'Char'
