kernel_alphabet = 'DNA';
kernel_arg0_size = 10;
init_random = 42;
kernel_feature_type = 'Char';
kernel_accuracy = 0;
kernel_data_train = {'TTGCCCCAGCGCCATGAGTTGAGTGTCATGACTAACTTGGCATACGAGGGACGTATGTAC', 'ACTAGAGAACTAAATGGGAGACGGAATGAATTTCCAGAAAGCGTGCTCATAGCGGAGTCC', 'CTGTAAAAGTCTATATATACCCGTGGAGCTCGACCCCATATAAGGCGCGGCTGCTTGATA', 'ACGTGTAAGTGAAACATGGAAGTGTTAAGCCCCTACGGGTTGACGTTGGAAAACCGGGCC', 'TATCGAACGCGCCTTGAATATCTCCGTTGTGTTCGGGTCACACTGTATGAGTAGTAGCCG', 'ATACGCCTTTGTTCCACTGGAACTCTAGGTAAATAAGGTTGTGCTGCGCAGTGATACCAC', 'GTTTCGTCTCCGGGCGTTAAGCACTTCCGAGACCGGCACGAAGTCCTTCTGTCTTCTCAC', 'TGGGACGTACAACGAATTCGCTGTAGGCCGGAGAAGCCCGCTCGCGGCCCAAGTCCAATG', 'ACTACGGCTAGAGTCGTAGTGAACAGAACCGGAAACAGATCCTGGTCTCTCCGAACGTGT', 'GAAGCACGCTGGTCGTGTCGATTTGAATCCGCGCGTACCTCCGCTTGGAGGCATCGACTC', 'GACTGTTTTATAAACGCACCTCACCGCCCCTATGATTGCGCATTATGACCTTAGTTAGTC'};
kernel_matrix_train = [61.842, 52.842, 52.573, 52.627, 54.037, 53.617, 53.75, 52.98, 53.279, 54.179, 52.06;52.842, 60.829, 53.179, 54.09, 52.556, 52.9, 52.585, 53.445, 54.03, 53.547, 52.156;52.573, 53.179, 63.084, 53.241, 53.339, 53.146, 53.662, 54.483, 53.394, 53.897, 54.913;52.627, 54.09, 53.241, 62.138, 53.012, 52.605, 52.622, 53.224, 53.069, 53.75, 53.324;54.037, 52.556, 53.339, 53.012, 62.152, 53.818, 53.966, 53.265, 52.548, 54.386, 53.694;53.617, 52.9, 53.146, 52.605, 53.818, 62.171, 53.778, 53.236, 53.024, 53.503, 53.213;53.75, 52.585, 53.662, 52.622, 53.966, 53.778, 64.705, 54.887, 55.05, 55.263, 54.457;52.98, 53.445, 54.483, 53.224, 53.265, 53.236, 54.887, 64.212, 54.673, 55.086, 53.328;53.279, 54.03, 53.394, 53.069, 52.548, 53.024, 55.05, 54.673, 61.891, 54.345, 52.67;54.179, 53.547, 53.897, 53.75, 54.386, 53.503, 55.263, 55.086, 54.345, 63.738, 53.315;52.06, 52.156, 54.913, 53.324, 53.694, 53.213, 54.457, 53.328, 52.67, 53.315, 63.768];
kernel_name = 'LocalAlignmentString';
kernel_seqlen = 60;
kernel_feature_class = 'string';
kernel_matrix_test = [53.022, 51.7, 53.072, 53.827, 52.792, 53.631, 53.346, 54.301, 53.721, 52.515, 53.026, 53.628, 52.081, 53.468, 54.774, 52.459, 52.434;53.378, 52.013, 52.222, 52.953, 53.237, 52.725, 52.477, 53.74, 52.037, 52.87, 53.704, 52.68, 51.53, 53.422, 52.751, 53.199, 53.264;54.189, 53.989, 54.299, 55.07, 53.525, 54.263, 53.284, 53.64, 53.801, 54.45, 54.424, 54.97, 53.365, 54.485, 53.198, 54.299, 53.924;53.19, 53.968, 52.925, 54.348, 52.106, 53.121, 53.206, 53.997, 52.825, 53.824, 53.991, 53.963, 53.179, 54.32, 52.466, 53.936, 54.865;53.968, 53.443, 53.664, 54.055, 52.937, 55.168, 53.364, 53.375, 54.125, 54.044, 53.751, 53.063, 53.67, 54.405, 53.918, 53.398, 52.999;52.922, 51.336, 54.033, 53.788, 54.018, 54.761, 54.459, 53.45, 53.713, 52.45, 53.573, 52.338, 52.992, 53.615, 54.719, 54.281, 52.716;53.84, 53.977, 55.302, 55.389, 53.735, 54.918, 53.713, 54.38, 54.52, 54.665, 54.296, 53.281, 54.072, 55.676, 56.38, 55.988, 54.129;53.849, 55.168, 53.944, 55.097, 53.985, 55.594, 53.375, 53.788, 53.887, 54.457, 55.378, 54.8, 53.057, 54.509, 54.829, 55.711, 54.601;53.408, 53.181, 53.969, 53.208, 53.971, 53.841, 53.776, 54.308, 53.659, 53.629, 53.698, 52.684, 53.173, 54.514, 53.765, 54.81, 54.019;53.521, 54.467, 54.016, 55.74, 52.663, 54.755, 54.336, 53.747, 54.032, 53.926, 54.163, 55.24, 52.937, 55.383, 54.124, 53.859, 54.356;54.299, 53.868, 55.18, 54.429, 54.22, 54.571, 53.836, 52.683, 55.119, 54.806, 54.06, 53.915, 54.857, 55.517, 53.792, 54.858, 53.723];
kernel_data_test = {'CTATCAAAAGATGCCGCATCAGGCTGGCTCGCGAATCCGGAATGCTGAACTAATAGAGCA', 'GGGGGGGGGGAACTTGCATTATCCGGTACCCGCCCGGGACAACAGTATAGGTACACTTGG', 'TCATCAAGGCGTTGTTCCCACCAACGTGCCAATCTGAGCCGTTTAAACCGGTTATCCTAT', 'GTTGAACATCTGACCCGAGCTTAAGTCCACCCGCACTCTGCAGGGTGATGCGGACCCAAA', 'CTACCTAAATGACAATCGCGCCGAGTATACGGATTATGTATATGCATGCCTCATCCATAG', 'TATCGCGCATATACTATCCGCCGCATTCGGGCTAGTGTCCTCGATGCCGAGGATCCCGTA', 'CATCGCTGTAGTGATCACGTCCGCTTCATAAAATGTACTTGATCGGGGGACGCCACTCGG', 'ATCTAACCTAGATTCAGAAGTTGGTGCTAAGACCGTACAGGCAGGACCTTGTGTACGGAC', 'CCCGTGTTCCATAGCTCTCCGTGTTTCCATTGCATATCCTACTGTTAACCCTAGAACTAG', 'GAGTGAGGAAAACCCTGTGACTAACCCACGCGGGAGACGACAACTCCGGTTTTAGTGTAC', 'TCGAGTCAATGAATTACTGTCGGTCACTCCGAACGGTTCGAAACACGCGCAAAAGTCCTA', 'AGGGGACATTCACACGTCAAAATATGGCGCCCTCCCAAAGCTGAGGGGGAGCGATCGTTG', 'ATGGTAAGTCGCGTAGTCCATCCCCGTCGGCATGGATGTTTTATATCGATACTGACAGTG', 'ACTAGCTTCGGCCGATAACACCGTTATCCCCTCGATTCGGGGGAGCCTACAACTCGAGTC', 'TTGCGTACCCTCCGAAGCCAGTTAGTCTTACAATTAGGCGTAAACCCGTCCTTACTACCA', 'ACTTTAATGCACCATATTCGGACGGGCCCCGTGGGGGATACAATCTCCCGTCCTACCACA', 'TGTGGGTACGTTGAATCATAGGACAGCATCCAATCCTGCTGAGTCGTGAAGCTCCGGCAG'};
