accuracy = 1e-08
name = 'LocalAlignmentString'
data_type = ''
km_train = [62.362, 53.117, 53.742, 54.371, 53.234, 53.338, 53.768, 53.476, 53.1, 53.457, 53.266;53.117, 62.775, 54.186, 54.662, 53.419, 54.276, 54.822, 54.573, 52.321, 53.63, 54.413;53.742, 54.186, 64.045, 54.305, 52.58, 53.325, 54.755, 54.343, 52.774, 52.767, 54.258;54.371, 54.662, 54.305, 64.542, 51.595, 54.515, 56.01, 54.671, 53.55, 52.794, 54.553;53.234, 53.419, 52.58, 51.595, 61.308, 52.385, 52.03, 52.558, 53.37, 53.031, 53.037;53.338, 54.276, 53.325, 54.515, 52.385, 62.218, 53.1, 54.332, 52.624, 51.445, 53.748;53.768, 54.822, 54.755, 56.01, 52.03, 53.1, 63.963, 54.404, 52.594, 53.881, 54.58;53.476, 54.573, 54.343, 54.671, 52.558, 54.332, 54.404, 63.924, 53.698, 52.751, 53.315;53.1, 52.321, 52.774, 53.55, 53.37, 52.624, 52.594, 53.698, 60.564, 52.49, 52.971;53.457, 53.63, 52.767, 52.794, 53.031, 51.445, 53.881, 52.751, 52.49, 61.832, 53.098;53.266, 54.413, 54.258, 54.553, 53.037, 53.748, 54.58, 53.315, 52.971, 53.098, 63.404]
data_train = ['CACTGTTGGGCAGCTTCGAAAGCTCCACGCCGGACCATGGTTGTATCTATGTGTAGGTAG', 'TGCCGAGCCTTGCGAATGCAGGTACAGTGCATCGACAATTCTCGCGTGGCTCTCGCTATT', 'ACCTTAGAGCGGATAATAGGGGATCCCATGGTGGCGTCGTGCCCGCTTCTGCTAGGGCCG', 'TCCCGTCCGGACACCCGAGTTACCTTGTCTGCGTCCGGCACTACCAAAGTATGCAAGTAT', 'TTGGGAATAGTGGCTGACAGCTTCAGCAAGGTTAATATTTGAACCTCGGGGTGTCGGTCT', 'AGCCGCCCAATTTGCTATCTTCTTAGTGTATGCTGAACCGATGTTCGCGTTGTAGTACGG', 'CTTTCACGACGCAAAGAAACGAGACCTACGTGTCCCTGCCGCAGAAATACCGCTTACGTT', 'ACGGAACAACGTCTGTTTTCAGGCATGGGTCGTTCCTCCACCATTTCCGTTCTTTTAAGC', 'TTGGTTAATAGAGCTGCTTTCACTAAGTGAGTTCGGTCTCGCCATATATGAGAGAATAAT', 'CAGGATGGAGAAGGCCACGTGCAGAGTACAGGCACCTAGAAGAGATGATCTTAACCCTTG', 'TTTCCGTGAGGTTTGCGTCTTGTACTCGCGTGTCTCATCTGCTAGGGATGCCCAGCACGG']
feature_class = 'string'
seqlen = 60
data_test = ['GTGCAGAAAAATTTAAGTGCACGATCGTGTTCCCACATTCTAGGTCGGACCTGTGCTGCG', 'GCGCTCGTCAGCTTCCCCTTCACCTATGGCGGTCCGACTACCGAGAAGCTACACTTAGGA']
km_test = [53.008, 54.418;54.173, 54.432;54.178, 53.5;52.853, 57.081;53.303, 52.019;53.269, 55.041;54.244, 55.192;54.746, 55.05;52.567, 53.659;53.291, 53.405;54.743, 54.558]
alphabet = 'DNA'
data_class = 'dna'
feature_type = 'Char'
