accuracy = 1e-08
name = 'LocalAlignmentString'
data_type = ''
km_train = [61.857, 53.73, 51.698, 53.889, 53.234, 52.723, 54.193, 54.468, 53.895, 53.091, 52.36;53.73, 62.922, 52.846, 55.143, 53.836, 54.226, 54.339, 53.935, 53.525, 53.24, 52.847;51.698, 52.846, 60.66, 52.947, 52.414, 53.374, 52.218, 51.809, 52.85, 52.612, 53.486;53.889, 55.143, 52.947, 64.179, 54.022, 54.203, 55.51, 53.658, 53.436, 54.686, 52.678;53.234, 53.836, 52.414, 54.022, 64.014, 53.36, 55.131, 53.824, 54.157, 53.407, 53.795;52.723, 54.226, 53.374, 54.203, 53.36, 62.684, 53.684, 53.488, 53.29, 53.493, 52.784;54.193, 54.339, 52.218, 55.51, 55.131, 53.684, 63.419, 53.921, 53.839, 53.329, 52.633;54.468, 53.935, 51.809, 53.658, 53.824, 53.488, 53.921, 63.639, 53.373, 54.002, 53.14;53.895, 53.525, 52.85, 53.436, 54.157, 53.29, 53.839, 53.373, 62.672, 52.361, 53.365;53.091, 53.24, 52.612, 54.686, 53.407, 53.493, 53.329, 54.002, 52.361, 62, 52.878;52.36, 52.847, 53.486, 52.678, 53.795, 52.784, 52.633, 53.14, 53.365, 52.878, 60.728]
data_train = ['CAATTGTACTCGGTAGTAACGACTTTCTAAATCATGGCCAATACCCTACCGTAGGAAACT', 'GGACTTCTGGTAATCGTGATTCCGTGCATTTTTAACGCCCGGCGGCTGTGACATGGCTCG', 'AGCTCACTGAGAGAGGATGTCATCTTAAGGAGTTGAATGGGTGTAGGTGGCCAGGCAAGG', 'CTACCTAGAAGAATAACCAGGCGAGATTTCGGGAACGCCCCGGGACTCGAGCCGATACCG', 'CGGTCGGCACCATTTAAAAGTCTAATACGCACCGTGTGGGTCGAGCCTCGCTCTTTTGGC', 'GCCTTAGGGAATGCCACCATGCCATCTGCCTAGTATGGCTTGCGATGTTGCGATGTCCAG', 'TCCATTGGGACTATATGTCGTAATCGGGTCACCCGCGTGAGGACCTCCTGACACAGTTCT', 'AACATGGTTCCCTACTGAGTCCCTTAAAACTAAGCGACCCTAAAAAAACAGGCTCTAGCA', 'CATCCCCGGGGCATATGATTTAAGTGCCTGTTGTGTCCAATTTCAGACGTACTTGGGACA', 'TATCGATTTACACAACAGGCAGGCAGATTAGCCAATCAGGTGGACGGAAAAACGCACCTG', 'TGGACCTCATCGCTAGTGTAGCATAAAGGGAGCGATGATGCTAACGTTGTACTCATAGGG']
feature_class = 'string'
seqlen = 60
data_test = ['GCCAGTAACTAAGCATGGGCCGCTAGCCGCGTCATGCGCACGTAAGTGGCGGCATCGTCG', 'CTGTTACTCTACTCGATCAGTACAGATCACGCAGCATTTTGATTAATAAGTGCTCAAATT']
km_test = [52.97, 53.271;54.533, 52.882;53.02, 52.183;54.982, 52.307;53.962, 53.284;55.293, 53.139;54.532, 53.199;54.02, 54.237;53.159, 52.488;54.507, 53.759;53.005, 53.504]
alphabet = 'DNA'
data_class = 'dna'
feature_type = 'Char'
