accuracy = 1e-08
init_random = 42
name = 'LocalAlignmentString'
data_type = ''
km_train = [61.861, 53.744, 51.709, 53.901, 53.247, 52.735, 54.206, 54.48, 53.907, 53.102, 52.372;53.744, 62.927, 52.859, 55.155, 53.849, 54.239, 54.351, 53.947, 53.539, 53.252, 52.858;51.709, 52.859, 60.665, 52.958, 52.426, 53.385, 52.229, 51.821, 52.862, 52.624, 53.496;53.901, 55.155, 52.958, 64.181, 54.036, 54.215, 55.519, 53.669, 53.447, 54.697, 52.691;53.247, 53.849, 52.426, 54.036, 64.018, 53.374, 55.144, 53.835, 54.168, 53.419, 53.807;52.735, 54.239, 53.385, 54.215, 53.374, 62.692, 53.697, 53.501, 53.302, 53.507, 52.796;54.206, 54.351, 52.229, 55.519, 55.144, 53.697, 63.422, 53.933, 53.851, 53.342, 52.645;54.48, 53.947, 51.821, 53.669, 53.835, 53.501, 53.933, 63.643, 53.384, 54.015, 53.152;53.907, 53.539, 52.862, 53.447, 54.168, 53.302, 53.851, 53.384, 62.675, 52.373, 53.377;53.102, 53.252, 52.624, 54.697, 53.419, 53.507, 53.342, 54.015, 52.373, 62.002, 52.89;52.372, 52.858, 53.496, 52.691, 53.807, 52.796, 52.645, 53.152, 53.377, 52.89, 60.733]
data_train = ['CAATTGTACTCGGTAGTAACGACTTTCTAAATCATGGCCAATACCCTACCGTAGGAAACT', 'GGACTTCTGGTAATCGTGATTCCGTGCATTTTTAACGCCCGGCGGCTGTGACATGGCTCG', 'AGCTCACTGAGAGAGGATGTCATCTTAAGGAGTTGAATGGGTGTAGGTGGCCAGGCAAGG', 'CTACCTAGAAGAATAACCAGGCGAGATTTCGGGAACGCCCCGGGACTCGAGCCGATACCG', 'CGGTCGGCACCATTTAAAAGTCTAATACGCACCGTGTGGGTCGAGCCTCGCTCTTTTGGC', 'GCCTTAGGGAATGCCACCATGCCATCTGCCTAGTATGGCTTGCGATGTTGCGATGTCCAG', 'TCCATTGGGACTATATGTCGTAATCGGGTCACCCGCGTGAGGACCTCCTGACACAGTTCT', 'AACATGGTTCCCTACTGAGTCCCTTAAAACTAAGCGACCCTAAAAAAACAGGCTCTAGCA', 'CATCCCCGGGGCATATGATTTAAGTGCCTGTTGTGTCCAATTTCAGACGTACTTGGGACA', 'TATCGATTTACACAACAGGCAGGCAGATTAGCCAATCAGGTGGACGGAAAAACGCACCTG', 'TGGACCTCATCGCTAGTGTAGCATAAAGGGAGCGATGATGCTAACGTTGTACTCATAGGG']
feature_class = 'string'
seqlen = 60
data_test = ['GCCAGTAACTAAGCATGGGCCGCTAGCCGCGTCATGCGCACGTAAGTGGCGGCATCGTCG', 'CTGTTACTCTACTCGATCAGTACAGATCACGCAGCATTTTGATTAATAAGTGCTCAAATT']
km_test = [52.981, 53.282;54.546, 52.894;53.032, 52.193;54.994, 52.32;53.975, 53.297;55.304, 53.152;54.546, 53.212;54.031, 54.248;53.172, 52.501;54.517, 53.77;53.017, 53.514]
alphabet = 'DNA'
data_class = 'dna'
feature_type = 'Char'
