kernel_alphabet = 'DNA';
kernel_arg0_size = 10;
init_random = 42;
kernel_feature_type = 'Char';
kernel_accuracy = 0;
kernel_data_train = {'CCCATATAAGGCGCGGCTGCTTGATAACGTGTAAGTGAAACATGGAAGTGTTAAGCCCCT', 'ACGGGTTGACGTTGGAAAACCGGGCCTATCGAACGCGCCTTGAATATCTCCGTTGTGTTC', 'GGGTCACACTGTATGAGTAGTAGCCGATACGCCTTTGTTCCACTGGAACTCTAGGTAAAT', 'AAGGTTGTGCTGCGCAGTGATACCACGTTTCGTCTCCGGGCGTTAAGCACTTCCGAGACC', 'GGCACGAAGTCCTTCTGTCTTCTCACTGGGACGTACAACGAATTCGCTGTAGGCCGGAGA', 'AGCCCGCTCGCGGCCCAAGTCCAATGACTACGGCTAGAGTCGTAGTGAACAGAACCGGAA', 'ACAGATCCTGGTCTCTCCGAACGTGTGAAGCACGCTGGTCGTGTCGATTTGAATCCGCGC', 'GTACCTCCGCTTGGAGGCATCGACTCGACTGTTTTATAAACGCACCTCACCGCCCCTATG', 'ATTGCGCATTATGACCTTAGTTAGTCCTATCAAAAGATGCCGCATCAGGCTGGCTCGCGA', 'ATCCGGAATGCTGAACTAATAGAGCAGGGGGGGGGGAACTTGCATTATCCGGTACCCGCC', 'CGGGACAACAGTATAGGTACACTTGGTCATCAAGGCGTTGTTCCCACCAACGTGCCAATC'};
kernel_matrix_train = [62.326, 52.092, 51.7, 52.974, 52.904, 54.011, 54.054, 53.875, 52.667, 54.155, 52.573;52.092, 63.108, 54.044, 54.762, 53.074, 52.751, 53.671, 53.911, 53.192, 53.256, 54.214;51.7, 54.044, 61.769, 53.668, 53.282, 53.151, 52.65, 54.296, 53.106, 51.965, 54.676;52.974, 54.762, 53.668, 63.49, 53.732, 54.31, 54.497, 54.443, 53.802, 53.405, 54.594;52.904, 53.074, 53.282, 53.732, 62.822, 55.092, 54.782, 54.008, 54.562, 53.187, 53.926;54.011, 52.751, 53.151, 54.31, 55.092, 63.597, 55.178, 54.767, 53.695, 53.536, 53.197;54.054, 53.671, 52.65, 54.497, 54.782, 55.178, 63.11, 53.776, 53.575, 54.728, 53.302;53.875, 53.911, 54.296, 54.443, 54.008, 54.767, 53.776, 65.787, 54.395, 53.699, 55.221;52.667, 53.192, 53.106, 53.802, 54.562, 53.695, 53.575, 54.395, 62.145, 53.095, 53.965;54.155, 53.256, 51.965, 53.405, 53.187, 53.536, 54.728, 53.699, 53.095, 64.044, 53.866;52.573, 54.214, 54.676, 54.594, 53.926, 53.197, 53.302, 55.221, 53.965, 53.866, 62.958];
kernel_name = 'LocalAlignmentString';
kernel_seqlen = 60;
kernel_feature_class = 'string';
kernel_matrix_test = [54.189, 53.037, 52.311, 52.445, 54.238, 52.578, 53.578, 53.272, 54.387, 53.963, 53.312, 52.594, 53.467, 53.463, 53.563, 53.875, 53.446;53.854, 54.384, 54.194, 54.074, 53.792, 55.14, 52.937, 52.934, 53.642, 53.861, 54.262, 54.392, 53.76, 52.63, 53.973, 53.591, 52.32;53.049, 53.786, 53.275, 54.869, 53.148, 54.403, 52.818, 53.773, 53.001, 52.915, 52.995, 53.704, 53.156, 53.143, 53.316, 53.309, 52.734;54.956, 53.736, 54.789, 54.703, 54.308, 54.825, 52.865, 54.06, 54.135, 53.841, 55.032, 54.644, 54.372, 53.933, 53.629, 53.799, 52.183;54.086, 53.77, 54.38, 53.807, 53.446, 54.24, 53.962, 54.642, 54.078, 52.814, 53.233, 53.878, 56.011, 55.166, 53.829, 54.338, 53.137;54.262, 54.88, 53.338, 54.924, 54.213, 53.525, 54.535, 54.259, 54.461, 53.21, 52.598, 53.751, 55.063, 55.142, 54.526, 54.67, 52.552;55.111, 53.249, 53.852, 53.859, 53.692, 54.468, 54.742, 54.468, 54.199, 53.568, 54.323, 53.793, 54.412, 54.671, 53.742, 55.096, 53.583;55.218, 55.258, 54.958, 56.379, 53.653, 55.216, 55.42, 55.235, 54.698, 55.987, 55.247, 54.45, 55.822, 54.532, 53.108, 54.713, 53.509;55.239, 54.049, 54.979, 53.498, 53.004, 54.053, 54.53, 54.204, 54.132, 53.056, 54.035, 53.717, 55.595, 53.35, 52.936, 53.729, 52.678;54.198, 52.287, 52.852, 52.499, 52.17, 53.438, 55.833, 53.8, 55.017, 54.312, 54.329, 52.889, 52.839, 53.325, 52.278, 53.57, 54.1;54.7, 53.344, 54.093, 54.223, 52.936, 54.87, 53.549, 54.779, 54.623, 55.086, 54.265, 54.119, 54.105, 54.25, 52.788, 53.685, 52.546];
kernel_data_test = {'TGAGCCGTTTAAACCGGTTATCCTATGTTGAACATCTGACCCGAGCTTAAGTCCACCCGC', 'ACTCTGCAGGGTGATGCGGACCCAAACTACCTAAATGACAATCGCGCCGAGTATACGGAT', 'TATGTATATGCATGCCTCATCCATAGTATCGCGCATATACTATCCGCCGCATTCGGGCTA', 'GTGTCCTCGATGCCGAGGATCCCGTACATCGCTGTAGTGATCACGTCCGCTTCATAAAAT', 'GTACTTGATCGGGGGACGCCACTCGGATCTAACCTAGATTCAGAAGTTGGTGCTAAGACC', 'GTACAGGCAGGACCTTGTGTACGGACCCCGTGTTCCATAGCTCTCCGTGTTTCCATTGCA', 'TATCCTACTGTTAACCCTAGAACTAGGAGTGAGGAAAACCCTGTGACTAACCCACGCGGG', 'AGACGACAACTCCGGTTTTAGTGTACTCGAGTCAATGAATTACTGTCGGTCACTCCGAAC', 'GGTTCGAAACACGCGCAAAAGTCCTAAGGGGACATTCACACGTCAAAATATGGCGCCCTC', 'CCAAAGCTGAGGGGGAGCGATCGTTGATGGTAAGTCGCGTAGTCCATCCCCGTCGGCATG', 'GATGTTTTATATCGATACTGACAGTGACTAGCTTCGGCCGATAACACCGTTATCCCCTCG', 'ATTCGGGGGAGCCTACAACTCGAGTCTTGCGTACCCTCCGAAGCCAGTTAGTCTTACAAT', 'TAGGCGTAAACCCGTCCTTACTACCAACTTTAATGCACCATATTCGGACGGGCCCCGTGG', 'GGGATACAATCTCCCGTCCTACCACATGTGGGTACGTTGAATCATAGGACAGCATCCAAT', 'CCTGCTGAGTCGTGAAGCTCCGGCAGTGCATTCGCGTAGACGAGCGAGGTTCAGGAAGTT', 'ACACTTCACTACGGTCGCTTTATCAAGCTGAGACGTCTTCGGATTATATCTCGACATCGT', 'TATAGGAACCTCTCTGTAGACGGAGGAGGATGTATACATGAACAGGTTGACGCGTTACTT'};
