accuracy = 1e-08;
init_random = 42;
name = 'LocalAlignmentString';
data_type = '';
km_train = [62.363, 53.129, 53.756, 54.383, 53.247, 53.35, 53.78, 53.487, 53.112, 53.468, 53.28;53.129, 62.78, 54.198, 54.673, 53.433, 54.288, 54.835, 54.586, 52.333, 53.643, 54.426;53.756, 54.198, 64.05, 54.319, 52.593, 53.338, 54.766, 54.357, 52.787, 52.78, 54.27;54.383, 54.673, 54.319, 64.546, 51.606, 54.528, 56.022, 54.683, 53.562, 52.806, 54.565;53.247, 53.433, 52.593, 51.606, 61.314, 52.397, 52.043, 52.57, 53.38, 53.04, 53.05;53.35, 54.288, 53.338, 54.528, 52.397, 62.221, 53.112, 54.345, 52.636, 51.458, 53.763;53.78, 54.835, 54.766, 56.022, 52.043, 53.112, 63.968, 54.414, 52.607, 53.893, 54.592;53.487, 54.586, 54.357, 54.683, 52.57, 54.345, 54.414, 63.929, 53.708, 52.763, 53.329;53.112, 52.333, 52.787, 53.562, 53.38, 52.636, 52.607, 53.708, 60.569, 52.5, 52.982;53.468, 53.643, 52.78, 52.806, 53.04, 51.458, 53.893, 52.763, 52.5, 61.832, 53.111;53.28, 54.426, 54.27, 54.565, 53.05, 53.763, 54.592, 53.329, 52.982, 53.111, 63.408];
data_train = {'CACTGTTGGGCAGCTTCGAAAGCTCCACGCCGGACCATGGTTGTATCTATGTGTAGGTAG', 'TGCCGAGCCTTGCGAATGCAGGTACAGTGCATCGACAATTCTCGCGTGGCTCTCGCTATT', 'ACCTTAGAGCGGATAATAGGGGATCCCATGGTGGCGTCGTGCCCGCTTCTGCTAGGGCCG', 'TCCCGTCCGGACACCCGAGTTACCTTGTCTGCGTCCGGCACTACCAAAGTATGCAAGTAT', 'TTGGGAATAGTGGCTGACAGCTTCAGCAAGGTTAATATTTGAACCTCGGGGTGTCGGTCT', 'AGCCGCCCAATTTGCTATCTTCTTAGTGTATGCTGAACCGATGTTCGCGTTGTAGTACGG', 'CTTTCACGACGCAAAGAAACGAGACCTACGTGTCCCTGCCGCAGAAATACCGCTTACGTT', 'ACGGAACAACGTCTGTTTTCAGGCATGGGTCGTTCCTCCACCATTTCCGTTCTTTTAAGC', 'TTGGTTAATAGAGCTGCTTTCACTAAGTGAGTTCGGTCTCGCCATATATGAGAGAATAAT', 'CAGGATGGAGAAGGCCACGTGCAGAGTACAGGCACCTAGAAGAGATGATCTTAACCCTTG', 'TTTCCGTGAGGTTTGCGTCTTGTACTCGCGTGTCTCATCTGCTAGGGATGCCCAGCACGG'};
feature_class = 'string';
seqlen = 60;
data_test = {'GTGCAGAAAAATTTAAGTGCACGATCGTGTTCCCACATTCTAGGTCGGACCTGTGCTGCG', 'GCGCTCGTCAGCTTCCCCTTCACCTATGGCGGTCCGACTACCGAGAAGCTACACTTAGGA'};
km_test = [53.02, 54.43;54.184, 54.443;54.191, 53.513;52.866, 57.092;53.315, 52.032;53.281, 55.054;54.256, 55.204;54.757, 55.064;52.579, 53.672;53.303, 53.419;54.754, 54.572];
alphabet = 'DNA';
data_class = 'dna';
feature_type = 'Char';
