accuracy = 1e-08;
init_random = 42;
name = 'LocalAlignmentString';
data_type = '';
km_train = [60.396, 53.774, 53.125, 52.88, 53.005, 52.626, 52.59, 51.695, 52.368, 52.022, 52.803;53.774, 61.741, 53.248, 53.353, 54.02, 53.357, 53.693, 52.448, 52.923, 52.647, 55.416;53.125, 53.248, 62.586, 54.367, 54.282, 53.144, 54.938, 54.289, 54.448, 53.754, 54.015;52.88, 53.353, 54.367, 65.162, 55.066, 54.326, 54.142, 54.947, 53.347, 55.04, 55.022;53.005, 54.02, 54.282, 55.066, 62.906, 53.227, 53.394, 53.783, 53.384, 54.07, 54.387;52.626, 53.357, 53.144, 54.326, 53.227, 63.067, 54.354, 54.009, 52.335, 53.058, 54.38;52.59, 53.693, 54.938, 54.142, 53.394, 54.354, 63.812, 53.977, 52.455, 54.78, 56.578;51.695, 52.448, 54.289, 54.947, 53.783, 54.009, 53.977, 63.714, 52.837, 55.967, 53.564;52.368, 52.923, 54.448, 53.347, 53.384, 52.335, 52.455, 52.837, 61.545, 52.825, 53.311;52.022, 52.647, 53.754, 55.04, 54.07, 53.058, 54.78, 55.967, 52.825, 63.061, 53.493;52.803, 55.416, 54.015, 55.022, 54.387, 54.38, 56.578, 53.564, 53.311, 53.493, 64.336];
data_train = {'TGCCGGCTATGGGCTATATGCTCAGAGAGAATGGATATGAAGATATTCGAGGGTAACGGC', 'CGAAGCAAAACGGACCACCTTAGGGCGTGTAGGAGGACTGATTAGCCAGGTAGTGAACGC', 'TTGAGGCTATTTCTGGTGGCCCGAGGATGCAAGCTGTCCGACCAGAAAGTGGTCCGGTCA', 'GTCTTCGCTAGATCGGCGCCAGCTCGCTTATGAGAACATCCGAGCGGACCCCCGCAGCAT', 'ATCGTGGCTGGAAACGAAAACTGCCCGAGGGACCCGTGGCATGACGGGACCGTGAGACAT', 'GCGTTTACCCTACCCTTATCCTAGCTATATCACAAAGCCTAGTGTGGACGATCGATAAAC', 'GGGGGACTCTACGTCCCCGAACGAAGAATGTACAGGTTCCCACTCATTACGTAACGTTCA', 'GTACTTACGGTAGCACGATTCGGGTCGCCACACAAGCACCCGGAAGATTTTTCTCTACAA', 'TTGGAAATTCCGATGGTGGCTGTCGGACCTCTGTTGGTAGCGTCTAAGATGTGGGCCATG', 'ACACTGTCGATGTCAGCGAAGAGCTGGAGACCTTCAACCCGGTCATCTTCATTACCAACA', 'GGGGAACCGGCACCCCGAAGCATCGTTGGATGGCAGATCGCGCCCGAGTCAAAGGAAGCT'};
feature_class = 'string';
seqlen = 60;
data_test = {'ATAGAACTTATACAGGGGCAACCGTTATTCCATATATATTGTATCACGTGACCCCAATCA', 'TGTGGGTACGTTGAATCATAGGACAGCATCCAATCCTGCTGAGTCGTGAAGCTCCGGCAG'};
km_test = [51.842, 52.421;52.454, 52.203;53.554, 54.572;55.329, 54.596;52.888, 54.215;53.383, 53.376;53.61, 53.612;53.469, 54.171;53.289, 53.755;54.058, 53.942;52.882, 53.442];
alphabet = 'DNA';
data_class = 'dna';
feature_type = 'Char';
