init_random = 42;
data_type = '';
km_train = [1, 4.10020911e-05, 0.000328016729, 0, 0.000138382057, 0.00682172291, 0.000138382057, 5.12526139e-06, 4.10020911e-05, 5.12526139e-06, 5.12526139e-06;4.10020911e-05, 1, 0.00885645168, 0.000328016729, 0.00262413383, 0.000328016729, 0.000640657674, 0.00175796466, 0.000328016729, 0.000138382057, 0.000328016729;0.000328016729, 0.00885645168, 1, 0, 4.10020911e-05, 0.00682172291, 0.000640657674, 0, 0.000138382057, 4.10020911e-05, 4.10020911e-05;0, 0.000328016729, 0, 1, 0.000640657674, 0, 0.00110705646, 0.00373631555, 0.00885645168, 0.0298905244, 0.000640657674;0.000138382057, 0.00262413383, 4.10020911e-05, 0.000640657674, 1, 0.000640657674, 0.000640657674, 0.00262413383, 0.000640657674, 0.000138382057, 0.00682172291;0.00682172291, 0.000328016729, 0.00682172291, 0, 0.000640657674, 1, 0.000138382057, 0, 0.000138382057, 4.10020911e-05, 0.000138382057;0.000138382057, 0.000640657674, 0.000640657674, 0.00110705646, 0.000640657674, 0.000138382057, 1, 0.000138382057, 0.000328016729, 0.00262413383, 4.10020911e-05;5.12526139e-06, 0.00175796466, 0, 0.00373631555, 0.00262413383, 0, 0.000138382057, 1, 0.00110705646, 0.000640657674, 0.0112601993;4.10020911e-05, 0.000328016729, 0.000138382057, 0.00885645168, 0.000640657674, 0.000138382057, 0.000328016729, 0.00110705646, 1, 0.00682172291, 5.12526139e-06;5.12526139e-06, 0.000138382057, 4.10020911e-05, 0.0298905244, 0.000138382057, 4.10020911e-05, 0.00262413383, 0.000640657674, 0.00682172291, 1, 0.000138382057;5.12526139e-06, 0.000328016729, 4.10020911e-05, 0.000640657674, 0.00682172291, 0.000138382057, 4.10020911e-05, 0.0112601993, 5.12526139e-06, 0.000138382057, 1];
seqlen = 60;
data_test = {'AGGTACGAGCAAAGCAACCAGGAGTATGATAACCAGCAGTCTACTGGCTATGGTACAATT', 'GCCTGGCTGCGCATAGCCCTCAGAAAACCATATGATCCCGCAAGAACTCCTAGTTACATT'};
gap = 0;
feature_obtain = 'Char';
feature_type = 'Word';
reverse = 'False';
name = 'MatchWordString';
data_train = {'TCTCCTGCACAGTAGATAATCCAGTGTTTAGTAAGCTGATTTTGCTGTTGACTTTTGCGG', 'AGTTTCTACGTGCCTATCGAGGTTGCTCATTGTACGTCGTAAACGACCGGAACTATCGGG', 'GTCGCCCCCCGGTGTCAGCTAGCGGGCAGAACTTTTAAGTTGCCTTATTCTATATGTCCC', 'ATCTATGGCGAGGAGGAGCCAACGACCTTGGGTTCGCCTGAGCAAAGAAGAGCTACTATG', 'GGCAAAGGGTCCCTTGTTACTGACCATTTCACCCGGATGCGACCCCGGTCAGCTCATCTT', 'ACTAAGGTTTTTTCCAGTTTAGCGCGTTGACGTCCTTCCATTATAACCCTGTCCGATGAC', 'AGGAGACTAACTCAAATCAAAAGCGCGCATCCTTTAATGTCGTATTTTGAATCCTGGAAT', 'AGCGCGCCCGAGACATGGCAAATTGTGCCTCACTGCGAGGTTCACGGTCAATGGTGTAAT', 'AGCCCGAGTAACTACTGGGAACTTTAGGCCACACAAGCATTTCGCACGGTGGCAGCGCGA', 'GTGTACTTTCGATAATGCGCCAAGAGCAATGATCTACCGCACTCCAAAGGTACAGCGAGG', 'CTACTGAGGAGTAGCTCAATTCCTTAATATACTGCTCAGCGAGGTGATGAGTTAACCCCT'};
feature_class = 'string_complex';
kernel_arg0_degree = 3;
km_test = [0, 0;0.000138382057, 0.000138382057;0, 0;0.00373631555, 0.00175796466;5.12526139e-06, 5.12526139e-06;0, 0;0.000640657674, 0.00110705646;5.12526139e-06, 5.12526139e-06;0.00262413383, 0.000138382057;0.0209930706, 0.00373631555;0, 0.000138382057];
alphabet = 'DNA';
accuracy = 1e-08;
order = 3;
data_class = 'dna';
