kernel_alphabet = 'DNA';
kernel_data_train = {'CCCATATAAGGCGCGGCTGCTTGATAACGTGTAAGTGAAACATGGAAGTGTTAAGCCCCT', 'ACGGGTTGACGTTGGAAAACCGGGCCTATCGAACGCGCCTTGAATATCTCCGTTGTGTTC', 'GGGTCACACTGTATGAGTAGTAGCCGATACGCCTTTGTTCCACTGGAACTCTAGGTAAAT', 'AAGGTTGTGCTGCGCAGTGATACCACGTTTCGTCTCCGGGCGTTAAGCACTTCCGAGACC', 'GGCACGAAGTCCTTCTGTCTTCTCACTGGGACGTACAACGAATTCGCTGTAGGCCGGAGA', 'AGCCCGCTCGCGGCCCAAGTCCAATGACTACGGCTAGAGTCGTAGTGAACAGAACCGGAA', 'ACAGATCCTGGTCTCTCCGAACGTGTGAAGCACGCTGGTCGTGTCGATTTGAATCCGCGC', 'GTACCTCCGCTTGGAGGCATCGACTCGACTGTTTTATAAACGCACCTCACCGCCCCTATG', 'ATTGCGCATTATGACCTTAGTTAGTCCTATCAAAAGATGCCGCATCAGGCTGGCTCGCGA', 'ATCCGGAATGCTGAACTAATAGAGCAGGGGGGGGGGAACTTGCATTATCCGGTACCCGCC', 'CGGGACAACAGTATAGGTACACTTGGTCATCAAGGCGTTGTTCCCACCAACGTGCCAATC'};
kernel_arg0_size = 10;
init_random = 42;
kernel_feature_type = 'Char';
kernel_accuracy = 1e-09;
kernel_arg1_k = 3;
kernel_matrix_train = [1, 0.00108198783, 0.0266498948, 0.03622623, 0.0298293193, 0.0119637031, 5.08695128e-07, 0.0598639746, 0.00949782633, 0.0190192117, 0.0191552044;0.00108198783, 1, 0.019169625, 0.0341712496, 0.00321507152, 0.00109359647, 0.0180869516, 0.0429421176, 0.0358874759, 0.0660359435, 0.060758779;0.0266498948, 0.019169625, 1, 0.0430523785, 0.00428339156, 0.0440679544, 0.00862901014, 0.0275037596, 0.0459273493, 0.0192322509, 0.0970120034;0.03622623, 0.0341712496, 0.0430523785, 1, 0.0366019791, 0.0215624922, 0.0117752774, 0.0339687361, 6.65112326e-05, 0.0343879118, 0.0011386471;0.0298293193, 0.00321507152, 0.00428339156, 0.0366019791, 1, 0.0365813519, 0.0536153581, 0.0138335273, 0.0171947666, 0.067830805, 0.010819327;0.0119637031, 0.00109359647, 0.0440679544, 0.0215624922, 0.0365813519, 1, 0.0696738716, 0.026547908, 0.0427042774, 0.0323644549, 0.00968048958;5.08695128e-07, 0.0180869516, 0.00862901014, 0.0117752774, 0.0536153581, 0.0696738716, 1, 0.016977485, 0.0351023124, 0.0242168026, 3.39080997e-05;0.0598639746, 0.0429421176, 0.0275037596, 0.0339687361, 0.0138335273, 0.026547908, 0.016977485, 1, 0.0346931862, 0.041751281, 0.0212306317;0.00949782633, 0.0358874759, 0.0459273493, 6.65112326e-05, 0.0171947666, 0.0427042774, 0.0351023124, 0.0346931862, 1, 0.0582713828, 0.0544991111;0.0190192117, 0.0660359435, 0.0192322509, 0.0343879118, 0.067830805, 0.0323644549, 0.0242168026, 0.041751281, 0.0582713828, 1, 0.00204482886;0.0191552044, 0.060758779, 0.0970120034, 0.0011386471, 0.010819327, 0.00968048958, 3.39080997e-05, 0.0212306317, 0.0544991111, 0.00204482886, 1];
kernel_name = 'OligoString';
kernel_seqlen = 60;
kernel_arg2_width = 1.2;
kernel_feature_class = 'string';
kernel_matrix_test = [0.0427125287, 0.0522892664, 0.0446101034, 0.00325279447, 0.00732506747, 0.0674461295, 0.0190823932, 0.0422712891, 0.102676858, 0.0498841885, 0.036753315, 0.0263245729, 0.0455566349, 0.038435905, 0.0181621176, 0.0117206357, 0.0202728485;0.018229951, 0.0170848616, 0.0521008053, 0.0350103324, 0.0586535673, 0.00859141175, 0.00962824692, 0.0031877462, 0.0373737771, 0.0944864828, 0.026293342, 0.0115570143, 0.00108502435, 0.0278303641, 0.093842232, 0.0414980076, 0.0212860818;8.61218076e-17, 0.0279324853, 0.026870325, 0.112113997, 0.0359435682, 0.00960100192, 0.0459052591, 0.0779295479, 0.0178766384, 0.034595242, 0.00949904094, 0.0190845515, 0.00958768777, 0.0624045839, 0.0258535381, 0.0709622693, 0.017193538;0.0366934117, 0.00970511277, 0.0300837757, 0.06845439, 0.0761923605, 0.0693711561, 0.00112911675, 0.0118897489, 0.052376744, 0.0180342117, 0.0371029878, 0.0116480593, 0.0533624221, 0.0344704494, 0.0107866101, 0.00983733093, 0.00107005528;0.00870907256, 0.0549016048, 0.0257995042, 0.00863504681, 0.0180206886, 0.0373314767, 0.0182233681, 0.0524323295, 0.0943970534, 0.0168706659, 0.0180196763, 0.0539711757, 0.0801098547, 0.0549383497, 0.0388352623, 0.0473391892, 0.0956344206;0.0376545876, 0.0785846646, 0.0440199613, 0.0619576938, 0.0856818211, 0.00215425844, 0.0277352932, 0.0288518903, 0.0378274216, 0.0348624619, 0.0687913199, 0.0190729428, 0.034287778, 0.0539131303, 0.0151409037, 0.0183052192, 0.00110278458;0.0301430856, 0.0182823097, 0.017189251, 0.0117749221, 0.00111354096, 0.0212107982, 0.0692341418, 0.0404262272, 0.0187635931, 0.0595743409, 0.0505863083, 6.53561294e-05, 0.0425754104, 0.0375941045, 0.0452082503, 0.0430950048, 0.04606114;0.0106062478, 0.00223678517, 0.0602542928, 0.05998084, 0.0447845878, 0.0598117725, 0.0368269359, 0.00427741847, 0.019670438, 0.0660756187, 0.0624596953, 0.0333002765, 0.0756661074, 6.54509176e-05, 0.0169843586, 0.00848887248, 0.0285467779;0.0438339511, 0.0800851819, 0.0468692451, 0.033910514, 0.0283821821, 0.0126525638, 0.0625180704, 0.038167398, 0.0438087334, 0.00420617318, 0.0462064606, 0.0598325683, 0.0508693395, 0.0257303881, 0.0438203535, 0.010684689, 0.0170997545;0.0353638703, 0.0333355374, 0.0413434978, 0.00499121148, 0.000989112606, 7.18790358e-07, 0.0611632739, 0.0241126621, 0.0975774945, 0.0246117862, 0.0258548523, 0.0329512435, 0.0260471036, 0.058844031, 0.0323736352, 0.0414227127, 0.0495766245;0.0183442319, 0.00107071985, 0.0171607361, 0.0341740412, 0.03807545, 0.0138201278, 0.0342299549, 0.0394535138, 0.0251321751, 0.0692726955, 0.0391616788, 0.0350271554, 0.0213209714, 0.0882944834, 0.0268960601, 0.00220869766, 0.0451608274];
kernel_data_test = {'TGAGCCGTTTAAACCGGTTATCCTATGTTGAACATCTGACCCGAGCTTAAGTCCACCCGC', 'ACTCTGCAGGGTGATGCGGACCCAAACTACCTAAATGACAATCGCGCCGAGTATACGGAT', 'TATGTATATGCATGCCTCATCCATAGTATCGCGCATATACTATCCGCCGCATTCGGGCTA', 'GTGTCCTCGATGCCGAGGATCCCGTACATCGCTGTAGTGATCACGTCCGCTTCATAAAAT', 'GTACTTGATCGGGGGACGCCACTCGGATCTAACCTAGATTCAGAAGTTGGTGCTAAGACC', 'GTACAGGCAGGACCTTGTGTACGGACCCCGTGTTCCATAGCTCTCCGTGTTTCCATTGCA', 'TATCCTACTGTTAACCCTAGAACTAGGAGTGAGGAAAACCCTGTGACTAACCCACGCGGG', 'AGACGACAACTCCGGTTTTAGTGTACTCGAGTCAATGAATTACTGTCGGTCACTCCGAAC', 'GGTTCGAAACACGCGCAAAAGTCCTAAGGGGACATTCACACGTCAAAATATGGCGCCCTC', 'CCAAAGCTGAGGGGGAGCGATCGTTGATGGTAAGTCGCGTAGTCCATCCCCGTCGGCATG', 'GATGTTTTATATCGATACTGACAGTGACTAGCTTCGGCCGATAACACCGTTATCCCCTCG', 'ATTCGGGGGAGCCTACAACTCGAGTCTTGCGTACCCTCCGAAGCCAGTTAGTCTTACAAT', 'TAGGCGTAAACCCGTCCTTACTACCAACTTTAATGCACCATATTCGGACGGGCCCCGTGG', 'GGGATACAATCTCCCGTCCTACCACATGTGGGTACGTTGAATCATAGGACAGCATCCAAT', 'CCTGCTGAGTCGTGAAGCTCCGGCAGTGCATTCGCGTAGACGAGCGAGGTTCAGGAAGTT', 'ACACTTCACTACGGTCGCTTTATCAAGCTGAGACGTCTTCGGATTATATCTCGACATCGT', 'TATAGGAACCTCTCTGTAGACGGAGGAGGATGTATACATGAACAGGTTGACGCGTTACTT'};
