kernel_alphabet = 'DNA';
kernel_data_train = {'TTGCCCCAGCGCCATGAGTTGAGTGTCATGACTAACTTGGCATACGAGGGACGTATGTAC', 'ACTAGAGAACTAAATGGGAGACGGAATGAATTTCCAGAAAGCGTGCTCATAGCGGAGTCC', 'CTGTAAAAGTCTATATATACCCGTGGAGCTCGACCCCATATAAGGCGCGGCTGCTTGATA', 'ACGTGTAAGTGAAACATGGAAGTGTTAAGCCCCTACGGGTTGACGTTGGAAAACCGGGCC', 'TATCGAACGCGCCTTGAATATCTCCGTTGTGTTCGGGTCACACTGTATGAGTAGTAGCCG', 'ATACGCCTTTGTTCCACTGGAACTCTAGGTAAATAAGGTTGTGCTGCGCAGTGATACCAC', 'GTTTCGTCTCCGGGCGTTAAGCACTTCCGAGACCGGCACGAAGTCCTTCTGTCTTCTCAC', 'TGGGACGTACAACGAATTCGCTGTAGGCCGGAGAAGCCCGCTCGCGGCCCAAGTCCAATG', 'ACTACGGCTAGAGTCGTAGTGAACAGAACCGGAAACAGATCCTGGTCTCTCCGAACGTGT', 'GAAGCACGCTGGTCGTGTCGATTTGAATCCGCGCGTACCTCCGCTTGGAGGCATCGACTC', 'GACTGTTTTATAAACGCACCTCACCGCCCCTATGATTGCGCATTATGACCTTAGTTAGTC'};
kernel_arg0_size = 10;
init_random = 42;
kernel_feature_type = 'Char';
kernel_accuracy = 1e-09;
kernel_arg1_k = 3;
kernel_matrix_train = [1, 0.0414562894, 0.0314117351, 0.0980793513, 0.0995016834, 0.041018893, 0.0224253178, 0.00997763965, 0.0570603279, 0.0257615919, 0.0574272796;0.0414562894, 1, 0.030039518, 0.0600189583, 0.0415656149, 0.0507063811, 0.0106455454, 0.0161790694, 0.103246671, 0.0432067884, 0.08615928;0.0314117351, 0.030039518, 1, 0.0805714896, 0.0247809484, 0.0408000082, 0.0687362294, 0.04001503, 0.0042129984, 0.0164967421, 0.0353268979;0.0980793513, 0.0600189583, 0.0805714896, 1, 0.0449067473, 0.091907529, 0.0260664679, 0.0394376988, 0.0262926761, 0.047745007, 0.0699819493;0.0995016834, 0.0415656149, 0.0247809484, 0.0449067473, 1, 0.0655438756, 0.0433123309, 0.0435413417, 0.0168667636, 0.0440523863, 0.0964701103;0.041018893, 0.0507063811, 0.0408000082, 0.091907529, 0.0655438756, 1, 0.0318560555, 0.0627099476, 0.0697278135, 0.0249420977, 0.0359511505;0.0224253178, 0.0106455454, 0.0687362294, 0.0260664679, 0.0433123309, 0.0318560555, 1, 0.050563999, 0.0596901462, 0.0444883476, 0.0250630844;0.00997763965, 0.0161790694, 0.04001503, 0.0394376988, 0.0435413417, 0.0627099476, 0.050563999, 1, 0.0703196631, 0.0743289574, 0.063016209;0.0570603279, 0.103246671, 0.0042129984, 0.0262926761, 0.0168667636, 0.0697278135, 0.0596901462, 0.0703196631, 1, 0.119352708, 0.014163435;0.0257615919, 0.0432067884, 0.0164967421, 0.047745007, 0.0440523863, 0.0249420977, 0.0444883476, 0.0743289574, 0.119352708, 1, 0.00282083714;0.0574272796, 0.08615928, 0.0353268979, 0.0699819493, 0.0964701103, 0.0359511505, 0.0250630844, 0.063016209, 0.014163435, 0.00282083714, 1];
kernel_name = 'OligoString';
kernel_seqlen = 60;
kernel_arg2_width = 1.2;
kernel_feature_class = 'string';
kernel_matrix_test = [0.010523521, 0.0135229492, 0.0343273896, 0.0931131761, 0.0231227897, 0.0516235435, 0.118826812, 0.0994049177, 0.0420579865, 0.0597106364, 0.0354445953, 0.0435735495, 0.066232327, 0.0194356777, 0.0887986791, 0.036615528, 0.0202259118;0.0672043095, 0.0261857544, 0.0232482708, 0.0490319413, 0.0541491384, 0.0181867452, 0.0031917602, 0.0347583263, 0.0217541798, 0.0868238459, 0.0649717624, 0.101489008, 0.029929002, 0.0899744296, 0.0111530742, 0.0767228, 0.0735289427;0.125580103, 0.0362351719, 0.0485550611, 0.0347966108, 0.103405235, 0.0688277678, 0.0234763072, 0.0880008373, 0.0325225015, 0.0169726512, 0.0681366258, 0.0706870208, 0.0990128098, 0.0917290078, 0.0254066123, 0.0888555234, 0.0584766312;0.035838246, 0.0776553735, 0.0361990707, 0.0658946018, 0.0427728771, 0.0230241442, 0.0796425875, 0.0777251091, 0.0977668182, 0.046558817, 0.110106072, 0.0950817301, 0.0663282315, 0.0933768623, 0.0539181996, 0.0588765249, 0.147059534;0.0907498777, 0.164580267, 0.056457821, 0.051403774, 0.0218751513, 0.10492394, 0.0406205297, 0.0638530086, 0.0702892439, 0.0830342604, 0.0636923032, 0.0241599281, 0.093984586, 0.0423505096, 0.0101014316, 0.060050423, 0.0553441109;0.0698098995, 0.00803886816, 0.0552054974, 0.0259561054, 0.066423683, 0.0610684701, 0.109969647, 0.07929433, 0.0244553966, 0.0266820272, 0.104629357, 0.0335880616, 0.0340647194, 0.0145785415, 0.104801033, 0.0740759951, 0.0466980916;0.0200435547, 0.0469141319, 0.010501036, 0.0684641497, 0.00185352064, 0.0373979529, 0.0656155021, 0.122210322, 0.0568742797, 0.0466922761, 0.0975862962, 0.018547039, 0.0175929591, 0.0573952073, 0.0581675205, 0.0553151405, 0.0383308442;0.0555451571, 0.0813644101, 0.0653306605, 0.0500233798, 0.133037416, 0.0924298956, 0.0529866089, 0.0115697542, 0.0336176548, 0.0493878891, 0.0919824884, 0.110179354, 0.0339956084, 0.04030129, 0.0761495145, 0.121602257, 0.113159518;0.0451328026, 0.0274518919, 0.0243847746, 0.0388747903, 0.0895580685, 0.0371990608, 0.0473634923, 0.111459896, 0.0620839614, 0.0744756398, 0.0381211253, 0.063557787, 0.0410946772, 0.0470254578, 0.0265937673, 0.0783975026, 0.0604262391;0.0627989201, 0.0594665361, 0.0249859018, 0.0634346499, 0.0488979921, 0.0977822675, 0.0778093522, 0.0696334969, 0.0484225816, 0.0557417423, 0.0627253139, 0.0912336428, 0.0325141697, 0.0748112853, 0.00298805837, 0.0358179468, 0.0377246352;0.0737270267, 0.0578435329, 0.0826708104, 0.0539116981, 0.0693051092, 0.0661020279, 0.0476955376, 0.0448821653, 0.105625082, 0.0872639717, 0.0234441105, 0.0411353663, 0.0938362754, 0.163683937, 0.0677567414, 0.0959352331, 0.0330285765];
kernel_data_test = {'CTATCAAAAGATGCCGCATCAGGCTGGCTCGCGAATCCGGAATGCTGAACTAATAGAGCA', 'GGGGGGGGGGAACTTGCATTATCCGGTACCCGCCCGGGACAACAGTATAGGTACACTTGG', 'TCATCAAGGCGTTGTTCCCACCAACGTGCCAATCTGAGCCGTTTAAACCGGTTATCCTAT', 'GTTGAACATCTGACCCGAGCTTAAGTCCACCCGCACTCTGCAGGGTGATGCGGACCCAAA', 'CTACCTAAATGACAATCGCGCCGAGTATACGGATTATGTATATGCATGCCTCATCCATAG', 'TATCGCGCATATACTATCCGCCGCATTCGGGCTAGTGTCCTCGATGCCGAGGATCCCGTA', 'CATCGCTGTAGTGATCACGTCCGCTTCATAAAATGTACTTGATCGGGGGACGCCACTCGG', 'ATCTAACCTAGATTCAGAAGTTGGTGCTAAGACCGTACAGGCAGGACCTTGTGTACGGAC', 'CCCGTGTTCCATAGCTCTCCGTGTTTCCATTGCATATCCTACTGTTAACCCTAGAACTAG', 'GAGTGAGGAAAACCCTGTGACTAACCCACGCGGGAGACGACAACTCCGGTTTTAGTGTAC', 'TCGAGTCAATGAATTACTGTCGGTCACTCCGAACGGTTCGAAACACGCGCAAAAGTCCTA', 'AGGGGACATTCACACGTCAAAATATGGCGCCCTCCCAAAGCTGAGGGGGAGCGATCGTTG', 'ATGGTAAGTCGCGTAGTCCATCCCCGTCGGCATGGATGTTTTATATCGATACTGACAGTG', 'ACTAGCTTCGGCCGATAACACCGTTATCCCCTCGATTCGGGGGAGCCTACAACTCGAGTC', 'TTGCGTACCCTCCGAAGCCAGTTAGTCTTACAATTAGGCGTAAACCCGTCCTTACTACCA', 'ACTTTAATGCACCATATTCGGACGGGCCCCGTGGGGGATACAATCTCCCGTCCTACCACA', 'TGTGGGTACGTTGAATCATAGGACAGCATCCAATCCTGCTGAGTCGTGAAGCTCCGGCAG'};
