kernel_alphabet = 'DNA';
kernel_data_train = {'TTGCCCCAGCGCCATGAGTTGAGTGTCATGACTAACTTGGCATACGAGGGACGTATGTAC', 'ACTAGAGAACTAAATGGGAGACGGAATGAATTTCCAGAAAGCGTGCTCATAGCGGAGTCC', 'CTGTAAAAGTCTATATATACCCGTGGAGCTCGACCCCATATAAGGCGCGGCTGCTTGATA', 'ACGTGTAAGTGAAACATGGAAGTGTTAAGCCCCTACGGGTTGACGTTGGAAAACCGGGCC', 'TATCGAACGCGCCTTGAATATCTCCGTTGTGTTCGGGTCACACTGTATGAGTAGTAGCCG', 'ATACGCCTTTGTTCCACTGGAACTCTAGGTAAATAAGGTTGTGCTGCGCAGTGATACCAC', 'GTTTCGTCTCCGGGCGTTAAGCACTTCCGAGACCGGCACGAAGTCCTTCTGTCTTCTCAC', 'TGGGACGTACAACGAATTCGCTGTAGGCCGGAGAAGCCCGCTCGCGGCCCAAGTCCAATG', 'ACTACGGCTAGAGTCGTAGTGAACAGAACCGGAAACAGATCCTGGTCTCTCCGAACGTGT', 'GAAGCACGCTGGTCGTGTCGATTTGAATCCGCGCGTACCTCCGCTTGGAGGCATCGACTC', 'GACTGTTTTATAAACGCACCTCACCGCCCCTATGATTGCGCATTATGACCTTAGTTAGTC'};
kernel_arg0_size = 10;
init_random = 42;
kernel_feature_type = 'Char';
kernel_accuracy = 1e-09;
kernel_arg1_k = 4;
kernel_matrix_train = [1, 0.00973035283, 0.00161752549, 0.039995524, 0.0352647326, 8.80103391e-05, 0.00175471441, 6.983812e-68, 0.00373928829, 0.0112916189, 0.0191228972;0.00973035283, 1, 0.000445635469, 0.0101684291, 0.0101642026, 0.0211174314, 1.30069956e-05, 0.00589693872, 0.0330237953, 0.0242131338, 0.0325989671;0.00161752549, 0.000445635469, 1, 0.0375630233, 0.00940779615, 0.018083948, 0.0192290003, 0.0140261751, 0.00160271802, 8.60210815e-05, 0.0144137656;0.039995524, 0.0101684291, 0.0375630233, 1, 0.0197690009, 0.0605875815, 5.73665775e-06, 0.00170699254, 0.00462294728, 0.0299955841, 0.0365271609;0.0352647326, 0.0101642026, 0.00940779615, 0.0197690009, 1, 0.00191469386, 0.00471421654, 0.0100916888, 0.000436974803, 0.0152904804, 0.0382216546;8.80103391e-05, 0.0211174314, 0.018083948, 0.0605875815, 0.00191469386, 1, 1.30208354e-05, 0.00974135786, 0.0300725368, 0.00462463592, 9.20444411e-05;0.00175471441, 1.30069956e-05, 0.0192290003, 5.73665775e-06, 0.00471421654, 1.30208354e-05, 1, 0.0101981692, 0.00505456223, 0.00964433641, 0.00376633905;6.983812e-68, 0.00589693872, 0.0140261751, 0.00170699254, 0.0100916888, 0.00974135786, 0.0101981692, 1, 0.03000859, 0.00924573588, 0.0101471107;0.00373928829, 0.0330237953, 0.00160271802, 0.00462294728, 0.000436974803, 0.0300725368, 0.00505456223, 0.03000859, 1, 0.0329543432, 0.00043796477;0.0112916189, 0.0242131338, 8.60210815e-05, 0.0299955841, 0.0152904804, 0.00462463592, 0.00964433641, 0.00924573588, 0.0329543432, 1, 0.000452222098;0.0191228972, 0.0325989671, 0.0144137656, 0.0365271609, 0.0382216546, 9.20444411e-05, 0.00376633905, 0.0101471107, 0.00043796477, 0.000452222098, 1];
kernel_name = 'Oligo';
kernel_seqlen = 60;
kernel_arg2_width = 1.7;
kernel_feature_class = 'string';
kernel_matrix_test = [7.183641e-09, 7.75043675e-05, 1.30096189e-05, 0.00510960933, 0.0118364793, 0.0113893417, 0.0811689034, 0.0387560277, 0.014401104, 0.0350710424, 0.0102652642, 0.0241008871, 0.00176778158, 1.28240553e-05, 0.0222822395, 0.0189107884, 2.87202659e-06;0.0171994038, 0.0165089202, 1.83234133e-20, 0.024127277, 0.00510101172, 0.00165772729, 1.28069791e-05, 0.00484311237, 3.89950324e-05, 6.55456872e-10, 0.0245576079, 0.0447745359, 2.81777686e-13, 0.0643029228, 0.00932470661, 0.0344098455, 0.0064258414;0.0587762742, 0.00857717801, 0.00453215135, 0.00632233569, 0.0358718009, 0.0173999643, 0.00084915883, 0.0163758949, 0.0221450852, 0.00207670595, 0.0281005848, 0.0144922655, 0.058132243, 0.0354867961, 2.52735807e-05, 0.028977328, 1.26310232e-05;1.17528793e-07, 0.0171683843, 0.00202052737, 0.0081097953, 0.000175852839, 1.4275483e-06, 0.0387279727, 0.0291754465, 0.0611879399, 0.015122172, 0.0470967376, 0.032204382, 0.0454312198, 0.0453537025, 0.00511393044, 0.009201016, 0.0272845798;0.0149799521, 0.0695877046, 1.13279563e-11, 0.0150194384, 0.000465318618, 0.0399734785, 0.0216833975, 8.86670324e-05, 0.0317702054, 0.0196321711, 0.0169194262, 0.00334276272, 0.0271349927, 0.0141009172, 1.16674182e-07, 0.00206185256, 0.0138778462;0.030251435, 0.00412305248, 0.0203484879, 0.00193392894, 7.47008711e-17, 1.29679555e-05, 0.0342854093, 0.00010095576, 0.00177756909, 0.00166822957, 0.0592435347, 0.00460091334, 0.00258241353, 3.50582946e-23, 0.0302893498, 0.0451985121, 0.00179006982;0.00167839458, 0.014568269, 0.00133218958, 0.00800632322, 0.000263795623, 0.000176900156, 0.0173703839, 0.0627117098, 0.0175696843, 0.0160323529, 0.0417104141, 7.09525023e-09, 0.0048461163, 0.00166913778, 0.0229283583, 2.56563779e-05, 0.0180689696;0.00632735052, 0.00343074456, 0.00974134538, 0.0152834444, 0.0470271161, 0.0150862489, 0.00460050802, 0.00166530668, 2.39775136e-30, 0.00942740309, 0.0449011378, 0.0314957882, 8.82055117e-05, 0.000437588252, 0.0374705011, 0.0540847307, 0.045121603;0.00174003314, 0.000478841068, 1.10389213e-11, 3.36020297e-10, 0.0323038196, 0.0112435764, 0.00456034677, 0.0460423308, 0.024236966, 0.0218196756, 0.000533935916, 7.29900522e-17, 0.0193720731, 0.0192580907, 8.74381028e-05, 0.0127557156, 0.0285161367;0.0286214009, 0.0131427543, 0.000439617086, 0.00964447815, 0.0173502828, 0.0298476897, 0.0358104965, 0.0363268636, 0.000174518275, 0.0204951191, 0.0366696664, 0.0316282216, 0.00166887271, 0.032834804, 0.000879234784, 0.00051902032, 0.0152475123;0.0174486046, 0.000228130304, 0.0190108417, 0.00020145944, 0.0181806437, 0.0198363842, 0.00926647255, 0.0290684464, 0.015263409, 0.049185998, 0.00930526679, 0.0187305065, 0.0101609622, 0.0833316075, 0.0301754953, 0.036101061, 5.37599493e-15];
kernel_data_test = {'CTATCAAAAGATGCCGCATCAGGCTGGCTCGCGAATCCGGAATGCTGAACTAATAGAGCA', 'GGGGGGGGGGAACTTGCATTATCCGGTACCCGCCCGGGACAACAGTATAGGTACACTTGG', 'TCATCAAGGCGTTGTTCCCACCAACGTGCCAATCTGAGCCGTTTAAACCGGTTATCCTAT', 'GTTGAACATCTGACCCGAGCTTAAGTCCACCCGCACTCTGCAGGGTGATGCGGACCCAAA', 'CTACCTAAATGACAATCGCGCCGAGTATACGGATTATGTATATGCATGCCTCATCCATAG', 'TATCGCGCATATACTATCCGCCGCATTCGGGCTAGTGTCCTCGATGCCGAGGATCCCGTA', 'CATCGCTGTAGTGATCACGTCCGCTTCATAAAATGTACTTGATCGGGGGACGCCACTCGG', 'ATCTAACCTAGATTCAGAAGTTGGTGCTAAGACCGTACAGGCAGGACCTTGTGTACGGAC', 'CCCGTGTTCCATAGCTCTCCGTGTTTCCATTGCATATCCTACTGTTAACCCTAGAACTAG', 'GAGTGAGGAAAACCCTGTGACTAACCCACGCGGGAGACGACAACTCCGGTTTTAGTGTAC', 'TCGAGTCAATGAATTACTGTCGGTCACTCCGAACGGTTCGAAACACGCGCAAAAGTCCTA', 'AGGGGACATTCACACGTCAAAATATGGCGCCCTCCCAAAGCTGAGGGGGAGCGATCGTTG', 'ATGGTAAGTCGCGTAGTCCATCCCCGTCGGCATGGATGTTTTATATCGATACTGACAGTG', 'ACTAGCTTCGGCCGATAACACCGTTATCCCCTCGATTCGGGGGAGCCTACAACTCGAGTC', 'TTGCGTACCCTCCGAAGCCAGTTAGTCTTACAATTAGGCGTAAACCCGTCCTTACTACCA', 'ACTTTAATGCACCATATTCGGACGGGCCCCGTGGGGGATACAATCTCCCGTCCTACCACA', 'TGTGGGTACGTTGAATCATAGGACAGCATCCAATCCTGCTGAGTCGTGAAGCTCCGGCAG'};
