accuracy = 1e-06;
kernel_arg2_use_normalization = 'False';
name = 'Poly';
data_type = 'double';
km_train = [1, 0.405091558, 0.478713078, 0.48403428, 0.502991038, 0.540877188, 0.75050953, 0.63522386, 0.509781129, 0.315653371, 0.486225752;0.405091558, 1, 0.669921384, 0.508267062, 0.452653147, 0.561031664, 0.45968883, 0.428904104, 0.589742086, 0.420056699, 0.547908045;0.478713078, 0.669921384, 1, 0.57353913, 0.403919173, 0.574917981, 0.570784551, 0.592899641, 0.664347987, 0.614104066, 0.622968855;0.48403428, 0.508267062, 0.57353913, 1, 0.451681329, 0.438035451, 0.734656213, 0.225880908, 0.678739697, 0.45439084, 0.643900932;0.502991038, 0.452653147, 0.403919173, 0.451681329, 1, 0.498840042, 0.607040035, 0.363835729, 0.497509789, 0.151915378, 0.211715654;0.540877188, 0.561031664, 0.574917981, 0.438035451, 0.498840042, 1, 0.50415653, 0.502578319, 0.542645011, 0.353069484, 0.537383583;0.75050953, 0.45968883, 0.570784551, 0.734656213, 0.607040035, 0.50415653, 1, 0.510470122, 0.812911271, 0.349353609, 0.491656992;0.63522386, 0.428904104, 0.592899641, 0.225880908, 0.363835729, 0.502578319, 0.510470122, 1, 0.456477514, 0.456788698, 0.431364951;0.509781129, 0.589742086, 0.664347987, 0.678739697, 0.497509789, 0.542645011, 0.812911271, 0.456477514, 1, 0.469665586, 0.483763291;0.315653371, 0.420056699, 0.614104066, 0.45439084, 0.151915378, 0.353069484, 0.349353609, 0.456788698, 0.469665586, 1, 0.746876004;0.486225752, 0.547908045, 0.622968855, 0.643900932, 0.211715654, 0.537383583, 0.491656992, 0.431364951, 0.483763291, 0.746876004, 1];
data_train = [0.633085126, 0.899023983, 0.623743726, 0.134024894, 0.115760046, 0.844185896, 0.139302339, 0.520231961, 0.03711332, 0.0806697674, 0.672348268;0.68918141, 0.341469407, 0.215609765, 0.813710271, 0.217103229, 0.54202707, 0.968208841, 0.147852438, 0.940876267, 0.182893053, 0.567443208;0.377007712, 0.964928602, 0.273542029, 0.399658002, 0.982860118, 0.536470391, 0.502630116, 0.257778488, 0.70136356, 0.0143729518, 0.0495126297;0.599358587, 0.341674574, 0.953316372, 0.903190691, 0.713706259, 0.818145581, 0.66733185, 0.125582103, 0.76554337, 0.210191969, 0.323442855;0.819234212, 0.536525608, 0.859940714, 0.21303532, 0.607778439, 0.0837909725, 0.643060994, 0.762534038, 0.584930894, 0.266231501, 0.0313426689;0.119448884, 0.622302979, 0.934420217, 0.206534404, 0.735026149, 0.866451063, 0.520882178, 0.669265796, 0.815015317, 0.260675158, 0.296895674;0.000627516628, 0.963094131, 0.917544895, 0.764568264, 0.079076021, 0.44750289, 0.101891754, 0.0159202673, 0.616182965, 0.960829417, 0.902868023;0.696754815, 0.0966405842, 0.274164038, 0.320056727, 0.763150058, 0.802249179, 0.385106123, 0.417883997, 0.0445090393, 0.289136718, 0.451285177;0.116983046, 0.453267461, 0.853175812, 0.58132102, 0.078929855, 0.191671319, 0.47454435, 0.36148715, 0.35872702, 0.529267448, 0.584395922;0.79686157, 0.340966563, 0.805466283, 0.338611229, 0.0554329889, 0.554187651, 0.587902325, 0.934540246, 0.726061326, 0.917772652, 0.90834721;0.60457411, 0.527762065, 0.557440967, 0.978330808, 0.773167692, 0.106265905, 0.778428407, 0.170538049, 0.447350549, 0.210459672, 0.689583066];
feature_class = 'simple';
data_test = [0.877309736, 0.290361885, 0.0820107412, 0.298493098, 0.672361858, 0.328760128, 0.278112168, 0.184435191, 0.497516427, 0.275948828, 0.731010349, 0.076622402, 0.664033033, 0.237560015, 0.489279261, 0.286089922, 0.722768676;0.94530704, 0.917076779, 0.583426215, 0.462610303, 0.818300509, 0.683326363, 0.183564114, 0.820919214, 0.428884389, 0.18898566, 0.28179735, 0.26752703, 0.519206975, 0.234370091, 0.123566487, 0.123690851, 0.583276197;0.734759289, 0.321533009, 0.0346507098, 0.127224887, 0.91469456, 0.49354366, 0.45357281, 0.0380491783, 0.728637022, 0.528068081, 0.202080936, 0.11007376, 0.383387864, 0.837161964, 0.865294559, 0.60284638, 0.727536427;0.115155787, 0.588126065, 0.666965703, 0.200712843, 0.880154733, 0.194996738, 0.31347736, 0.620556847, 0.638350065, 0.699384741, 0.112011713, 0.84946443, 0.532847132, 0.471321794, 0.981097625, 0.740378297, 0.118006027;0.756539167, 0.095248934, 0.0274705625, 0.403625895, 0.993578173, 0.174883936, 0.672644344, 0.173396066, 0.724786975, 0.505353668, 0.67997171, 0.202873176, 0.745628333, 0.99561906, 0.665650501, 0.493479998, 0.923173989;0.0158518422, 0.729923519, 0.888746517, 0.0616745836, 0.45006417, 0.204719454, 0.566518166, 0.649542959, 0.302623183, 0.45998167, 0.279339485, 0.369391164, 0.159539957, 0.885559444, 0.0100104106, 0.882409186, 0.571678878;0.331657844, 0.723057125, 0.507752152, 0.499108658, 0.110142283, 0.389516026, 0.241064346, 0.0156959056, 0.360099631, 0.0898221294, 0.256830038, 0.0925166212, 0.100941626, 0.199011294, 0.999849244, 0.00218414286, 0.638672636;0.141243698, 0.920628137, 0.0936328933, 0.955063187, 0.610926387, 0.00126807692, 0.894007198, 0.521711801, 0.262669735, 0.767279178, 0.926665554, 0.483690823, 0.315553474, 0.788945124, 0.681785498, 0.888752484, 0.692514013;0.243528339, 0.93165925, 0.104835747, 0.26794275, 0.520194608, 0.565742026, 0.0153105866, 0.780572726, 0.361607318, 0.406418541, 0.809369544, 0.379283392, 0.0472248765, 0.17643977, 0.955903172, 0.0704053624, 0.354931201;0.503179167, 0.493280827, 0.00395994301, 0.501162731, 0.383772458, 0.972079335, 0.159159084, 0.354154197, 0.419481485, 0.390693537, 0.665830828, 0.215512858, 0.221071553, 0.729210949, 0.500290519, 0.415155676, 0.169203052;0.187527223, 0.0105516368, 0.0914262689, 0.556838695, 0.89187313, 0.287164765, 0.327747226, 0.115605611, 0.388630946, 0.0372217046, 0.917600696, 0.673111348, 0.990748809, 0.882823163, 0.472990594, 0.519685031, 0.190576047];
kernel_arg0_degree = 3;
km_test = [0.647077016, 0.383376122, 0.204493537, 0.694732504, 0.798943846, 0.512685829, 0.610182438, 0.451788212, 0.743004789, 0.630413094, 0.673395131, 0.542719362, 0.784296762, 0.674505552, 0.460662708, 0.598897275, 0.560782714;0.610309851, 0.423228408, 0.341897046, 0.390088787, 0.5920901, 0.528010776, 0.455501329, 0.274005895, 0.765799637, 0.434902067, 0.453586177, 0.316822631, 0.50839976, 0.518226101, 0.635202145, 0.40612288, 0.737957547;0.360708146, 0.550473927, 0.436940393, 0.443275733, 0.577601495, 0.505023037, 0.455539574, 0.485226917, 0.707869918, 0.572312829, 0.549608571, 0.539166192, 0.449267171, 0.583158146, 0.681291622, 0.510873514, 0.542602332;0.36344326, 0.547716553, 0.452495699, 0.560146899, 0.625823693, 0.526902916, 0.350341114, 0.503333459, 0.625950379, 0.411275018, 0.450437257, 0.715440511, 0.570556706, 0.427296329, 0.62720895, 0.386916105, 0.380787455;0.279265113, 0.322236697, 0.324133011, 0.420743527, 0.725783973, 0.223221299, 0.777224385, 0.33743569, 0.652493662, 0.673760519, 0.401875152, 0.620187804, 0.587749485, 0.813002792, 0.444550827, 0.863423912, 0.525641241;0.417950405, 0.688783324, 0.5381259, 0.49629807, 0.55020075, 0.437216252, 0.598226896, 0.578058008, 0.616532672, 0.716811683, 0.422535247, 0.504464943, 0.402339953, 0.507657824, 0.47030856, 0.69351889, 0.586346755;0.534227562, 0.540607161, 0.414239989, 0.562763616, 0.844730502, 0.6170636, 0.523079006, 0.670802436, 0.755671146, 0.589220759, 0.556917697, 0.691067254, 0.692816571, 0.696112585, 0.464811444, 0.595498024, 0.517753278;0.465319086, 0.380683671, 0.219378849, 0.472771058, 0.492091739, 0.538411059, 0.568927873, 0.436631385, 0.594314791, 0.621118558, 0.623164884, 0.351112648, 0.416028415, 0.671879266, 0.342666566, 0.570152016, 0.55344578;0.494616843, 0.564966833, 0.580799551, 0.388556774, 0.638049153, 0.669628419, 0.422094142, 0.550939284, 0.736555766, 0.512910429, 0.323585939, 0.501345327, 0.455772313, 0.59434947, 0.474436029, 0.492898242, 0.511684132;0.274347111, 0.520254847, 0.298388598, 0.54956586, 0.229509113, 0.630493473, 0.287386889, 0.344421477, 0.410863265, 0.354234218, 0.432073202, 0.327770314, 0.203351228, 0.319108235, 0.509339717, 0.237545801, 0.345307166;0.416697444, 0.596738193, 0.321318342, 0.676672149, 0.401383311, 0.693182356, 0.312929289, 0.44280803, 0.48939742, 0.351339819, 0.633396095, 0.443706298, 0.412015391, 0.359804858, 0.520875004, 0.303853536, 0.416830091];
kernel_arg1_inhomogene = 'True';
init_random = 42;
data_class = 'rand';
feature_type = 'Real';
