name = 'Poly'
feature_type = 'Real'
data_type = 'double'
km_train = [45.2015982, 17.5491612, 36.0795879, 19.4571612, 18.8116172, 23.4006296, 32.6747366, 15.430831, 24.2410316, 4.74427078, 17.8714547;17.5491612, 73.293197, 70.5810694, 26.9452255, 21.1753654, 31.7289691, 21.9461517, 11.5993083, 37.8652132, 9.8407248, 27.265033;36.0795879, 70.5810694, 179.053309, 51.020346, 29.8631967, 52.7978106, 47.4550668, 30.1704486, 70.4483947, 27.9718844, 52.0944696;19.4571612, 26.9452255, 51.020346, 56.6377621, 18.3299759, 19.8209963, 35.6875477, 3.69871456, 39.7445422, 9.49147302, 29.4589774;18.8116172, 21.1753654, 29.8631967, 18.3299759, 48.2812284, 21.7179618, 25.5205495, 7.11164951, 24.2876209, 1.39967936, 5.48196843;23.4006296, 31.7289691, 52.7978106, 19.8209963, 21.7179618, 60.2538575, 22.3601758, 13.0080218, 30.640834, 6.74530827, 23.9122369;32.6747366, 21.9461517, 47.4550668, 35.6875477, 25.5205495, 22.3601758, 49.637586, 11.918314, 46.868056, 5.89629572, 19.0880258;15.430831, 11.5993083, 30.1704486, 3.69871456, 7.11164951, 13.0080218, 11.918314, 17.8225166, 12.8088536, 4.89233914, 9.13399965;24.2410316, 37.8652132, 70.4483947, 39.7445422, 24.2876209, 30.640834, 46.868056, 12.8088536, 74.5452295, 11.6898745, 23.2845925;4.74427078, 9.8407248, 27.9718844, 9.49147302, 1.39967936, 6.74530827, 5.89629572, 4.89233914, 11.6898745, 13.7669274, 17.546139;17.8714547, 27.265033, 52.0944696, 29.4589774, 5.48196843, 23.9122369, 19.0880258, 9.13399965, 23.2845925, 17.546139, 47.8798845]
data_train = [0.633085126, 0.899023983, 0.623743726, 0.134024894, 0.115760046, 0.844185896, 0.139302339, 0.520231961, 0.03711332, 0.0806697674, 0.672348268;0.68918141, 0.341469407, 0.215609765, 0.813710271, 0.217103229, 0.54202707, 0.968208841, 0.147852438, 0.940876267, 0.182893053, 0.567443208;0.377007712, 0.964928602, 0.273542029, 0.399658002, 0.982860118, 0.536470391, 0.502630116, 0.257778488, 0.70136356, 0.0143729518, 0.0495126297;0.599358587, 0.341674574, 0.953316372, 0.903190691, 0.713706259, 0.818145581, 0.66733185, 0.125582103, 0.76554337, 0.210191969, 0.323442855;0.819234212, 0.536525608, 0.859940714, 0.21303532, 0.607778439, 0.0837909725, 0.643060994, 0.762534038, 0.584930894, 0.266231501, 0.0313426689;0.119448884, 0.622302979, 0.934420217, 0.206534404, 0.735026149, 0.866451063, 0.520882178, 0.669265796, 0.815015317, 0.260675158, 0.296895674;0.000627516628, 0.963094131, 0.917544895, 0.764568264, 0.079076021, 0.44750289, 0.101891754, 0.0159202673, 0.616182965, 0.960829417, 0.902868023;0.696754815, 0.0966405842, 0.274164038, 0.320056727, 0.763150058, 0.802249179, 0.385106123, 0.417883997, 0.0445090393, 0.289136718, 0.451285177;0.116983046, 0.453267461, 0.853175812, 0.58132102, 0.078929855, 0.191671319, 0.47454435, 0.36148715, 0.35872702, 0.529267448, 0.584395922;0.79686157, 0.340966563, 0.805466283, 0.338611229, 0.0554329889, 0.554187651, 0.587902325, 0.934540246, 0.726061326, 0.917772652, 0.90834721;0.60457411, 0.527762065, 0.557440967, 0.978330808, 0.773167692, 0.106265905, 0.778428407, 0.170538049, 0.447350549, 0.210459672, 0.689583066]
feature_class = 'simple'
kparam2_use_normalization = 'False'
data_test = [0.877309736, 0.290361885, 0.0820107412, 0.298493098, 0.672361858, 0.328760128, 0.278112168, 0.184435191, 0.497516427, 0.275948828, 0.731010349, 0.076622402, 0.664033033, 0.237560015, 0.489279261, 0.286089922, 0.722768676;0.94530704, 0.917076779, 0.583426215, 0.462610303, 0.818300509, 0.683326363, 0.183564114, 0.820919214, 0.428884389, 0.18898566, 0.28179735, 0.26752703, 0.519206975, 0.234370091, 0.123566487, 0.123690851, 0.583276197;0.734759289, 0.321533009, 0.0346507098, 0.127224887, 0.91469456, 0.49354366, 0.45357281, 0.0380491783, 0.728637022, 0.528068081, 0.202080936, 0.11007376, 0.383387864, 0.837161964, 0.865294559, 0.60284638, 0.727536427;0.115155787, 0.588126065, 0.666965703, 0.200712843, 0.880154733, 0.194996738, 0.31347736, 0.620556847, 0.638350065, 0.699384741, 0.112011713, 0.84946443, 0.532847132, 0.471321794, 0.981097625, 0.740378297, 0.118006027;0.756539167, 0.095248934, 0.0274705625, 0.403625895, 0.993578173, 0.174883936, 0.672644344, 0.173396066, 0.724786975, 0.505353668, 0.67997171, 0.202873176, 0.745628333, 0.99561906, 0.665650501, 0.493479998, 0.923173989;0.0158518422, 0.729923519, 0.888746517, 0.0616745836, 0.45006417, 0.204719454, 0.566518166, 0.649542959, 0.302623183, 0.45998167, 0.279339485, 0.369391164, 0.159539957, 0.885559444, 0.0100104106, 0.882409186, 0.571678878;0.331657844, 0.723057125, 0.507752152, 0.499108658, 0.110142283, 0.389516026, 0.241064346, 0.0156959056, 0.360099631, 0.0898221294, 0.256830038, 0.0925166212, 0.100941626, 0.199011294, 0.999849244, 0.00218414286, 0.638672636;0.141243698, 0.920628137, 0.0936328933, 0.955063187, 0.610926387, 0.00126807692, 0.894007198, 0.521711801, 0.262669735, 0.767279178, 0.926665554, 0.483690823, 0.315553474, 0.788945124, 0.681785498, 0.888752484, 0.692514013;0.243528339, 0.93165925, 0.104835747, 0.26794275, 0.520194608, 0.565742026, 0.0153105866, 0.780572726, 0.361607318, 0.406418541, 0.809369544, 0.379283392, 0.0472248765, 0.17643977, 0.955903172, 0.0704053624, 0.354931201;0.503179167, 0.493280827, 0.00395994301, 0.501162731, 0.383772458, 0.972079335, 0.159159084, 0.354154197, 0.419481485, 0.390693537, 0.665830828, 0.215512858, 0.221071553, 0.729210949, 0.500290519, 0.415155676, 0.169203052;0.187527223, 0.0105516368, 0.0914262689, 0.556838695, 0.89187313, 0.287164765, 0.327747226, 0.115605611, 0.388630946, 0.0372217046, 0.917600696, 0.673111348, 0.990748809, 0.882823163, 0.472990594, 0.519685031, 0.190576047]
kparam0_degree = 3
kparam1_inhomogene = 'False'
km_test = [22.3317317, 17.6805383, 1.44956259, 14.6557473, 66.9893942, 10.1516584, 11.0896876, 9.19999044, 19.5202835, 12.297561, 33.2799935, 7.4601511, 23.7047236, 43.4927582, 30.5995633, 20.1139485, 22.0376543;26.7203698, 26.2545085, 4.88930656, 8.3875921, 58.5397554, 13.9571731, 9.5776405, 5.7664237, 26.3663093, 9.47754752, 25.4227921, 4.34590722, 17.0337637, 39.6569222, 59.2243826, 15.3219337, 40.8333383;21.6669814, 59.5630652, 12.3503138, 17.1589435, 89.8377518, 21.9156648, 16.2715013, 22.5020686, 38.6886068, 23.4773014, 52.8439657, 16.6775408, 23.8635771, 73.5388767, 101.985305, 34.4729069, 44.2630165;11.2859402, 32.227736, 6.44829783, 12.243315, 55.1212661, 12.0120097, 5.50052268, 12.2505397, 17.4179406, 7.47623604, 21.9140461, 12.7509107, 17.3242238, 26.8831491, 51.1653211, 12.3592834, 14.5911166;6.95387209, 14.3786674, 3.422257, 7.32074183, 61.3587686, 2.86186114, 16.2242355, 6.15559888, 16.907244, 14.0246088, 17.1875187, 9.46054706, 16.5412149, 56.9930905, 30.2058232, 33.956084, 20.9016027;14.2729148, 44.795483, 8.69641918, 10.6519677, 48.296959, 9.49109701, 12.6877451, 15.4351873, 17.6472625, 17.2914198, 20.7719041, 7.9268889, 10.9336362, 34.8619786, 36.4783511, 28.5512963, 27.2509188;18.0658159, 29.5739709, 5.18170957, 11.4355602, 75.1325933, 13.9690391, 9.34189538, 17.0683686, 21.0034552, 11.7636156, 27.1786589, 11.2563088, 21.0586174, 47.4611964, 32.4944569, 20.9828494, 20.7810906;8.51579345, 10.652843, 0.835290186, 4.8954124, 22.7080892, 6.46398202, 5.90789764, 5.11617801, 8.61451203, 7.17899187, 18.740715, 2.06433799, 5.72964687, 27.3734168, 12.6156222, 11.4796785, 13.3062324;20.3050295, 38.7375757, 11.0255075, 8.4240125, 64.8425476, 19.6168628, 8.64421547, 16.2625218, 25.2576621, 12.1658779, 16.1734761, 8.92088235, 14.7609768, 47.7071213, 41.2092969, 20.2236902, 25.4623467;3.20019581, 14.598014, 1.28186759, 5.36765164, 6.66167163, 7.14601264, 1.59520944, 2.98540634, 4.21368606, 2.4907048, 9.77398287, 1.53874826, 1.44581666, 8.44976157, 19.3133817, 2.50500233, 5.75634548;12.4902141, 33.0622604, 3.3545543, 14.5770746, 28.481531, 16.1260015, 4.13381596, 9.23324208, 11.1942362, 5.29492305, 31.62984, 5.66780982, 9.91481475, 19.4807899, 37.0169856, 7.86845817, 15.0962254]
accuracy = 1e-06
data_class = 'rand'
