init_random = 42
kargs = [1, False, True]
data_type = 'double'
km_train = [1, 0.951808875;0.951808875, 1]
M = 6
data_test = ['2253564422164555322621554222546525535542215552552555453554541524425625552552654524525235232623354256245252545611353444555612664116121135146624532611453544116515613434626115111665415161351546341665112234151352634363224626334655154334562134461114211231616524413561111656666566241443451154534346265166313365216326131525165155621121453411161451133514146133413534363443531464314141254636533144434514163314515361333313142213256433154654151616144631554136431361346256113221313113646134134316333524131441656333156655453116543515545411523165342141231461326215461663134533644465113461126123646552516116611564263423154135513266511645161', '6125551513212452622115114142444512463453522325641621126453611631422635155154626344551131635156116151141546656655555156116116524321543615544361221145555666365155565452156314116141111436511165145153365615421211516646255441666214452663256166166566554321664552241141515124521231361314555316651526545555425554121312312451544156144212545335115612255634651351166255415154613666534254166132651111514115561646652454214565112655656621151631115425652151165254441343235361521156435541515555526413122522316411543112512652566143146631541514463255652665134521463651616516466461121436252115124411531512511514641361151213656251442451145121265465511554542262115644512562345165511255356352543611531456455563454365611215113636252666564666216646142446161416424633642614244442644641642423162421352516125224664426564464246434562242225422626622246251616246262124124451521624626264622514662252221246466444643662246142222464222566646466442241323266425614544126666414461265644661312646264423126543125212665665653161155213125116512552511413665356623144551346426662356511445515626144115154154165542413615463115565162534442335661112255451121541252515666154624514433112151153344515551344134544665121431113555141421345451121454125414325522154155342553544315153352434441151411225434542344531413213454324443145311144133514']
gap = 0
feature_obtain = 'Char'
feature_type = 'Word'
N = 3
name_features = 'TOP'
reverse = 'False'
accuracy = 1e-06
kernel_arg2_use_normalization = 'True'
name = 'Poly'
data_train = ['2253564422164555322621554222546525535542215552552555453554541524425625552552654524525235232623354256245252545611353444555612664116121135146624532611453544116515613434626115111665415161351546341665112234151352634363224626334655154334562134461114211231616524413561111656666566241443451154534346265166313365216326131525165155621121453411161451133514146133413534363443531464314141254636533144434514163314515361333313142213256433154654151616144631554136431361346256113221313113646134134316333524131441656333156655453116543515545411523165342141231461326215461663134533644465113461126123646552516116611564263423154135513266511645161', '6125551513212452622115114142444512463453522325641621126453611631422635155154626344551131635156116151141546656655555156116116524321543615544361221145555666365155565452156314116141111436511165145153365615421211516646255441666214452663256166166566554321664552241141515124521231361314555316651526545555425554121312312451544156144212545335115612255634651351166255415154613666534254166132651111514115561646652454214565112655656621151631115425652151165254441343235361521156435541515555526413122522316411543112512652566143146631541514463255652665134521463651616516466461121436252115124411531512511514641361151213656251442451145121265465511554542262115644512562345165511255356352543611531456455563454365611215113636252666564666216646142446161416424633642614244442644641642423162421352516125224664426564464246434562242225422626622246251616246262124124451521624626264622514662252221246466444643662246142222464222566646466442241323266425614544126666414461265644661312646264423126543125212665665653161155213125116512552511413665356623144551346426662356511445515626144115154154165542413615463115565162534442335661112255451121541252515666154624514433112151153344515551344134544665121431113555141421345451121454125414325522154155342553544315153352434441151411225434542344531413213454324443145311144133514']
feature_class = 'string_complex'
pseudo = 0.1
kernel_arg0_degree = 1
km_test = [0.551239683, 0.514946886;0.574629405, 0.567013775]
alphabet = 'CUBE'
data_class = 'rand'
order = 1
kernel_arg1_inhomogene = 'False'
