init_random = 42;
accuracy = 1e-10;
data_type = '';
km_train = [1, 0.00175796466, 0.00110705646, 0.000328016729, 0.000328016729, 0.000328016729, 4.10020911e-05, 0.00682172291, 0.00175796466, 0.00373631555, 0.00262413383;0.00175796466, 1, 4.10020911e-05, 0.000640657674, 0.00512526139, 0.00175796466, 4.10020911e-05, 0.00373631555, 0.00373631555, 0.0112601993, 0.000640657674;0.00110705646, 4.10020911e-05, 1, 5.12526139e-06, 0.00885645168, 0, 0.000328016729, 5.12526139e-06, 0.000640657674, 5.12526139e-06, 0.000138382057;0.000328016729, 0.000640657674, 5.12526139e-06, 1, 0.000328016729, 0.0112601993, 5.12526139e-06, 0.00110705646, 0.0209930706, 0.0209930706, 0;0.000328016729, 0.00512526139, 0.00885645168, 0.000328016729, 1, 5.12526139e-06, 0.00110705646, 0.000640657674, 0.00373631555, 5.12526139e-06, 0.000138382057;0.000328016729, 0.00175796466, 0, 0.0112601993, 5.12526139e-06, 1, 0.00885645168, 0.00262413383, 0.000640657674, 0.0209930706, 0;4.10020911e-05, 4.10020911e-05, 0.000328016729, 5.12526139e-06, 0.00110705646, 0.00885645168, 1, 0.000328016729, 0.000640657674, 0.000138382057, 0.00262413383;0.00682172291, 0.00373631555, 5.12526139e-06, 0.00110705646, 0.000640657674, 0.00262413383, 0.000328016729, 1, 0.000640657674, 0.00373631555, 0.00110705646;0.00175796466, 0.00373631555, 0.000640657674, 0.0209930706, 0.00373631555, 0.000640657674, 0.000640657674, 0.000640657674, 1, 0.00512526139, 0.000328016729;0.00373631555, 0.0112601993, 5.12526139e-06, 0.0209930706, 5.12526139e-06, 0.0209930706, 0.000138382057, 0.00373631555, 0.00512526139, 1, 0;0.00262413383, 0.000640657674, 0.000138382057, 0, 0.000138382057, 0, 0.00262413383, 0.00110705646, 0.000328016729, 0, 1];
seqlen = 60;
data_test = {'GGTATCAAACCGACTGGAAACATCTAGGTTCGCGAGCTGCCGCAATGAAGAAGCTTCCTC', 'GGACTCCTAAGCGACATCCAACAGCTGCAGGATAAATGTACCTAAATCCCTTGCATCCCT'};
gap = 0;
feature_obtain = 'Char';
feature_type = 'Word';
reverse = 'False';
name = 'PolyMatchWordString';
data_train = {'ATTCATTTTCTAGACACATTCCCATGGCGCAAAATGCCACCATACTTTATATCCGGCGTC', 'TATAGCGGTTTGTAAATGATTTAGTCGTTGAATGGTCGTCGATAAACAGCTAAGAGTATA', 'CGCAGATGGTCCCTTGATTACGTAGACAAGCCATGAAAACAGCACTAAAATAGCTGTGAG', 'ATTGGTCAACGGGACGCCGAAATCTTCCTCGGTAGGCGCGTGCTTAGCCTCTAGTTTACG', 'CCAAACAGAACCCCGTGTGTGAGAATGTCACAAATTCATGGTCTCACCATAGCTCGATGA', 'GTTTCAGCGTTACTACCGACAATCGGTCATTGCCCTTGAGGTCCTTGGCCGCGGTACCCA', 'TAGAGACATTCCCGTCCTCGGTGGGGACTGTGACTTCACCGGCGATAGGTAACTCGCCCC', 'CAACGCACTCGCGGAGACACGCGGGTCTCGAATACTTGCTTTCGATATTTGACAACGTCC', 'CTACAAAGATGATAGATGTATATCATAATGTTAGGCGGCTGGGCGGTCACTGATCTTGGA', 'AGCAAACGTCCCCTATCGGTGTTTGGGAGTCGTCATCTTAATCCTAGGCCTGGAGCTTTG', 'ACATGGGCGTACCCAGGTAAGTCTGCTACAGATATGCAGCTGCATAACCTACCTGATTCC'};
feature_class = 'string_complex';
kernel_arg0_degree = 3;
km_test = [0.000138382057, 0.00110705646;0.000328016729, 0.00262413383;0.00373631555, 0.00373631555;5.12526139e-06, 5.12526139e-06;0.0112601993, 0.0112601993;0, 0;0.00110705646, 5.12526139e-06;4.10020911e-05, 5.12526139e-06;5.12526139e-06, 4.10020911e-05;5.12526139e-06, 5.12526139e-06;0.00175796466, 0.000138382057];
alphabet = 'DNA';
data_class = 'dna';
order = 3;
kernel_arg1_inhomogene = 'False';
