init_random = 42;
num_train_examples = 4;
data_type = 'double';
km_train = [1, 0.959588811, 0.907065459, 0.939866853;0.959588811, 1, 0.906284865, 0.962041218;0.907065459, 0.906284865, 1, 0.971011513;0.939866853, 0.962041218, 0.971011513, 1];
M = 6;
data_test = {'6421445241416334456213536343661314465555631446555653512334412356555536531544545443665545336553343613416434616144423436535544433134456364313363546445554315155415146363513466114566663144451444164553355416214543351224344355425535465645152363154625414515611222264413552516121521113442126221333533615125131524652565425254112252152522323253554322323553532366552615315354212622354313235335451555253325555331352536345555152525155151166223556123531532563554153321225152116344453254265636221265352425543441152511151622554122452431524511252451522434415321225343265122644633463135621325233322434342255221552242151335531522151552133246115431552351343626512513634446532124224335612553314222455543151552223222436542155366155532215344226555665144566525314511553313146225512624332533252151353365354436342444566354251353635331134111465414416363413446466146443513561445345654335444613115554553615546144236644455561416655354151646455245336163314553523345345656344355621365635641354343435464122116145141644556165651465264336461425311164464411623614142131665442614436245661341633511164624651666112466544615154644613431635636353614164463341631646632162424165634466436461414115654146342136545555311511445455456331436343444145555614513511633145123446144444365463254336456365115434155633161454356443532365564313653356314432643561552664314643166465156451646545644343325641644635354453436535355556155455534316465443666651523465344141353616533543155443433645345352433363465632445414464151464613653334445124416536511645325641444556565264556634113435533344361663331616114454115414434544151616435654543411116266614513632221661644142646114466215646164464626541611635424531211664661455414456646163146666436355644414454233412111144436411634561635341241616646611543236146312636344335', '2443453464622552422252222212422424165252222232525452252422342242436222525444433432222354222242424223455264326435552342345246625512462414221331115613533422343524362252531252621624223561612255322432662444451425142462363253535422242224236622253324246211216214156122215321534264266446352452412344134323526222511413163622445563422643321212155522325142226244252554521223123524426133456223626566152224346331422621211224132624532553325465562546365464556535654443654342466355234225565635266315265466632425345525665636445625633435656656446565665326552366413453452465353646625526553234615542366654266454652656522136445464152642213233224522222421422635554245341523552616452345431224325351226331351432142232146642253124431624652662122244613232626153223543525161136222265242252424221424235425222523452252242224226412262226332422553444542522522255262435243424442643222245232242433244423466441222146433263211243612242351225222242245525533116122222522623136352622435444123244532252323236166551353356215426334232526152141414266451654155226452255524225335262632544251224544322244252422222452644242332222435532622244216254342224422423422422222252425212351163262143562432225645225443264444242326542522236252664261425341531336215233252423442526634254425232452632632213231413414122261252661126532121452552114323525', '52331443555253241232521321553123235212233333225313652211553125434124423113452232313422322125533514224534535453315522121215125355522235124332131512545531322335251235522213341335531336515111625512411543521336335335156551535354353665133553651356355635526533532532662552153355266635532553466536156612256533555363554554513556362631533653535244664152255512312121216162651125151451525235156115326332332521532512215655522131112561355231362152225325133561115351565113233362122522161331213356221156221235516632151513122553153552322633533516535533562353435365555553645256632332565162351552556533356562636315536362635465553155535666235343515365553651523361655331233342322542554235533114226124141321615211532512534222532345521653412233335213211451121225431125235233253533135312322451111533355251522253312352322225535134133342145531521255423243355115535251421531523533212312161365355212315156665223251353356231562522123512212151332162551525536212656156121122233322552222135522211651552554156235226115113515332111153516161253231513112152254245355514631331353613335525254542223341532534215132323211311351315331523245524214132251251153515323235222135343531252335252314551151434352122152125134135152224333122244651534555213333232512515335361125524234651522335221223225225523251525124515352134312235545313534411123113425544312215225456331313532535524323352255331161241321322545115155233521552213223413313322535521451333523542231325211425211331242323232332241351553265156335533335635663262655653665555255126365333365534314556555533335125611335655665552335563632355335663555353631655533614552255142156233515531621653536565533125334565526535355545633631635526133545545253353251631665555536363333355561563535665525635362525633536', '645544464454624463444644322644144464446612642146651146226465426622456644641442544446264462224424542456243664223162656222515551452522542452223242153555231213552555515233522252125221521222122525355523155556513312522325452413254122536513321534342142525234222645444245414644665212414422663662354426662464444264444244652541236466266656446444264244422414256546261426214465463444111156336236664336663311134465321313211624163166133321262111113124316355514441161246351413162431663216136132231621362662163646666356166566366364232616416313631646636641134133255225223542555155221232425255152223522321211552453521336215334554254235235551325122255233422252315545251122235255136122222445152541325521444543642634644541462646426644264626622624452442244245661344146444122446445464465242243461615412626462554446256466464346231163264233112634113634363246132121666662116136532331646366163336614466666633624351616332616164133135446313666412162511131351366511232335616351616412616143126111112163644', '44442622444666224654236516542646444426466241462436264435333325464632244644124525624221553263446422266453324462445444546246424462536254266634456643513515112245535413512551155113123325112245355111555532231145522512551521551534213511565251552111515552615441414662462424152634666422444252266325265414463244223564454613645436464443524626643222264432424664546234466346624446662543452244544534432526646524411145522151611244553251525552155232251131231552545354511533532212551113355515255115153513511455151161125245153115165135515512335422431551154161541455151211555255551511522511112153351431521553122315552545255315212532152442664344446424322445524143252443542446554324463246656262644524224652433426455645161664444262526433663423642644441634466645244266226225663424246655551114153541555653161251152512545525553111215414255325551133215315135555511432541315112512125512222121153533642434226662444446325624454523454266364436662422354446442542636263446466356441625634226645126432456524425446444144246524626614444253422342652642262626262522356665154156155632251361242125163521232451126516551225166551316156555635522252351326111512556261136165552662115135665562363645336256452161262211423222536623663225646321631335662213552543262126135466212262635162226512365253531616155256165241611661131541553112515662525652263216532366355615353651256622664636245226215663122615531531623132552516512254616232352144625544344364526542121546424624264524222422333643244222622443262566466152244646442526646344445666444444245464246646445336623351455666646243234643543121351555122314551225551545351511521555125321221522451561363211111553251114535553555155211215541151553124', 