accuracy = 1e-06;
kernel_arg2_use_normalization = 'False';
name = 'Poly';
data_type = 'double';
km_train = [93.0506364, 36.8222787, 95.2608315, 57.951716, 23.2705096, 53.7875284, 89.0540966, 64.9533383, 48.4000509, 39.1358571, 20.9769385;36.8222787, 132.959025, 125.192083, 108.332332, 50.1000052, 64.9673317, 46.0131336, 53.0070734, 84.2130892, 58.0608736, 40.473755;95.2608315, 125.192083, 209.601068, 131.856053, 58.3199701, 106.836284, 110.489647, 100.561716, 116.935758, 77.3235286, 56.4149773;57.951716, 108.332332, 131.856053, 163.630986, 42.2604467, 101.397596, 62.7950605, 80.7762095, 70.395964, 41.5406522, 48.1467552;23.2705096, 50.1000052, 58.3199701, 42.2604467, 42.3760336, 31.6511641, 24.8973348, 28.6273158, 46.2595198, 40.6860814, 22.5063554;53.7875284, 64.9673317, 106.836284, 101.397596, 31.6511641, 115.611174, 47.9617253, 63.6295721, 56.7506801, 31.9569321, 34.3080586;89.0540966, 46.0131336, 110.489647, 62.7950605, 24.8973348, 47.9617253, 110.686829, 85.5296424, 54.1605779, 47.9061792, 30.3024793;64.9533383, 53.0070734, 100.561716, 80.7762095, 28.6273158, 63.6295721, 85.5296424, 114.342873, 51.3430948, 34.3159992, 34.368811;48.4000509, 84.2130892, 116.935758, 70.395964, 46.2595198, 56.7506801, 54.1605779, 51.3430948, 85.424433, 64.6021736, 42.5694335;39.1358571, 58.0608736, 77.3235286, 41.5406522, 40.6860814, 31.9569321, 47.9061792, 34.3159992, 64.6021736, 97.0276147, 41.4999057;20.9769385, 40.473755, 56.4149773, 48.1467552, 22.5063554, 34.3080586, 30.3024793, 34.368811, 42.5694335, 41.4999057, 56.4535109];
data_train = [0.0965872303, 0.803407827, 0.866126059, 0.583761421, 0.366000548, 0.652629636, 0.305664073, 0.238385692, 0.48814521, 0.216153828, 0.483703608;0.956606505, 0.839784036, 0.94163092, 0.806328975, 0.354750936, 0.812045239, 0.922915744, 0.947035788, 0.683197851, 0.211366644, 0.0397291534;0.147200228, 0.965546918, 0.462096824, 0.854986015, 0.465044154, 0.660817583, 0.0241407771, 0.249864943, 0.43626928, 0.630631047, 0.171521188;0.764551464, 0.364404706, 0.817435269, 0.0979690904, 0.679756588, 0.293328333, 0.795383174, 0.402170427, 0.665349632, 0.934305269, 0.020626632;0.0111167823, 0.770279252, 0.646393052, 0.292979721, 0.494396703, 0.0419356656, 0.192445605, 0.424496375, 0.834044416, 0.479667183, 0.586362505;0.873753792, 0.308818914, 0.700699321, 0.861667259, 0.202615701, 0.356478165, 0.979810174, 0.983218565, 0.22322993, 0.0664458389, 0.270921611;0.397731957, 0.441005601, 0.618806307, 0.89950276, 0.330348012, 0.849984535, 0.0934789209, 0.041874699, 0.504045183, 0.0596622233, 0.392489801;0.896778117, 0.241483036, 0.705975775, 0.302365392, 0.0449200552, 0.556690581, 0.834853491, 0.409468448, 0.617293826, 0.900023598, 0.789694513;0.193876399, 0.733383959, 0.501893025, 0.745966808, 0.494515551, 0.127958164, 0.569909447, 0.492133992, 0.517921734, 0.878902454, 0.894837047;0.453537107, 0.455732041, 0.515186959, 0.519589278, 0.950387144, 0.649400467, 0.277456995, 0.531536797, 0.627223583, 0.639771721, 0.585254226;0.177736155, 0.0335931891, 0.337843052, 0.427522155, 0.0618042396, 0.814967338, 0.344077438, 0.913632746, 0.154410108, 0.0569349569, 0.482316104];
feature_class = 'simple';
data_test = [0.189129337, 0.937399276, 0.0103033985, 0.412619675, 0.926747771, 0.384418207, 0.0931092806, 0.302894943, 0.498010394, 0.185151687, 0.466561705, 0.836343196, 0.87261797, 0.0492607347, 0.160903358, 0.275290136, 0.594865851;0.360994759, 0.844040913, 0.716671868, 0.100456023, 0.624557503, 0.113012625, 0.25503567, 0.177870634, 0.173061949, 0.616395525, 0.563604923, 0.176028153, 0.990172805, 0.421836732, 0.0970693282, 0.120569017, 0.583893714;0.979069403, 0.571951102, 0.949041477, 0.444132851, 0.435841104, 0.500007359, 0.697425458, 0.367615966, 0.863886033, 0.0292813848, 0.439764195, 0.51099185, 0.607032238, 0.276071912, 0.427479971, 0.48453775, 0.686909979;0.773544185, 0.737827327, 0.341583052, 0.999450523, 0.848665312, 0.260023373, 0.195105806, 0.314021251, 0.452344853, 0.850799378, 0.778362264, 0.851246124, 0.271957115, 0.593461222, 0.283249062, 0.109023161, 0.684197743;0.142997551, 0.667697762, 0.647964305, 0.810248444, 0.139554605, 0.783480149, 0.999276526, 0.851042449, 0.751812076, 0.662165355, 0.421781485, 0.730500168, 0.724178035, 0.631498283, 0.796278378, 0.448763888, 0.121252712;0.559067728, 0.265043529, 0.384433097, 0.0174149039, 0.382790588, 0.808801106, 0.542722367, 0.00980052693, 0.46984382, 0.291451648, 0.477550655, 0.404692721, 0.93197922, 0.041177299, 0.683588011, 0.851026596, 0.959238585;0.177636227, 0.531304802, 0.0435895773, 0.499183524, 0.12545809, 0.837896675, 0.113870003, 0.51328836, 0.521096069, 0.971650498, 0.654980694, 0.287840293, 0.24079931, 0.128248206, 0.756514724, 0.690756656, 0.609877127;0.0408404429, 0.762828866, 0.641887577, 0.963888868, 0.58720213, 0.303951907, 0.381520552, 0.175840705, 0.722914182, 0.70772166, 0.200650015, 0.158489323, 0.0770049332, 0.911975744, 0.233069834, 0.344163527, 0.280504508;0.413624603, 0.714048799, 0.870595634, 0.18259875, 0.686412344, 0.352562142, 0.980527168, 0.298919159, 0.00719295601, 0.515639974, 0.150731084, 0.0444944268, 0.698269232, 0.732259283, 0.460699013, 0.676885517, 0.538239448;0.629801108, 0.596703973, 0.665822764, 0.199630649, 0.26870662, 0.43996315, 0.446128009, 0.774411712, 0.367393659, 0.162505156, 0.25146597, 0.214733502, 0.731660019, 0.470339615, 0.708630698, 0.416219681, 0.889735603;0.983520308, 0.669842509, 0.863812557, 0.507933267, 0.93462084, 0.831586486, 0.991778572, 0.623093735, 0.77920674, 0.54286814, 0.259120104, 0.354755171, 0.894005415, 0.0559479466, 0.591479886, 0.372484033, 0.386692538];
kernel_arg0_degree = 3;
km_test = [33.9216673, 74.5538504, 48.5388482, 34.9285039, 52.0430255, 31.3922754, 25.5745089, 13.7101972, 34.8891361, 55.5516669, 35.7988735, 21.0843661, 61.2599396, 32.1493872, 27.5370423, 27.4005499, 71.4963263;49.7033627, 133.890319, 85.9964197, 44.1088131, 67.8787401, 53.3475015, 67.3635882, 38.7027358, 58.0443581, 49.6178156, 46.6527745, 47.3837887, 129.847408, 39.5067184, 47.5092577, 43.794105, 86.3723642;67.7049296, 200.285841, 100.005885, 83.2020387, 120.204221, 83.6698154, 75.4510918, 47.2275428, 89.1589089, 104.41018, 75.2179579, 69.9688851, 170.486146, 56.6913215, 68.0344104, 59.4008854, 134.756966;67.2396369, 128.842815, 94.0626563, 34.3110726, 74.7638608, 84.4707448, 76.2708661, 36.9164935, 66.6766823, 61.5265726, 51.3887348, 36.4769564, 156.749272, 29.4814222, 69.0951316, 71.6543468, 124.774713;35.5071893, 62.3458325, 42.4985849, 26.9005471, 32.9921777, 29.0936919, 33.0899004, 29.2436469, 27.6884533, 28.6686653, 26.0534009, 26.4154396, 57.6732938, 24.7932216, 33.233495, 22.7671884, 55.4556485;60.8346236, 118.737546, 70.0566146, 43.0791883, 76.7002345, 62.1209361, 44.8890409, 35.919619, 68.3186668, 57.3229267, 44.0316878, 33.3295121, 107.693189, 22.7566874, 46.6726659, 38.9970498, 91.1476844;39.4691786, 93.8152546, 62.9792138, 38.7203536, 76.0324669, 36.7649979, 43.3518614, 15.3114769, 36.7271341, 60.3889841, 36.4337048, 27.2934157, 88.6822268, 38.7988538, 30.5290252, 32.6252976, 75.2880921;64.6810736, 98.7164246, 93.8825594, 31.0513652, 78.31745, 58.5313797, 77.3659679, 28.4064352, 50.2455685, 51.1316155, 34.9864418, 29.2522698, 142.359423, 28.8703018, 47.9129714, 40.5829075, 83.3212596;39.3282677, 123.278227, 73.1564073, 61.7842144, 60.6895066, 50.1184226, 56.7146047, 41.2320333, 56.3804324, 68.2740605, 43.2706565, 41.8853828, 90.3847522, 49.5900247, 48.0754032, 35.7647632, 70.7813551;40.4559437, 93.2485936, 75.5976629, 60.6305456, 57.3725095, 28.5694872, 53.3852972, 27.5350155, 41.8162602, 46.7989197, 26.6333483, 28.9159385, 49.0473131, 59.7837986, 31.6667112, 26.9351411, 54.8496557;22.908317, 73.3383472, 54.7303477, 34.7259014, 42.3663536, 42.9869378, 58.1688535, 29.3990409, 37.4635805, 38.01609, 16.3639106, 18.1799009, 58.7658197, 33.0652429, 39.5192387, 35.5741739, 40.1279579];
kernel_arg1_inhomogene = 'True';
init_random = 42;
data_class = 'rand';
feature_type = 'Real';
