kernel_arg1_degree = 3;
kernel_alphabet = 'DNA';
kernel_arg0_size = 10;
init_random = 42;
kernel_feature_type = 'Char';
kernel_accuracy = 1e-10;
kernel_data_train = {'CCCATATAAGGCGCGGCTGCTTGATAACGTGTAAGTGAAACATGGAAGTGTTAAGCCCCT', 'ACGGGTTGACGTTGGAAAACCGGGCCTATCGAACGCGCCTTGAATATCTCCGTTGTGTTC', 'GGGTCACACTGTATGAGTAGTAGCCGATACGCCTTTGTTCCACTGGAACTCTAGGTAAAT', 'AAGGTTGTGCTGCGCAGTGATACCACGTTTCGTCTCCGGGCGTTAAGCACTTCCGAGACC', 'GGCACGAAGTCCTTCTGTCTTCTCACTGGGACGTACAACGAATTCGCTGTAGGCCGGAGA', 'AGCCCGCTCGCGGCCCAAGTCCAATGACTACGGCTAGAGTCGTAGTGAACAGAACCGGAA', 'ACAGATCCTGGTCTCTCCGAACGTGTGAAGCACGCTGGTCGTGTCGATTTGAATCCGCGC', 'GTACCTCCGCTTGGAGGCATCGACTCGACTGTTTTATAAACGCACCTCACCGCCCCTATG', 'ATTGCGCATTATGACCTTAGTTAGTCCTATCAAAAGATGCCGCATCAGGCTGGCTCGCGA', 'ATCCGGAATGCTGAACTAATAGAGCAGGGGGGGGGGAACTTGCATTATCCGGTACCCGCC', 'CGGGACAACAGTATAGGTACACTTGGTCATCAAGGCGTTGTTCCCACCAACGTGCCAATC'};
kernel_matrix_train = [1, 0.014869086, 0.0352452408, 0.00967922425, 0.00586392694, 0.0256937805, 0.0120891176, 0.00761297201, 0.0180455633, 0.014869086, 0.0120891176;0.014869086, 1, 0.014869086, 0.0302183883, 0.00225569541, 0.0120891176, 0.014869086, 0.0302183883, 0.014869086, 0.0408007719, 0.0408007719;0.0352452408, 0.014869086, 1, 0.014869086, 0.0256937805, 0.0120891176, 0.0216449835, 0.014869086, 0.0216449835, 0.00321172257, 0.0469114155;0.00967922425, 0.0302183883, 0.014869086, 1, 0.0180455633, 0.0302183883, 0.0120891176, 0.0408007719, 0.0216449835, 0.00225569541, 0.0120891176;0.00586392694, 0.00225569541, 0.0256937805, 0.0180455633, 1, 0.0216449835, 0.0120891176, 0.014869086, 0.0256937805, 0.0216449835, 0.0216449835;0.0256937805, 0.0120891176, 0.0120891176, 0.0302183883, 0.0216449835, 1, 0.00967922425, 0.0352452408, 0.0352452408, 0.0688383609, 0.00761297201;0.0120891176, 0.014869086, 0.0216449835, 0.0120891176, 0.0120891176, 0.00967922425, 1, 0.00761297201, 0.0180455633, 0.014869086, 0.0408007719;0.00761297201, 0.0302183883, 0.014869086, 0.0408007719, 0.014869086, 0.0352452408, 0.00761297201, 1, 0.0352452408, 0.0352452408, 0.0216449835;0.0180455633, 0.014869086, 0.0216449835, 0.0216449835, 0.0256937805, 0.0352452408, 0.0180455633, 0.0352452408, 1, 0.0609037761, 0.014869086;0.014869086, 0.0408007719, 0.00321172257, 0.00225569541, 0.0216449835, 0.0688383609, 0.014869086, 0.0352452408, 0.0609037761, 1, 0.0180455633;0.0120891176, 0.0408007719, 0.0469114155, 0.0120891176, 0.0216449835, 0.00761297201, 0.0408007719, 0.0216449835, 0.014869086, 0.0180455633, 1];
kernel_name = 'PolyMatchString';
kernel_seqlen = 60;
kernel_arg2_inhomogene = 'True';
kernel_feature_class = 'string';
kernel_matrix_test = [0.00967922425, 0.0609037761, 0.0120891176, 0.0120891176, 0.0216449835, 0.0120891176, 0.00967922425, 0.0469114155, 0.0867165093, 0.0302183883, 0.0120891176, 0.0120891176, 0.0302183883, 0.0302183883, 0.0216449835, 0.0256937805, 0.0216449835;0.00225569541, 0.00967922425, 0.0352452408, 0.0216449835, 0.0256937805, 0.00225569541, 0.0044056551, 0.0256937805, 0.0216449835, 0.0536036056, 0.0352452408, 0.0469114155, 0.0302183883, 0.00967922425, 0.0180455633, 0.0180455633, 0.0120891176;0.014869086, 0.0180455633, 0.014869086, 0.0408007719, 0.0256937805, 0.0120891176, 0.014869086, 0.0352452408, 0.0256937805, 0.0216449835, 0.00761297201, 0.00586392694, 0.0120891176, 0.0180455633, 0.0302183883, 0.0180455633, 0.0216449835;0.0536036056, 0.00967922425, 0.0180455633, 0.0352452408, 0.0469114155, 0.0352452408, 0.0180455633, 0.014869086, 0.0180455633, 0.0469114155, 0.0180455633, 0.0180455633, 0.0256937805, 0.0180455633, 0.0216449835, 0.0408007719, 0.00761297201;0.0180455633, 0.014869086, 0.0609037761, 0.00586392694, 0.0180455633, 0.0469114155, 0.0256937805, 0.0352452408, 0.0256937805, 0.0216449835, 0.0180455633, 0.0256937805, 0.0469114155, 0.0256937805, 0.0216449835, 0.0180455633, 0.0216449835;0.0120891176, 0.0302183883, 0.0256937805, 0.0256937805, 0.0216449835, 0.0120891176, 0.0180455633, 0.0180455633, 0.0302183883, 0.0302183883, 0.014869086, 0.0120891176, 0.0216449835, 0.0408007719, 0.00967922425, 0.0216449835, 0.0256937805;0.0469114155, 0.0536036056, 0.014869086, 0.0015111397, 0.0302183883, 0.0302183883, 0.0408007719, 0.0352452408, 0.00586392694, 0.0216449835, 0.0216449835, 0.00761297201, 0.0120891176, 0.00761297201, 0.0120891176, 0.0256937805, 0.00321172257;0.0216449835, 0.014869086, 0.014869086, 0.0469114155, 0.0408007719, 0.0352452408, 0.0352452408, 0.0256937805, 0.0256937805, 0.0408007719, 0.0302183883, 0.0216449835, 0.0180455633, 0.0302183883, 0.0352452408, 0.0216449835, 0.0216449835;0.0352452408, 0.0352452408, 0.0352452408, 0.00967922425, 0.0120891176, 0.0180455633, 0.0256937805, 0.014869086, 0.0469114155, 0.0120891176, 0.0180455633, 0.00967922425, 0.0256937805, 0.0302183883, 0.0120891176, 0.0302183883, 0.00761297201;0.0044056551, 0.0180455633, 0.0180455633, 0.00761297201, 0.0120891176, 0.014869086, 0.0536036056, 0.0180455633, 0.0408007719, 0.00967922425, 0.014869086, 0.0302183883, 0.0216449835, 0.0469114155, 0.00761297201, 0.0216449835, 0.0180455633;0.0180455633, 0.0216449835, 0.0180455633, 0.0180455633, 0.0180455633, 0.0120891176, 0.0302183883, 0.0180455633, 0.00967922425, 0.0536036056, 0.0256937805, 0.0120891176, 0.0216449835, 0.0216449835, 0.0120891176, 0.00761297201, 0.0180455633];
kernel_data_test = {'TGAGCCGTTTAAACCGGTTATCCTATGTTGAACATCTGACCCGAGCTTAAGTCCACCCGC', 'ACTCTGCAGGGTGATGCGGACCCAAACTACCTAAATGACAATCGCGCCGAGTATACGGAT', 'TATGTATATGCATGCCTCATCCATAGTATCGCGCATATACTATCCGCCGCATTCGGGCTA', 'GTGTCCTCGATGCCGAGGATCCCGTACATCGCTGTAGTGATCACGTCCGCTTCATAAAAT', 'GTACTTGATCGGGGGACGCCACTCGGATCTAACCTAGATTCAGAAGTTGGTGCTAAGACC', 'GTACAGGCAGGACCTTGTGTACGGACCCCGTGTTCCATAGCTCTCCGTGTTTCCATTGCA', 'TATCCTACTGTTAACCCTAGAACTAGGAGTGAGGAAAACCCTGTGACTAACCCACGCGGG', 'AGACGACAACTCCGGTTTTAGTGTACTCGAGTCAATGAATTACTGTCGGTCACTCCGAAC', 'GGTTCGAAACACGCGCAAAAGTCCTAAGGGGACATTCACACGTCAAAATATGGCGCCCTC', 'CCAAAGCTGAGGGGGAGCGATCGTTGATGGTAAGTCGCGTAGTCCATCCCCGTCGGCATG', 'GATGTTTTATATCGATACTGACAGTGACTAGCTTCGGCCGATAACACCGTTATCCCCTCG', 'ATTCGGGGGAGCCTACAACTCGAGTCTTGCGTACCCTCCGAAGCCAGTTAGTCTTACAAT', 'TAGGCGTAAACCCGTCCTTACTACCAACTTTAATGCACCATATTCGGACGGGCCCCGTGG', 'GGGATACAATCTCCCGTCCTACCACATGTGGGTACGTTGAATCATAGGACAGCATCCAAT', 'CCTGCTGAGTCGTGAAGCTCCGGCAGTGCATTCGCGTAGACGAGCGAGGTTCAGGAAGTT', 'ACACTTCACTACGGTCGCTTTATCAAGCTGAGACGTCTTCGGATTATATCTCGACATCGT', 'TATAGGAACCTCTCTGTAGACGGAGGAGGATGTATACATGAACAGGTTGACGCGTTACTT'};
