accuracy = 1e-10
init_random = 42
name = 'PolyMatchString'
data_type = ''
km_train = [1, 0.0227453704, 0.015625, 0.00616203704, 0.027, 0.0101712963, 0.0127037037, 0.0127037037, 0.0127037037, 0.0492962963, 0.00462962963;0.0227453704, 1, 0.0101712963, 0.015625, 0.0227453704, 0.00462962963, 0.037037037, 0.008, 0.018962963, 0.0101712963, 0.0101712963;0.015625, 0.0101712963, 1, 0.027, 0.00616203704, 0.027, 0.015625, 0.0101712963, 0.008, 0.018962963, 0.00462962963;0.00616203704, 0.015625, 0.027, 1, 0.0127037037, 0.027, 0.0227453704, 0.018962963, 0.0127037037, 0.0317546296, 0.003375;0.027, 0.0227453704, 0.00616203704, 0.0127037037, 1, 0.003375, 0.00616203704, 0.015625, 0.027, 0.00616203704, 0.015625;0.0101712963, 0.00462962963, 0.027, 0.027, 0.003375, 1, 0.00462962963, 0.00616203704, 0.008, 0.018962963, 0.0227453704;0.0127037037, 0.037037037, 0.015625, 0.0227453704, 0.00616203704, 0.00462962963, 1, 0.00616203704, 0.018962963, 0.0227453704, 0.018962963;0.0127037037, 0.008, 0.0101712963, 0.018962963, 0.015625, 0.00616203704, 0.00616203704, 1, 0.042875, 0.0101712963, 0.027;0.0127037037, 0.018962963, 0.008, 0.0127037037, 0.027, 0.008, 0.018962963, 0.042875, 1, 0.0101712963, 0.003375;0.0492962963, 0.0101712963, 0.018962963, 0.0317546296, 0.00616203704, 0.018962963, 0.0227453704, 0.0101712963, 0.0101712963, 1, 0.0101712963;0.00462962963, 0.0101712963, 0.00462962963, 0.003375, 0.015625, 0.0227453704, 0.018962963, 0.027, 0.003375, 0.0101712963, 1]
data_train = ['AAACGCTTCGGTTACCTTGCTGCTATCTCGCCGCTATGAGGTGGTGAAGATTAAATAACA', 'TTTCATGGTATATTGGCGACGGCTAACAACCCATCCTATTTTTGGACGCTATAGTTCGGA', 'TTAGTATGGCGACAGAAATCCATGTTACCGTCCAAGATTGGGTGCTTGCACAGCAATCAA', 'ATAAAATACCTATCTCGACCCTAAAAAGTCAGTCATATCCTAACACGGGTAAGGCATAGG', 'AATAATCGCGCACATTTGCTGTTGAGCAGTTTCCTTGGTAGTCCAACCACGTTATGGACA', 'GTAGACGCGCGCAGGCTGTACCACCTGTCAAGTCCGACCTGGGCGCATAGCACATCTGTG', 'TAGCTGAATACGTGCACTACGAGCACCGCGAGGCAATATTTATCCTGCTTAATTGGCCAG', 'TCGACTCGCCACCTTAGAATCACACCTAGACGTAGACGACTAGAAACAGATCGAACAGAT', 'CCGGGATAAGAGCTTCCGAAGCGAACGTGACTCTATTAGTGACATACACGGTGGAGTAAT', 'CCGCTCATCCGCTGTGTATACGTTACCCCTACGTTATTCCCAATTGGGGCCTCTCATTTA', 'GTGTTTCCAATCAAAGTCTGATGGGCTAGCAGGAGAGAATACGCCGTGTAGCAATGGGTG']
feature_class = 'string'
seqlen = 60
data_test = ['TGTAGGACTACGACAGCTCCTGTGAAAAGAAACATCCCTTGCCCGACCTTAAAGAACTTA', 'ACTACGAGCCGAGTGTGACATGAGCAGTAAGCTCCCAAATTGGCATTCAGAACCAGTGGA']
kernel_arg0_degree = 3
km_test = [0.00616203704, 0.008;0.0563287037, 0.027;0.0101712963, 0.0227453704;0.0127037037, 0.037037037;0.0317546296, 0.018962963;0.00616203704, 0.0563287037;0.042875, 0.008;0.00462962963, 0.027;0.0127037037, 0.008;0.00616203704, 0.008;0.018962963, 0.003375]
kernel_arg1_inhomogene = 'False'
alphabet = 'DNA'
data_class = 'dna'
feature_type = 'Char'
