accuracy = 1e-06
kernel_arg2_use_normalization = 'True'
name = 'Poly'
data_type = 'double'
km_train = [1, 0.371982504, 0.293064535, 0.368407721, 0.63711535, 0.391859024, 0.348932553, 0.109900714, 0.41713765, 0.490449126, 0.489130954;0.371982504, 1, 0.54091346, 0.602342086, 0.683542657, 0.545579121, 0.296248579, 0.487752664, 0.461513446, 0.670307258, 0.200565369;0.293064535, 0.54091346, 1, 0.46315565, 0.742284059, 0.498044344, 0.326428314, 0.383327428, 0.285552261, 0.557372046, 0.396383098;0.368407721, 0.602342086, 0.46315565, 1, 0.544828538, 0.369420755, 0.446666472, 0.234008121, 0.644028377, 0.395269373, 0.479952851;0.63711535, 0.683542657, 0.742284059, 0.544828538, 1, 0.549536735, 0.548913914, 0.443459438, 0.486119397, 0.683008632, 0.523329578;0.391859024, 0.545579121, 0.498044344, 0.369420755, 0.549536735, 1, 0.366020937, 0.375127269, 0.607796265, 0.403213284, 0.30717332;0.348932553, 0.296248579, 0.326428314, 0.446666472, 0.548913914, 0.366020937, 1, 0.298761101, 0.509878071, 0.185965028, 0.306234425;0.109900714, 0.487752664, 0.383327428, 0.234008121, 0.443459438, 0.375127269, 0.298761101, 1, 0.31286976, 0.220298113, 0.0948942432;0.41713765, 0.461513446, 0.285552261, 0.644028377, 0.486119397, 0.607796265, 0.509878071, 0.31286976, 1, 0.25018627, 0.444057338;0.490449126, 0.670307258, 0.557372046, 0.395269373, 0.683008632, 0.403213284, 0.185965028, 0.220298113, 0.25018627, 1, 0.246529167;0.489130954, 0.200565369, 0.396383098, 0.479952851, 0.523329578, 0.30717332, 0.306234425, 0.0948942432, 0.444057338, 0.246529167, 1]
data_train = [0.134152203, 0.705888648, 0.375634854, 0.894838728, 0.385823245, 0.998242396, 0.734964515, 0.417410766, 0.807690228, 0.138522514, 0.380207217;0.435371352, 0.903827749, 0.446280381, 0.667043415, 0.803448905, 0.404959592, 0.180964269, 0.0623733445, 0.377230395, 0.65980232, 0.61857561;0.00773787906, 0.180323912, 0.443844033, 0.191024086, 0.691935633, 0.377001761, 0.715410102, 0.850963122, 0.367788672, 0.0114711801, 0.538092607;0.232386344, 0.761129334, 0.0628584854, 0.935154714, 0.339707064, 0.149840376, 0.15740159, 0.622606004, 0.924123648, 0.231453009, 0.318184006;0.425852961, 0.904166639, 0.777588127, 0.176963911, 0.86652667, 0.72823384, 0.225917242, 0.802583739, 0.204683767, 0.564088024, 0.069387499;0.0725074203, 0.549488317, 0.797111666, 0.759714478, 0.486594145, 0.765948125, 0.262577351, 0.292392823, 0.585187784, 0.538506825, 0.357957059;0.565556813, 0.431320507, 0.209399618, 0.290371124, 0.689046402, 0.756707365, 0.714604067, 0.285526774, 0.933478712, 0.533342203, 0.321080199;0.720088443, 0.0216148492, 0.141429266, 0.159844476, 0.320130911, 0.859259361, 0.00958278469, 0.0140851481, 0.716543542, 0.0301988834, 0.951840472;0.460369911, 0.451453636, 0.641827466, 0.562123908, 0.721675324, 0.328147503, 0.0475169654, 0.202179062, 0.142557167, 0.943696895, 0.8411701;0.983163139, 0.997151972, 0.334116847, 0.551194564, 0.868841853, 0.884158857, 0.534446175, 0.519791256, 0.522378038, 0.990151158, 0.152861928;0.992780336, 0.304709243, 0.507281265, 0.975188831, 0.894006084, 0.157160556, 0.959679151, 0.00894138646, 0.613864166, 0.324560173, 0.993856661]
feature_class = 'simple'
data_test = [0.183252666, 0.52130845, 0.507710725, 0.877859227, 0.471609937, 0.281499253, 0.523034472, 0.930405968, 0.860139491, 0.245283109, 0.62469585, 0.346356211, 0.429924059, 0.117344684, 0.884304411, 0.176656942, 0.175516143;0.804059291, 0.853503205, 0.00765695768, 0.901092247, 0.754822788, 0.305305537, 0.690929635, 0.763489624, 0.165953378, 0.890837747, 0.714365723, 0.323528902, 0.552682008, 0.180291388, 0.940932465, 0.772517936, 0.537534988;0.409316103, 0.0566110479, 0.166492783, 0.793567566, 0.858405787, 0.881060494, 0.882022126, 0.596414505, 0.478495317, 0.668694758, 0.714522515, 0.5166701, 0.230928777, 0.716654208, 0.910141085, 0.964744144, 0.217478603;0.334441328, 0.158097166, 0.268964095, 0.876520679, 0.025217563, 0.78943842, 0.500746469, 0.782036889, 0.0312661835, 0.398114718, 0.0567014712, 0.831824534, 0.660260859, 0.266289814, 0.597637413, 0.457722796, 0.790560054;0.114553809, 0.285116502, 0.579961847, 0.659814839, 0.20744358, 0.565218807, 0.0927712101, 0.301324286, 0.407102142, 0.0496628879, 0.0974388909, 0.505740102, 0.00489560801, 0.311489191, 0.537883925, 0.556439798, 0.570553304;0.00119388367, 0.0958755512, 0.0997172807, 0.449401866, 0.538077051, 0.813051458, 0.318396074, 0.28517078, 0.425888412, 0.128626759, 0.343321861, 0.468466342, 0.401093894, 0.291020375, 0.607700349, 0.16636859, 0.665800506;0.0636511405, 0.26343061, 0.346190305, 0.369313861, 0.613504406, 0.230868985, 0.307841691, 0.498001238, 0.535837404, 0.98850378, 0.233727827, 0.218168074, 0.473988396, 0.68703003, 0.214479595, 0.720704937, 0.133021283;0.834715075, 0.416812218, 0.655335658, 0.192648695, 0.607691816, 0.280715636, 0.646464241, 0.531162782, 0.943241991, 0.094294987, 0.9946411, 0.614486585, 0.622361868, 0.140395637, 0.180350585, 0.448631666, 0.551849673;0.559012629, 0.313483562, 0.414904828, 0.185003523, 0.540314712, 0.112637586, 0.738119125, 0.975970714, 0.885609891, 0.665701584, 0.523340268, 0.692292082, 0.524568106, 0.704451939, 0.989775034, 0.947972115, 0.956037698;0.639866066, 0.517324164, 0.514844243, 0.837651582, 0.838847192, 0.665439593, 0.721439843, 0.704603221, 0.748410851, 0.944634092, 0.149254374, 0.0245672394, 0.786654515, 0.729197844, 0.54478389, 0.125635379, 0.398961403;0.98638566, 0.714328828, 0.381304255, 0.165013965, 0.665336699, 0.338727516, 0.795908221, 0.827960393, 0.487317334, 0.851632438, 0.582200331, 0.795638944, 0.673465843, 0.928088728, 0.99319399, 0.503074869, 0.2782085]
kernel_arg0_degree = 3
km_test = [0.686265999, 0.658886527, 0.608380428, 0.237067307, 0.5439946, 0.224118913, 0.525446863, 0.518702273, 0.513102256, 0.559685173, 0.325815508, 0.346385192, 0.685892769, 0.579516593, 0.352882789, 0.31016701, 0.333016972;0.270689579, 0.531825248, 0.420713114, 0.803730534, 0.431580096, 0.535186573, 0.423478708, 0.595217371, 0.34284326, 0.442502146, 0.196770399, 0.344037794, 0.522545485, 0.33756456, 0.584778679, 0.34006336, 0.540670105;0.271051517, 0.382887207, 0.395873316, 0.423643423, 0.546978357, 0.502819909, 0.457204647, 0.489483574, 0.48488809, 0.315961744, 0.373462872, 0.507766197, 0.346548918, 0.477731833, 0.704139932, 0.490140929, 0.572996552;0.417915412, 0.572207327, 0.350932647, 0.54726327, 0.44942683, 0.467410613, 0.601997139, 0.770917704, 0.378146437, 0.454171729, 0.352939084, 0.604638162, 0.730094913, 0.415770834, 0.745271812, 0.320710321, 0.52497662;0.546961514, 0.647780466, 0.554060775, 0.594914698, 0.786357558, 0.556866763, 0.716093971, 0.726708707, 0.568616549, 0.726253382, 0.451562793, 0.547079621, 0.629304962, 0.77316812, 0.77020107, 0.689115296, 0.543438791;0.24086456, 0.420899703, 0.691043718, 0.54617702, 0.605819458, 0.448747949, 0.434841262, 0.497968552, 0.751440262, 0.29770006, 0.441140608, 0.301587664, 0.498861348, 0.309782255, 0.394588281, 0.298770421, 0.375958802;0.263461258, 0.380498291, 0.329758644, 0.383020315, 0.559348337, 0.363761434, 0.486109456, 0.485421952, 0.377887461, 0.547531841, 0.29888055, 0.285706347, 0.400035483, 0.626828896, 0.497861392, 0.307156889, 0.100551083;0.0863291004, 0.104376073, 0.347147955, 0.660726542, 0.282036316, 0.7193554, 0.306036792, 0.336634966, 0.251528393, 0.211679243, 0.125772562, 0.318238799, 0.20322677, 0.320177077, 0.387607425, 0.354443376, 0.307687059;0.332186951, 0.431038121, 0.530854158, 0.551647911, 0.505902855, 0.517128174, 0.543763572, 0.645798724, 0.492425491, 0.44395519, 0.4150067, 0.534595572, 0.740920392, 0.397180745, 0.441866602, 0.362025466, 0.388548456;0.294277175, 0.431631251, 0.346883381, 0.36478029, 0.476571128, 0.290733482, 0.395037888, 0.486545204, 0.40282331, 0.542555557, 0.163690729, 0.249294865, 0.496552616, 0.493841307, 0.462392605, 0.369147088, 0.557377811;0.766797843, 0.55858317, 0.431527871, 0.233150271, 0.624662727, 0.255677131, 0.775652678, 0.689470941, 0.58402124, 0.437088303, 0.827358997, 0.71580386, 0.64621244, 0.486920865, 0.613706955, 0.603557891, 0.489766221]
kernel_arg1_inhomogene = 'False'
init_random = 42
data_class = 'rand'
feature_type = 'Real'
