accuracy = 1e-10;
init_random = 42;
name = 'PolyMatchString';
data_type = '';
km_train = [1, 0.027, 0.027, 0.00462962963, 0.0101712963, 0.00616203704, 0.008, 0.008, 0.008, 0.008, 0.018962963;0.027, 1, 0.0227453704, 0.003375, 0.0101712963, 0.0101712963, 0.00462962963, 0.018962963, 0.008, 0.008, 0.018962963;0.027, 0.0227453704, 1, 0.00462962963, 0.015625, 0.0101712963, 0.064, 0.008, 0.0492962963, 0.0101712963, 0.0127037037;0.00462962963, 0.003375, 0.00462962963, 1, 0.037037037, 0.037037037, 0.00616203704, 0.0317546296, 0.00616203704, 0.015625, 0.018962963;0.0101712963, 0.0101712963, 0.015625, 0.037037037, 1, 0.0227453704, 0.015625, 0.037037037, 0.00462962963, 0.0227453704, 0.0317546296;0.00616203704, 0.0101712963, 0.0101712963, 0.037037037, 0.0227453704, 1, 0.00462962963, 0.072337963, 0.015625, 0.015625, 0.0227453704;0.008, 0.00462962963, 0.064, 0.00616203704, 0.015625, 0.00462962963, 1, 0.015625, 0.015625, 0.0127037037, 0.027;0.008, 0.018962963, 0.008, 0.0317546296, 0.037037037, 0.072337963, 0.015625, 1, 0.008, 0.0563287037, 0.037037037;0.008, 0.008, 0.0492962963, 0.00616203704, 0.00462962963, 0.015625, 0.015625, 0.008, 1, 0.0101712963, 0.0317546296;0.008, 0.008, 0.0101712963, 0.015625, 0.0227453704, 0.015625, 0.0127037037, 0.0563287037, 0.0101712963, 1, 0.0227453704;0.018962963, 0.018962963, 0.0127037037, 0.018962963, 0.0317546296, 0.0227453704, 0.027, 0.037037037, 0.0317546296, 0.0227453704, 1];
data_train = {'TGCCGGCTATGGGCTATATGCTCAGAGAGAATGGATATGAAGATATTCGAGGGTAACGGC', 'CGAAGCAAAACGGACCACCTTAGGGCGTGTAGGAGGACTGATTAGCCAGGTAGTGAACGC', 'TTGAGGCTATTTCTGGTGGCCCGAGGATGCAAGCTGTCCGACCAGAAAGTGGTCCGGTCA', 'GTCTTCGCTAGATCGGCGCCAGCTCGCTTATGAGAACATCCGAGCGGACCCCCGCAGCAT', 'ATCGTGGCTGGAAACGAAAACTGCCCGAGGGACCCGTGGCATGACGGGACCGTGAGACAT', 'GCGTTTACCCTACCCTTATCCTAGCTATATCACAAAGCCTAGTGTGGACGATCGATAAAC', 'GGGGGACTCTACGTCCCCGAACGAAGAATGTACAGGTTCCCACTCATTACGTAACGTTCA', 'GTACTTACGGTAGCACGATTCGGGTCGCCACACAAGCACCCGGAAGATTTTTCTCTACAA', 'TTGGAAATTCCGATGGTGGCTGTCGGACCTCTGTTGGTAGCGTCTAAGATGTGGGCCATG', 'ACACTGTCGATGTCAGCGAAGAGCTGGAGACCTTCAACCCGGTCATCTTCATTACCAACA', 'GGGGAACCGGCACCCCGAAGCATCGTTGGATGGCAGATCGCGCCCGAGTCAAAGGAAGCT'};
feature_class = 'string';
seqlen = 60;
data_test = {'ATAGAACTTATACAGGGGCAACCGTTATTCCATATATATTGTATCACGTGACCCCAATCA', 'TGTGGGTACGTTGAATCATAGGACAGCATCCAATCCTGCTGAGTCGTGAAGCTCCGGCAG'};
kernel_arg0_degree = 3;
km_test = [0.001, 0.008;0.0101712963, 0.001;0.042875, 0.018962963;0.042875, 0.0101712963;0.0127037037, 0.042875;0.018962963, 0.008;0.0317546296, 0.0492962963;0.018962963, 0.015625;0.0127037037, 0.00616203704;0.0317546296, 0.0227453704;0.015625, 0.003375];
kernel_arg1_inhomogene = 'False';
alphabet = 'DNA';
data_class = 'dna';
feature_type = 'Char';
