accuracy = 1e-06;
kernel_arg2_use_normalization = 'False';
name = 'Poly';
data_type = 'double';
km_train = [44.0422154, 12.5985595, 45.3875397, 23.6350155, 6.38281988, 21.3645975, 41.6249685, 27.537135, 18.4900011, 13.7402693, 5.43241312;12.5985595, 69.1201113, 64.1229489, 53.4583447, 19.3889259, 27.5450323, 17.2412734, 20.9436179, 38.7249128, 23.6950603, 14.4092349;45.3875397, 64.1229489, 120.565185, 68.4074849, 23.8376874, 52.5252701, 54.8078568, 48.6376559, 58.867406, 34.6546156, 22.7925113;23.6350155, 53.4583447, 68.4074849, 89.2903578, 15.3120551, 49.153081, 26.3236504, 36.6857201, 30.6361362, 14.9470711, 18.3567304;6.38281988, 19.3889259, 23.8376874, 15.3120551, 15.3708222, 10.1228839, 7.07799471, 8.73035154, 17.36942, 14.5159666, 6.06215701;21.3645975, 27.5450323, 52.5252701, 49.153081, 10.1228839, 58.029991, 18.2594894, 26.7917686, 22.9761044, 10.2660956, 11.3810082;41.6249685, 17.2412734, 54.8078568, 26.3236504, 7.07799471, 18.2594894, 54.9314373, 39.5104676, 21.5663425, 18.2303161, 9.49635171;27.537135, 20.9436179, 48.6376559, 36.6857201, 8.73035154, 26.7917686, 39.5104676, 57.229705, 20.051094, 11.3848135, 11.4101288;18.4900011, 38.7249128, 58.867406, 30.6361362, 17.36942, 22.9761044, 21.5663425, 20.051094, 39.447604, 27.3390754, 15.4692473;13.7402693, 23.6950603, 34.6546156, 14.9470711, 14.5159666, 10.2660956, 18.2303161, 11.3848135, 27.3390754, 46.4671767, 14.9264606;5.43241312, 14.4092349, 22.7925113, 18.3567304, 6.06215701, 11.3810082, 9.49635171, 11.4101288, 15.4692473, 14.9264606, 22.813572];
data_train = [0.0965872303, 0.803407827, 0.866126059, 0.583761421, 0.366000548, 0.652629636, 0.305664073, 0.238385692, 0.48814521, 0.216153828, 0.483703608;0.956606505, 0.839784036, 0.94163092, 0.806328975, 0.354750936, 0.812045239, 0.922915744, 0.947035788, 0.683197851, 0.211366644, 0.0397291534;0.147200228, 0.965546918, 0.462096824, 0.854986015, 0.465044154, 0.660817583, 0.0241407771, 0.249864943, 0.43626928, 0.630631047, 0.171521188;0.764551464, 0.364404706, 0.817435269, 0.0979690904, 0.679756588, 0.293328333, 0.795383174, 0.402170427, 0.665349632, 0.934305269, 0.020626632;0.0111167823, 0.770279252, 0.646393052, 0.292979721, 0.494396703, 0.0419356656, 0.192445605, 0.424496375, 0.834044416, 0.479667183, 0.586362505;0.873753792, 0.308818914, 0.700699321, 0.861667259, 0.202615701, 0.356478165, 0.979810174, 0.983218565, 0.22322993, 0.0664458389, 0.270921611;0.397731957, 0.441005601, 0.618806307, 0.89950276, 0.330348012, 0.849984535, 0.0934789209, 0.041874699, 0.504045183, 0.0596622233, 0.392489801;0.896778117, 0.241483036, 0.705975775, 0.302365392, 0.0449200552, 0.556690581, 0.834853491, 0.409468448, 0.617293826, 0.900023598, 0.789694513;0.193876399, 0.733383959, 0.501893025, 0.745966808, 0.494515551, 0.127958164, 0.569909447, 0.492133992, 0.517921734, 0.878902454, 0.894837047;0.453537107, 0.455732041, 0.515186959, 0.519589278, 0.950387144, 0.649400467, 0.277456995, 0.531536797, 0.627223583, 0.639771721, 0.585254226;0.177736155, 0.0335931891, 0.337843052, 0.427522155, 0.0618042396, 0.814967338, 0.344077438, 0.913632746, 0.154410108, 0.0569349569, 0.482316104];
feature_class = 'simple';
data_test = [0.189129337, 0.937399276, 0.0103033985, 0.412619675, 0.926747771, 0.384418207, 0.0931092806, 0.302894943, 0.498010394, 0.185151687, 0.466561705, 0.836343196, 0.87261797, 0.0492607347, 0.160903358, 0.275290136, 0.594865851;0.360994759, 0.844040913, 0.716671868, 0.100456023, 0.624557503, 0.113012625, 0.25503567, 0.177870634, 0.173061949, 0.616395525, 0.563604923, 0.176028153, 0.990172805, 0.421836732, 0.0970693282, 0.120569017, 0.583893714;0.979069403, 0.571951102, 0.949041477, 0.444132851, 0.435841104, 0.500007359, 0.697425458, 0.367615966, 0.863886033, 0.0292813848, 0.439764195, 0.51099185, 0.607032238, 0.276071912, 0.427479971, 0.48453775, 0.686909979;0.773544185, 0.737827327, 0.341583052, 0.999450523, 0.848665312, 0.260023373, 0.195105806, 0.314021251, 0.452344853, 0.850799378, 0.778362264, 0.851246124, 0.271957115, 0.593461222, 0.283249062, 0.109023161, 0.684197743;0.142997551, 0.667697762, 0.647964305, 0.810248444, 0.139554605, 0.783480149, 0.999276526, 0.851042449, 0.751812076, 0.662165355, 0.421781485, 0.730500168, 0.724178035, 0.631498283, 0.796278378, 0.448763888, 0.121252712;0.559067728, 0.265043529, 0.384433097, 0.0174149039, 0.382790588, 0.808801106, 0.542722367, 0.00980052693, 0.46984382, 0.291451648, 0.477550655, 0.404692721, 0.93197922, 0.041177299, 0.683588011, 0.851026596, 0.959238585;0.177636227, 0.531304802, 0.0435895773, 0.499183524, 0.12545809, 0.837896675, 0.113870003, 0.51328836, 0.521096069, 0.971650498, 0.654980694, 0.287840293, 0.24079931, 0.128248206, 0.756514724, 0.690756656, 0.609877127;0.0408404429, 0.762828866, 0.641887577, 0.963888868, 0.58720213, 0.303951907, 0.381520552, 0.175840705, 0.722914182, 0.70772166, 0.200650015, 0.158489323, 0.0770049332, 0.911975744, 0.233069834, 0.344163527, 0.280504508;0.413624603, 0.714048799, 0.870595634, 0.18259875, 0.686412344, 0.352562142, 0.980527168, 0.298919159, 0.00719295601, 0.515639974, 0.150731084, 0.0444944268, 0.698269232, 0.732259283, 0.460699013, 0.676885517, 0.538239448;0.629801108, 0.596703973, 0.665822764, 0.199630649, 0.26870662, 0.43996315, 0.446128009, 0.774411712, 0.367393659, 0.162505156, 0.25146597, 0.214733502, 0.731660019, 0.470339615, 0.708630698, 0.416219681, 0.889735603;0.983520308, 0.669842509, 0.863812557, 0.507933267, 0.93462084, 0.831586486, 0.991778572, 0.623093735, 0.77920674, 0.54286814, 0.259120104, 0.354755171, 0.894005415, 0.0559479466, 0.591479886, 0.372484033, 0.386692538];
kernel_arg0_degree = 3;
km_test = [11.1961572, 33.0386023, 18.5631035, 11.6791211, 20.4256766, 10.0019615, 7.37214096, 2.70535156, 11.6601588, 22.3215573, 12.0999402, 5.47610196, 25.466179, 10.3564514, 8.23947067, 8.17845984, 31.2690985;19.1784923, 69.7225652, 39.7895537, 16.2568844, 29.1961321, 21.1270633, 28.9028369, 13.5250486, 23.6859738, 19.133161, 17.5743176, 17.9563727, 67.1122083, 13.9250807, 18.0220994, 16.0952601, 40.0145461;29.0971212, 114.142012, 48.2953485, 38.1232819, 60.9406751, 38.4014564, 33.5607784, 17.8745855, 41.6881022, 51.0170826, 33.4249749, 30.391032, 93.882075, 22.9436231, 29.2848562, 24.4342837, 70.2838098;28.8323393, 66.465623, 44.6574855, 11.3824526, 33.1607079, 38.8784608, 34.0389941, 12.6446649, 28.5125139, 25.6147677, 20.0754813, 12.4298607, 84.7096388, 9.11917095, 29.8905752, 31.3601673, 63.8558378;11.9585759, 26.0722314, 15.4331771, 7.9558259, 10.7540685, 8.94220734, 10.8003738, 9.01055917, 8.30726685, 8.74909024, 7.58178172, 7.74114086, 23.4819816, 7.03301379, 10.86849, 6.1711735, 22.2692835;25.2294632, 60.009122, 30.4413547, 15.7292437, 34.2898896, 25.9465166, 16.6588899, 12.1585575, 29.4469808, 23.289648, 16.2172471, 10.9140867, 53.059434, 6.16677573, 17.5846934, 13.6712224, 42.888723;13.9063515, 44.5069589, 26.426832, 13.5337899, 33.899814, 12.5705448, 15.8686558, 3.26263873, 12.5520334, 24.9818394, 12.4087634, 8.13064219, 41.401088, 13.5727525, 9.60099656, 10.5805954, 33.4658199;27.3835549, 47.5025812, 44.5479018, 9.84319889, 35.2374597, 23.9541727, 34.6794713, 8.63040208, 19.4662567, 19.9381616, 11.7070393, 9.01449304, 75.2316938, 8.8405925, 18.2338829, 14.4640843, 38.1941501;13.8360929, 62.8993373, 32.2279235, 25.7584842, 25.1487821, 19.3987071, 22.9563628, 14.7911016, 22.7736335, 29.4215301, 15.827113, 15.1216617, 42.4275434, 19.1184389, 18.3192207, 12.0833913, 30.8575876;14.4002885, 44.1624672, 33.6462024, 25.1160139, 23.3168498, 8.70415957, 21.1474476, 8.23856399, 15.086623, 17.6505768, 7.83741447, 8.86133107, 18.8313527, 24.6462298, 10.1301554, 7.97118537, 21.9398691;6.230349, 32.333288, 21.8751155, 11.581601, 15.365899, 15.682131, 23.754483, 9.08150873, 12.9130523, 13.1852326, 3.64375544, 4.32631254, 24.0834615, 10.7886861, 13.9313283, 11.9910101, 14.2357389];
kernel_arg1_inhomogene = 'False';
init_random = 42;
data_class = 'rand';
feature_type = 'Real';
