accuracy = 1e-06
kernel_arg2_use_normalization = 'False'
name = 'Poly'
data_type = 'double'
km_train = [32.4668076, 15.9748049, 25.3725623, 33.0586753, 16.8777112, 35.5220056, 14.310812, 5.17483361, 18.5000093, 23.4365844, 21.4546014;15.9748049, 43.6549493, 13.4166123, 31.0913253, 24.8918322, 44.3469347, 10.0356424, 8.93993343, 19.1769206, 27.6451095, 20.5223906;25.3725623, 13.4166123, 84.9086229, 44.4228118, 19.3536308, 49.3684575, 21.6068565, 9.30427332, 18.1853414, 37.2898273, 25.0103428;33.0586753, 31.0913253, 44.4228118, 85.6149041, 47.565302, 77.3215106, 20.1834892, 16.8787882, 31.020034, 42.8349621, 36.9212532;16.8777112, 24.8918322, 19.3536308, 47.565302, 52.2134761, 41.3131654, 5.43050142, 10.7769379, 22.2842004, 14.9288385, 21.061491;35.5220056, 44.3469347, 49.3684575, 77.3215106, 41.3131654, 179.2551, 24.53218, 13.974052, 33.1731425, 51.5059049, 31.7668781;14.310812, 10.0356424, 21.6068565, 20.1834892, 5.43050142, 24.53218, 16.3997701, 5.09729862, 9.13244449, 25.9711862, 12.1000755;5.17483361, 8.93993343, 9.30427332, 16.8787882, 10.7769379, 13.974052, 5.09729862, 11.4227835, 5.05236182, 11.5120806, 12.7218597;18.5000093, 19.1769206, 18.1853414, 31.020034, 22.2842004, 33.1731425, 9.13244449, 5.05236182, 31.2877834, 22.5883941, 14.716307;23.4365844, 27.6451095, 37.2898273, 42.8349621, 14.9288385, 51.5059049, 25.9711862, 11.5120806, 22.5883941, 64.9834396, 30.1350654;21.4546014, 20.5223906, 25.0103428, 36.9212532, 21.061491, 31.7668781, 12.1000755, 12.7218597, 14.716307, 30.1350654, 31.175505]
data_train = [0.649807286, 0.1639892, 0.987133009, 0.539696639, 0.557808138, 0.921124783, 0.360147054, 0.061591568, 0.478584349, 0.200313702, 0.268141651;0.260435648, 0.719236939, 0.94608732, 0.352625699, 0.00956585553, 0.992858812, 0.713925675, 0.469202972, 0.187033236, 0.820509276, 0.428645097;0.195168709, 0.936906849, 0.0587132344, 0.387396069, 0.766865038, 0.168198597, 0.218124876, 0.66341017, 0.673242002, 0.402456752, 0.461526833;0.426970978, 0.251190134, 0.25077858, 0.872379703, 0.463783719, 0.795620536, 0.433243149, 0.837802246, 0.1677085, 0.354721475, 0.642537168;0.518938144, 0.553354475, 0.331876467, 0.479591836, 0.389504568, 0.550604295, 0.0841794782, 0.143260764, 0.734582447, 0.552221819, 0.643920993;0.114936434, 0.545018825, 0.69834593, 0.970859772, 0.884431433, 0.788461368, 0.285592483, 0.484051839, 0.368156244, 0.777281893, 0.551282704;0.595323783, 0.11737322, 0.853555889, 0.678602672, 0.196732645, 0.425015142, 0.846939182, 0.307916559, 0.904223626, 0.944948437, 0.376614375;0.787848996, 0.789120168, 0.519268141, 0.9431184, 0.965815237, 0.748753589, 0.365448384, 0.180708281, 0.71663358, 0.228855415, 0.422597893;0.295276697, 0.411569653, 0.0961175136, 0.32008565, 0.660638037, 0.963074714, 0.0685383895, 0.339769592, 0.491674884, 0.24348578, 0.285322304;0.719397126, 0.724965849, 0.0109450612, 0.414559968, 0.0902110526, 0.740629756, 0.67327959, 0.0503255765, 0.330625472, 0.851442734, 0.457934082;0.785716175, 0.318294948, 0.924131565, 0.532730278, 0.522663291, 0.0268868531, 0.518142633, 0.62118506, 0.219714301, 0.616900294, 0.967322847]
feature_class = 'simple'
data_test = [0.17531088, 0.935396475, 0.013313455, 0.676474303, 0.479568895, 0.252440169, 0.244507802, 0.700054058, 0.945088, 0.312053482, 0.207639379, 0.0447296942, 0.326255873, 0.641124008, 0.717200229, 0.701411819, 0.335752438;0.581777565, 0.366137385, 0.687859861, 0.471234257, 0.0444145989, 0.516945859, 0.946376974, 0.311012238, 0.315782705, 0.710627053, 0.16391138, 0.661550193, 0.34892085, 0.365167064, 0.600421689, 0.219462296, 0.382066631;0.04741067, 0.352977371, 0.257485372, 0.752051882, 0.311691801, 0.076730295, 0.872630385, 0.793096044, 0.6336215, 0.955796247, 0.768301141, 0.796606113, 0.998724513, 0.306664013, 0.761698836, 0.0584160102, 0.592036005;0.134561488, 0.419614163, 0.781833833, 0.823057426, 0.517443789, 0.219583576, 0.23352486, 0.350917366, 0.641468916, 0.0346871731, 0.924894741, 0.60329286, 0.118715565, 0.540245933, 0.449273766, 0.681772887, 0.46183746;0.780953533, 0.575366733, 0.219016613, 0.252173656, 0.309208294, 0.0583499238, 0.359158759, 0.427318369, 0.885283267, 0.420005974, 0.391111662, 0.335096735, 0.0204881712, 0.886829871, 0.606959377, 0.200556124, 0.464317461;0.200736203, 0.852107351, 0.312437397, 0.985366241, 0.537830301, 0.681072431, 0.808189891, 0.978195213, 0.339099919, 0.397233094, 0.134444977, 0.63838246, 0.976342115, 0.0638991541, 0.299824273, 0.0192020438, 0.911778114;0.718411058, 0.650629129, 0.0619232157, 0.377676929, 0.659367927, 0.976804697, 0.998095652, 0.398793082, 0.342893286, 0.381099617, 0.620599361, 0.875909997, 0.936762219, 0.692665051, 0.92146512, 0.887857671, 0.982304067;0.528212729, 0.925206379, 0.136926047, 0.358306882, 0.151523562, 0.584888108, 0.488643775, 0.54429678, 0.213255151, 0.893319866, 0.496669379, 0.647092945, 0.0908647345, 0.234321629, 0.521137815, 0.102166918, 0.0693036669;0.71675202, 0.817263198, 0.50043892, 0.580687064, 0.348664339, 0.364326591, 0.196506214, 0.278711636, 0.722382723, 0.75737485, 0.365297197, 0.929381066, 0.106817437, 0.609719774, 0.292591349, 0.610310931, 0.684236679;0.71405868, 0.851959697, 0.174883241, 0.452900847, 0.720235346, 0.0673393502, 0.23675272, 0.703124907, 0.235181921, 0.418691235, 0.234693828, 0.5743297, 0.0582528956, 0.97121059, 0.959084545, 0.87874054, 0.636523913;0.587790616, 0.293021639, 0.0918957532, 0.763202695, 0.295777748, 0.305297719, 0.345612349, 0.416597092, 0.133910793, 0.811942983, 0.740258173, 0.0589915721, 0.520603112, 0.950341641, 0.184391191, 0.273320064, 0.941968126]
kernel_arg0_degree = 3
km_test = [21.75238, 44.680665, 1.78017597, 24.6089361, 10.5414452, 7.46262186, 14.4146776, 20.9420684, 14.7449342, 25.5756075, 16.7766961, 18.1270686, 5.66917972, 42.5880847, 32.5448701, 16.7359753, 27.4241258;16.9320647, 42.485744, 4.94204396, 32.0097747, 7.45571809, 5.98764818, 29.833917, 31.9354206, 16.204578, 44.3150285, 14.0791458, 37.4435659, 11.3452259, 22.9084938, 34.9349272, 5.64326836, 26.1265341;18.9647717, 45.7358724, 2.89287033, 39.6683266, 9.23344605, 20.755852, 38.4996075, 26.6584974, 16.7682135, 29.1854114, 13.3151238, 18.7979662, 21.2073251, 30.6984949, 30.091385, 11.9483947, 41.1346375;22.6460748, 80.898718, 6.78041469, 63.6472429, 19.1455286, 20.8122839, 40.9803388, 48.3113988, 27.3837675, 37.8074203, 29.5207179, 48.4074142, 22.0549083, 37.5056892, 45.663045, 17.4196319, 53.6993311;10.367069, 53.1493307, 3.20608186, 44.8805571, 8.85716622, 9.19398819, 21.432418, 34.820037, 21.9566849, 37.4302478, 18.7778778, 30.1096429, 15.5825167, 17.5454179, 21.0399784, 5.34204208, 30.0331298;38.5524375, 125.168537, 15.074639, 70.5520939, 22.3097914, 21.129207, 42.7414574, 52.7423557, 52.0924471, 47.3592624, 20.1597931, 72.9642448, 12.4333918, 53.8006954, 68.5102744, 34.0627619, 52.9584431;12.264422, 22.4128699, 2.19991406, 17.460877, 7.43897465, 8.49970974, 19.5109421, 13.1367362, 5.82118127, 13.7510674, 9.32915425, 17.4411781, 8.73314805, 20.702357, 24.8119031, 12.2331071, 22.9839108;4.08265578, 10.3620643, 4.18689635, 22.8958333, 3.82689398, 3.75492754, 13.2334167, 9.99295314, 7.29801088, 12.6459785, 13.34568, 15.1068709, 9.11425735, 9.62109761, 8.99667813, 3.4249494, 18.6549156;18.4113713, 45.1087993, 1.70045261, 22.0806625, 9.7857422, 10.2248256, 26.6119614, 23.6826663, 20.7043701, 28.661525, 15.1817844, 32.1378746, 13.5922499, 26.2274341, 36.2017698, 10.8157378, 29.1232639;30.1215925, 50.2620086, 5.16976397, 41.3736512, 16.9476602, 16.3169485, 46.7985315, 34.6564196, 15.9075285, 32.4496782, 17.1613787, 42.6948724, 23.6068651, 44.8263447, 49.1106992, 18.3865996, 63.1258799;17.823085, 33.4898922, 4.29761124, 38.2699927, 9.90152369, 7.12195094, 21.5319306, 24.6844353, 15.8695256, 28.5240338, 21.3036477, 22.1204784, 11.8155643, 36.6364276, 24.7524713, 9.33245274, 40.0915269]
kernel_arg1_inhomogene = 'False'
data_class = 'rand'
feature_type = 'Real'
