accuracy = 1e-10;
init_random = 42;
name = 'PolyMatchString';
data_type = '';
km_train = [1, 0.0302183883, 0.0302183883, 0.00586392694, 0.0120891176, 0.00761297201, 0.00967922425, 0.00967922425, 0.00967922425, 0.00967922425, 0.0216449835;0.0302183883, 1, 0.0256937805, 0.0044056551, 0.0120891176, 0.0120891176, 0.00586392694, 0.0216449835, 0.00967922425, 0.00967922425, 0.0216449835;0.0302183883, 0.0256937805, 1, 0.00586392694, 0.0180455633, 0.0120891176, 0.0688383609, 0.00967922425, 0.0536036056, 0.0120891176, 0.014869086;0.00586392694, 0.0044056551, 0.00586392694, 1, 0.0408007719, 0.0408007719, 0.00761297201, 0.0352452408, 0.00761297201, 0.0180455633, 0.0216449835;0.0120891176, 0.0120891176, 0.0180455633, 0.0408007719, 1, 0.0256937805, 0.0180455633, 0.0408007719, 0.00586392694, 0.0256937805, 0.0352452408;0.00761297201, 0.0120891176, 0.0120891176, 0.0408007719, 0.0256937805, 1, 0.00586392694, 0.077433794, 0.0180455633, 0.0180455633, 0.0256937805;0.00967922425, 0.00586392694, 0.0688383609, 0.00761297201, 0.0180455633, 0.00586392694, 1, 0.0180455633, 0.0180455633, 0.014869086, 0.0302183883;0.00967922425, 0.0216449835, 0.00967922425, 0.0352452408, 0.0408007719, 0.077433794, 0.0180455633, 1, 0.00967922425, 0.0609037761, 0.0408007719;0.00967922425, 0.00967922425, 0.0536036056, 0.00761297201, 0.00586392694, 0.0180455633, 0.0180455633, 0.00967922425, 1, 0.0120891176, 0.0352452408;0.00967922425, 0.00967922425, 0.0120891176, 0.0180455633, 0.0256937805, 0.0180455633, 0.014869086, 0.0609037761, 0.0120891176, 1, 0.0256937805;0.0216449835, 0.0216449835, 0.014869086, 0.0216449835, 0.0352452408, 0.0256937805, 0.0302183883, 0.0408007719, 0.0352452408, 0.0256937805, 1];
data_train = {'TGCCGGCTATGGGCTATATGCTCAGAGAGAATGGATATGAAGATATTCGAGGGTAACGGC', 'CGAAGCAAAACGGACCACCTTAGGGCGTGTAGGAGGACTGATTAGCCAGGTAGTGAACGC', 'TTGAGGCTATTTCTGGTGGCCCGAGGATGCAAGCTGTCCGACCAGAAAGTGGTCCGGTCA', 'GTCTTCGCTAGATCGGCGCCAGCTCGCTTATGAGAACATCCGAGCGGACCCCCGCAGCAT', 'ATCGTGGCTGGAAACGAAAACTGCCCGAGGGACCCGTGGCATGACGGGACCGTGAGACAT', 'GCGTTTACCCTACCCTTATCCTAGCTATATCACAAAGCCTAGTGTGGACGATCGATAAAC', 'GGGGGACTCTACGTCCCCGAACGAAGAATGTACAGGTTCCCACTCATTACGTAACGTTCA', 'GTACTTACGGTAGCACGATTCGGGTCGCCACACAAGCACCCGGAAGATTTTTCTCTACAA', 'TTGGAAATTCCGATGGTGGCTGTCGGACCTCTGTTGGTAGCGTCTAAGATGTGGGCCATG', 'ACACTGTCGATGTCAGCGAAGAGCTGGAGACCTTCAACCCGGTCATCTTCATTACCAACA', 'GGGGAACCGGCACCCCGAAGCATCGTTGGATGGCAGATCGCGCCCGAGTCAAAGGAAGCT'};
feature_class = 'string';
seqlen = 60;
data_test = {'ATAGAACTTATACAGGGGCAACCGTTATTCCATATATATTGTATCACGTGACCCCAATCA', 'TGTGGGTACGTTGAATCATAGGACAGCATCCAATCCTGCTGAGTCGTGAAGCTCCGGCAG'};
kernel_arg0_degree = 3;
km_test = [0.0015111397, 0.00967922425;0.0120891176, 0.0015111397;0.0469114155, 0.0216449835;0.0469114155, 0.0120891176;0.014869086, 0.0469114155;0.0216449835, 0.00967922425;0.0352452408, 0.0536036056;0.0216449835, 0.0180455633;0.014869086, 0.00761297201;0.0352452408, 0.0256937805;0.0180455633, 0.0044056551];
kernel_arg1_inhomogene = 'True';
alphabet = 'DNA';
data_class = 'dna';
feature_type = 'Char';
