name = 'Poly'
feature_type = 'Real'
data_type = 'double'
km_train = [94.9559308, 46.6045385, 79.7490239, 50.2284532, 49.0099499, 57.5251585, 73.9273029, 42.4939756, 59.0512509, 19.2555467, 47.2215591;46.6045385, 139.38882, 135.215615, 63.9026067, 53.4370505, 72.293534, 54.8612282, 34.762715, 82.7676057, 31.0460434, 64.4707862;79.7490239, 135.215615, 292.26585, 104.415441, 69.0472631, 107.273645, 98.6390429, 69.5840557, 135.010939, 65.722698, 106.144303;50.2284532, 63.9026067, 104.415441, 113.40319, 48.0958648, 50.9119822, 79.0832293, 16.5132165, 85.9211706, 30.2919045, 68.3396905;49.0099499, 53.4370505, 69.0472631, 48.0958648, 99.9829455, 54.4405346, 61.3575346, 24.9751337, 59.1355844, 9.50931152, 21.0987755;57.5251585, 72.293534, 107.273645, 50.9119822, 54.4405346, 119.123164, 55.6225776, 37.6566234, 70.4041442, 24.1236305, 58.4552905;73.9273029, 54.8612282, 98.6390429, 79.0832293, 61.3575346, 55.6225776, 102.18219, 35.4239874, 97.6821134, 22.1073767, 49.5326019;42.4939756, 34.762715, 69.5840557, 16.5132165, 24.9751337, 37.6566234, 35.4239874, 47.128002, 37.2514517, 19.630856, 29.5138379;59.0512509, 82.7676057, 135.010939, 85.9211706, 59.1355844, 70.4041442, 97.6821134, 37.2514517, 141.308601, 34.9508235, 57.3137107;19.2555467, 31.0460434, 65.722698, 30.2919045, 9.50931152, 24.1236305, 22.1073767, 19.630856, 34.9508235, 39.1894121, 46.5987427;47.2215591, 64.4707862, 106.144303, 68.3396905, 21.0987755, 58.4552905, 49.5326019, 29.5138379, 57.3137107, 46.5987427, 99.3305033]
data_train = [0.633085126, 0.899023983, 0.623743726, 0.134024894, 0.115760046, 0.844185896, 0.139302339, 0.520231961, 0.03711332, 0.0806697674, 0.672348268;0.68918141, 0.341469407, 0.215609765, 0.813710271, 0.217103229, 0.54202707, 0.968208841, 0.147852438, 0.940876267, 0.182893053, 0.567443208;0.377007712, 0.964928602, 0.273542029, 0.399658002, 0.982860118, 0.536470391, 0.502630116, 0.257778488, 0.70136356, 0.0143729518, 0.0495126297;0.599358587, 0.341674574, 0.953316372, 0.903190691, 0.713706259, 0.818145581, 0.66733185, 0.125582103, 0.76554337, 0.210191969, 0.323442855;0.819234212, 0.536525608, 0.859940714, 0.21303532, 0.607778439, 0.0837909725, 0.643060994, 0.762534038, 0.584930894, 0.266231501, 0.0313426689;0.119448884, 0.622302979, 0.934420217, 0.206534404, 0.735026149, 0.866451063, 0.520882178, 0.669265796, 0.815015317, 0.260675158, 0.296895674;0.000627516628, 0.963094131, 0.917544895, 0.764568264, 0.079076021, 0.44750289, 0.101891754, 0.0159202673, 0.616182965, 0.960829417, 0.902868023;0.696754815, 0.0966405842, 0.274164038, 0.320056727, 0.763150058, 0.802249179, 0.385106123, 0.417883997, 0.0445090393, 0.289136718, 0.451285177;0.116983046, 0.453267461, 0.853175812, 0.58132102, 0.078929855, 0.191671319, 0.47454435, 0.36148715, 0.35872702, 0.529267448, 0.584395922;0.79686157, 0.340966563, 0.805466283, 0.338611229, 0.0554329889, 0.554187651, 0.587902325, 0.934540246, 0.726061326, 0.917772652, 0.90834721;0.60457411, 0.527762065, 0.557440967, 0.978330808, 0.773167692, 0.106265905, 0.778428407, 0.170538049, 0.447350549, 0.210459672, 0.689583066]
feature_class = 'simple'
kparam2_use_normalization = 'False'
data_test = [0.877309736, 0.290361885, 0.0820107412, 0.298493098, 0.672361858, 0.328760128, 0.278112168, 0.184435191, 0.497516427, 0.275948828, 0.731010349, 0.076622402, 0.664033033, 0.237560015, 0.489279261, 0.286089922, 0.722768676;0.94530704, 0.917076779, 0.583426215, 0.462610303, 0.818300509, 0.683326363, 0.183564114, 0.820919214, 0.428884389, 0.18898566, 0.28179735, 0.26752703, 0.519206975, 0.234370091, 0.123566487, 0.123690851, 0.583276197;0.734759289, 0.321533009, 0.0346507098, 0.127224887, 0.91469456, 0.49354366, 0.45357281, 0.0380491783, 0.728637022, 0.528068081, 0.202080936, 0.11007376, 0.383387864, 0.837161964, 0.865294559, 0.60284638, 0.727536427;0.115155787, 0.588126065, 0.666965703, 0.200712843, 0.880154733, 0.194996738, 0.31347736, 0.620556847, 0.638350065, 0.699384741, 0.112011713, 0.84946443, 0.532847132, 0.471321794, 0.981097625, 0.740378297, 0.118006027;0.756539167, 0.095248934, 0.0274705625, 0.403625895, 0.993578173, 0.174883936, 0.672644344, 0.173396066, 0.724786975, 0.505353668, 0.67997171, 0.202873176, 0.745628333, 0.99561906, 0.665650501, 0.493479998, 0.923173989;0.0158518422, 0.729923519, 0.888746517, 0.0616745836, 0.45006417, 0.204719454, 0.566518166, 0.649542959, 0.302623183, 0.45998167, 0.279339485, 0.369391164, 0.159539957, 0.885559444, 0.0100104106, 0.882409186, 0.571678878;0.331657844, 0.723057125, 0.507752152, 0.499108658, 0.110142283, 0.389516026, 0.241064346, 0.0156959056, 0.360099631, 0.0898221294, 0.256830038, 0.0925166212, 0.100941626, 0.199011294, 0.999849244, 0.00218414286, 0.638672636;0.141243698, 0.920628137, 0.0936328933, 0.955063187, 0.610926387, 0.00126807692, 0.894007198, 0.521711801, 0.262669735, 0.767279178, 0.926665554, 0.483690823, 0.315553474, 0.788945124, 0.681785498, 0.888752484, 0.692514013;0.243528339, 0.93165925, 0.104835747, 0.26794275, 0.520194608, 0.565742026, 0.0153105866, 0.780572726, 0.361607318, 0.406418541, 0.809369544, 0.379283392, 0.0472248765, 0.17643977, 0.955903172, 0.0704053624, 0.354931201;0.503179167, 0.493280827, 0.00395994301, 0.501162731, 0.383772458, 0.972079335, 0.159159084, 0.354154197, 0.419481485, 0.390693537, 0.665830828, 0.215512858, 0.221071553, 0.729210949, 0.500290519, 0.415155676, 0.169203052;0.187527223, 0.0105516368, 0.0914262689, 0.556838695, 0.89187313, 0.287164765, 0.327747226, 0.115605611, 0.388630946, 0.0372217046, 0.917600696, 0.673111348, 0.990748809, 0.882823163, 0.472990594, 0.519685031, 0.190576047]
kparam0_degree = 3
kparam1_inhomogene = 'True'
km_test = [55.5703511, 46.8563065, 9.68726314, 40.9636968, 129.656692, 31.7126727, 33.69852, 29.6579572, 50.3472039, 36.2054832, 74.968903, 25.7759238, 58.0784365, 92.1451096, 70.3322731, 51.4607047, 55.0297073;63.5024485, 62.6715919, 19.6231978, 27.867494, 116.417804, 39.5710198, 30.4785075, 21.793108, 62.8712106, 30.2617137, 61.1820351, 18.2308972, 45.6134325, 85.7746527, 117.499624, 42.2798826, 87.7378296;54.3464406, 118.034166, 36.3137997, 45.8546592, 164.450417, 54.8050667, 44.1372452, 55.8829357, 84.1521446, 57.6647738, 107.347682, 44.9251529, 58.3669726, 139.765859, 182.487295, 77.0131289, 93.414056;34.1095017, 73.1560834, 23.4254291, 36.0940029, 110.989596, 35.6175238, 21.1443247, 36.108856, 46.3527215, 25.8126767, 54.8020845, 37.1333422, 46.1726602, 63.7921901, 104.649084, 36.3322076, 40.8353992;24.6096687, 40.4128896, 15.756026, 25.4566284, 120.861497, 14.1683436, 44.0452883, 22.7299914, 45.3692872, 39.7060419, 45.9096788, 30.2248434, 44.661023, 113.967419, 69.6458007, 76.1288692, 52.9290296;40.2021223, 94.289358, 28.5523901, 32.7763942, 100.008502, 30.2910894, 37.0044643, 42.5025341, 46.7925704, 46.10959, 52.6879365, 26.8353323, 33.370654, 77.6774408, 80.4250878, 66.7450019, 64.4457339;47.5926637, 68.5411428, 20.3563583, 34.4218408, 142.207798, 39.5947875, 29.9671173, 45.6801505, 53.1181741, 35.1037665, 64.3174412, 34.0475442, 53.2205449, 98.6490262, 73.6164659, 53.0799215, 52.7050218;28.1524697, 32.7782458, 7.32141004, 19.6386158, 56.2604526, 23.462483, 22.1353708, 20.1929493, 28.3712681, 25.1305559, 48.8756586, 11.747998, 21.7038088, 64.663092, 36.8571538, 34.5137796, 38.2609837;51.8178416, 84.2343435, 33.5637929, 27.9485487, 126.315332, 50.5287623, 28.4369949, 44.1197793, 60.8853249, 35.9346901, 43.9464782, 29.0468569, 41.1723528, 99.04941, 88.3634188, 51.6658897, 61.2530593;15.1359918, 40.8490963, 9.08086168, 20.8173094, 23.9277543, 25.0544835, 10.1962717, 14.5251254, 17.8856358, 13.06962, 30.9023739, 10.0007338, 9.67396744, 28.0058075, 49.9577035, 13.1127589, 21.7686502;36.6006058, 74.5945498, 15.5681604, 40.8075101, 66.6220914, 43.8540091, 17.6757401, 29.7304921, 33.9176449, 20.6374848, 72.1218463, 21.5533503, 31.2052887, 50.2729135, 81.336482, 26.7034858, 41.8352065]
accuracy = 1e-06
data_class = 'rand'
