kernel_arg1_degree = 3;
kernel_alphabet = 'DNA';
kernel_arg0_size = 10;
init_random = 42;
kernel_feature_type = 'Word';
kernel_gap = 0;
kernel_accuracy = 1e-10;
kernel_data_train = {'TGCATTCGCGTAGACGAGCGAGGTTCAGGAAGTTACACTTCACTACGGTCGCTTTATCAA', 'GCTGAGACGTCTTCGGATTATATCTCGACATCGTTATAGGAACCTCTCTGTAGACGGAGG', 'AGGATGTATACATGAACAGGTTGACGCGTTACTTCGGCATGAGGTATAGGCCTGCAAATT', 'TAGATCAGCGGGTCCTGATAAAAAACCAGAACCCCGGTGCATACCGTTACTGCGGTGCGT', 'GGTGCGGACGCTCTCACGCAGCGTTCGCTTCAACGGCGTGAGGTCCGGGAGACGACGGAG', 'ACCATATTTCTTACAGGATATAGACGCGTATAAATATTCGTCACTTAATAGATTCACCCG', 'ACTGCGTGAATTGAGTCAGTAGGGGGAAGAGGAGGCCTCGAAATCAGAACCGCCTTTTGG', 'GTGATTTACCGACACGTAGAAGGTCTAAATAAGAAAAGGAATGGCATGACCATTACTAGG', 'GGGTCTACAGATGAGTGATGCCCTCATATCGATGTGACCGTCGTATCGCCATTATGTACG', 'ACCACTCAGGGTACTTGACAGAACCCCGCGCCGCGGTCCGACGACGTTCGAATACTTTTG', 'AGCCTCACATGGGGTGTTTGTCTTTTCACTACGGTGTGTCATGGCCGACCGGTGTGGAAG'};
kernel_matrix_train = [1, 0.0164330336, 0.00648070153, 3.89523759e-05, 0.00841371318, 0.00486904698, 0.00486904698, 3.89523759e-05, 0.00486904698, 3.89523759e-05, 0.00105171415;0.0164330336, 1, 0.00486904698, 0.000131464268, 0.00841371318, 0.00167008311, 0.00167008311, 0.000608630873, 0.00354953525, 3.89523759e-05, 0.000608630873;0.00648070153, 0.00486904698, 1, 3.89523759e-05, 0.00249295205, 0.00354953525, 0.0133606649, 0.000311619007, 0.000608630873, 0.000311619007, 4.86904698e-06;3.89523759e-05, 0.000131464268, 3.89523759e-05, 1, 3.89523759e-05, 0.00249295205, 0.00105171415, 0.00841371318, 0.000311619007, 0.00167008311, 4.86904698e-06;0.00841371318, 0.00841371318, 0.00249295205, 3.89523759e-05, 1, 0.000311619007, 0.000608630873, 3.89523759e-05, 0.000311619007, 0.00105171415, 0.000311619007;0.00486904698, 0.00167008311, 0.00354953525, 0.00249295205, 0.000311619007, 1, 0.00167008311, 0.000608630873, 0.000608630873, 0.00648070153, 3.89523759e-05;0.00486904698, 0.00167008311, 0.0133606649, 0.00105171415, 0.000608630873, 0.00167008311, 1, 0.000131464268, 0.00105171415, 0.00167008311, 0.000311619007;3.89523759e-05, 0.000608630873, 0.000311619007, 0.00841371318, 3.89523759e-05, 0.000608630873, 0.000131464268, 1, 0.000131464268, 0.00486904698, 3.89523759e-05;0.00486904698, 0.00354953525, 0.000608630873, 0.000311619007, 0.000311619007, 0.000608630873, 0.00105171415, 0.000131464268, 1, 0.000311619007, 4.86904698e-06;3.89523759e-05, 3.89523759e-05, 0.000311619007, 0.00167008311, 0.00105171415, 0.00648070153, 0.00167008311, 0.00486904698, 0.000311619007, 1, 0.000608630873;0.00105171415, 0.000608630873, 4.86904698e-06, 4.86904698e-06, 0.000311619007, 3.89523759e-05, 0.000311619007, 3.89523759e-05, 4.86904698e-06, 0.000608630873, 1];
kernel_name = 'PolyMatchWordString';
kernel_order = 3;
kernel_seqlen = 60;
kernel_arg2_inhomogene = 'True';
kernel_feature_class = 'string_complex';
kernel_matrix_test = [0.0133606649, 4.86904698e-06, 0.000311619007, 3.89523759e-05, 0.028396282, 0.0333967932, 0.000131464268, 0.00167008311, 4.86904698e-06, 4.86904698e-06, 0.000608630873, 0.00354953525, 0.00167008311, 0.00648070153, 0.00354953525, 0.000311619007, 4.86904698e-06;0.0164330336, 4.86904698e-06, 0.00167008311, 3.89523759e-05, 0.00841371318, 0.00841371318, 0.00249295205, 0.00249295205, 0.000131464268, 0.000311619007, 0.00249295205, 0.000608630873, 0.000608630873, 0.00486904698, 3.89523759e-05, 3.89523759e-05, 4.86904698e-06;3.89523759e-05, 3.89523759e-05, 0.000311619007, 0.000311619007, 0.0133606649, 0.00354953525, 0.000131464268, 0.00354953525, 3.89523759e-05, 0.00249295205, 0.00841371318, 0.0106972962, 0.00249295205, 0.0106972962, 0.00354953525, 0.000608630873, 0.00354953525;4.86904698e-06, 0.00249295205, 0.000311619007, 0.000608630873, 0.00105171415, 4.86904698e-06, 0.00167008311, 0.00648070153, 0.000608630873, 0.00167008311, 0.000131464268, 0.000311619007, 0.00249295205, 0.000131464268, 0.00167008311, 0.00167008311, 0.00486904698;0.00167008311, 4.86904698e-06, 3.89523759e-05, 4.86904698e-06, 0.00841371318, 0.00648070153, 0.000608630873, 0.000608630873, 0.000311619007, 4.86904698e-06, 0.000608630873, 0.00105171415, 0.000608630873, 0.00167008311, 0.00648070153, 0.00105171415, 0.000131464268;0.00105171415, 3.89523759e-05, 0.000608630873, 0.00249295205, 0.000608630873, 0.000311619007, 0.000311619007, 0.00354953525, 3.89523759e-05, 0.000608630873, 0.00249295205, 0.00486904698, 0.00486904698, 0.000608630873, 0.0106972962, 0.0164330336, 0.00167008311;0.000608630873, 0.000131464268, 0.00105171415, 0.00105171415, 0.0164330336, 0.00841371318, 0.00167008311, 0.0164330336, 0.000131464268, 0.000311619007, 0.00841371318, 0.0239216278, 0.00354953525, 0.00486904698, 0.00249295205, 0.000131464268, 0.000311619007;3.89523759e-05, 0.0133606649, 0.00105171415, 0.00486904698, 0.00105171415, 0.000311619007, 3.89523759e-05, 0.00249295205, 0.00167008311, 0.0164330336, 0.00167008311, 0.000608630873, 0.000311619007, 0.000131464268, 0.000608630873, 0.000311619007, 0.00167008311;0.00354953525, 3.89523759e-05, 3.89523759e-05, 0.000608630873, 0.000608630873, 0.000131464268, 0.000311619007, 4.86904698e-06, 3.89523759e-05, 0.000131464268, 0.000131464268, 0.00167008311, 4.86904698e-06, 0.0106972962, 3.89523759e-05, 4.86904698e-06, 3.89523759e-05;0.000608630873, 0.000131464268, 0.000131464268, 0.00249295205, 0.000311619007, 0.00167008311, 0.000608630873, 0.00167008311, 3.89523759e-05, 0.00105171415, 0.00167008311, 0.00354953525, 0.00105171415, 0.000608630873, 0.00648070153, 3.89523759e-05, 0.000608630873;0.00167008311, 4.86904698e-06, 0.000608630873, 3.89523759e-05, 0.000131464268, 0.000131464268, 3.89523759e-05, 3.89523759e-05, 4.86904698e-06, 4.86904698e-06, 3.89523759e-05, 0.000608630873, 4.86904698e-06, 0.000131464268, 0.000131464268, 3.89523759e-05, 4.86904698e-06];
kernel_data_test = {'CTGTTACGCCTTTGCGCGATTGTCATTGATAGCTCTCCTAGCTACGCAGGAGTAGGAACT', 'ATGCGTACGAAACATTACAACCTCCAATATAGTACTAGAAATAAGCCAGGCAGTCAAGTA', 'CACCTATCTGATAGTAGTTGCGGGTAAGTCTTTTTTGAAAAATGCTCATCGCGTATAGTT', 'AAGACTGACTGGCACGCGGGATGAAGCAAATGGTGGCGACAAACTCTGGATAGGCACTTT', 'CCATCCTGGACTGCACGAGGTATGCTAGCGGAGGTACGAGACTTGTGGTGGCTCAAACTG', 'ATGGCTCACGGAAGGCTTAGAGCATTAACGTGGTGGGTACATCCTTTATCACGAGTCCCT', 'ACCTACCTAGATGGCCAGTCTATCCCGGCGACCGGGGATAGAGGCGAAGTCCGGCTGAAC', 'GATCGATTATCGTGTTTACGGGATTCAAAGTAGGCGGTCGCAACACGGACGCCGACAATC', 'GGAATTCCTCACCACGGACGAACATGCGCAAGACAAGTGGTAACCCAAGTCAGCACGTGC', 'CATGAGCTTAGCAGGAGGACGATAAAGGCCTACAACACTATGCGCATGTTAAATTGAATT', 'AACATCGCCATGCCAAGGCTGCATGAGCTTGGAGTCGTAAGTTGTGATAACCCACACTTT', 'CGCAGGTGATGTTCAAAACTTGACGATTCGAGAAGGGCGTTTTGGAATTGCACCCTAGCT', 'TCTGAGAGTTCCACACGTACCACCGTCGATAAACGTTCGGTGGGGAAGTCTACCTCCAGT', 'CTTATCAGGCATGCCACGGATCGCCAGCAACAGCGTGTTTATTCCTGCTCAGGTCTCGAC', 'TATCAAGCGGCCCTCACGGTTCCGTCCTCCTTACCTTTCAGCGGCTAGCGGACAAGACAG', 'GCGTAGCAGATAAGGGCTTCTGACATAGCGATATTGAATAAGCAGCAGCGAGCCAATCGT', 'GCCTGGCTGCGCATAGCCCTCAGAAAACCATATGATCCCGCAAGAACTCCTAGTTACATT'};
kernel_reverse = 'False';
