init_random = 42;
num_train_examples = 4;
data_type = 'double';
km_train = [1, 0.971922562, 0.950876885, 0.90233362;0.971922562, 1, 0.955716618, 0.957806237;0.950876885, 0.955716618, 1, 0.957930368;0.90233362, 0.957806237, 0.957930368, 1];
M = 6;
data_test = {'221666661632362366261221322366266212526513362665161363166116262665321623213411221166335662625363111165663223252262666622211121213153212162113331563521313316136234132461133211226625656426622213661321662166661463132133262352664666123163264435233222212225442641322222221156154542435324342153426255515345456531252345223315455455545531533333433555345652555515135435451532322551351124623555151515113441115545544245344334213552554632133312136616662362511612316526643142231116132236211312613522213122646625216211661161216512626632625221336323621535153313361362632526225663162626161136236661321613263616226122212535535133626633332636216513122252266616216321661633661142666346526332116112263213425232611621216316222636322611163211231623263612122666236123112251161631625232616611656231316142244222165233422463263363156564452563221316125622642232133241252412246656521666636621323222646624321265123621461321256631631263231266663421626166322323253122612663514622221263361566466662253333632522635112156112112161166166135321111121126661226612122333221651221566362166236311613231663323342553555525133515115353353551431525443526155434153354552445541332253411554445312325431152325466215155555454513552353154554335145553114344125341545532415535551255534532255152255115544254534155554531324551143535515455533535455365513343312334565552532435413162153542316322631133265451252331562251256616663662611226335321626214653621212611231666216616523132332261665631311113122262213663133161331666162641162613211226162122262632163312566363226264362552323344126426623426626344546252164624136213624435242112221222512346222256663113355222363316661112212656263', '555336343554451455546134315554455444541255463114611544116452561314553646244553456336111451435424625654414135213466543545456445414544135555565364366566444544454236211115545356144444415654116334653314445112525656536555365115445131443345455424151334253662234345441534433553434344633334464333435445316442444554443334524643456333364553546263343444345444244546644545561542343446464554426452413551551436114515435654524413555251243613563415155534154153544534666441565551334464541643114436426445446344334424435244533365245345343553533346443343445362464354544344346441624335454436434343344513666433415322252563525632523625555265235221652252552265622352525222556223522225225622512665512552652521555526535222555322253522615255653525531115555444446435444151434541456134241553615555564166144421251535365541465326165564334553646443552141563354251445454453561343225213532225652556555552222256522636255522252132222525525225656522652565125255525623535566222512225245155555252222252621336553655532', '5626444224115221622644126631616565124241136141261145166161132324442612262666111114441524244444242116422314141312651641246626621545442324161646124442616645456116226342411416441121226313653114122663255434341535635333335165635663326543636652112643162332353211546631355541321426356351212221541461641211162414621146121521441414164266556666231452243216224411416442411164433155124144614642461146216146421224122343244214666246611635111465226615126222241124213664244461536663226321661133435161343456251223535655663526361625126532126355134543215333365131644626332356342125514333165312535465614361233253361526365443431136354341632562236325545323363654215351615563211232362315631516335252566666566252633531633655651533352636336566653226235526635555232562236666462233665616366622656665225446612611224122644464614166461423453534136424161213214426421566462642251111562441112144616425122125663223414446116646121214364114212125124246412143365416426626246242112164116166641155246421662612224126242163141241141141221144144114431216241121216362121516646613466664632124226452214215145116465416534142446245426461412164526241666323425143666141442143621452442566141216635156523356635365331612341252665162364134323361665511553243331654531353622643654354221213132523463161566663233226535125362322562526156555666525252536322666615263336326666653664555356265556666626335633653263336636256663566312151532656365255336623523555522253366265363626526556654655562666232662653223661362536636365623245213324335562352151321643351434653661342165416223363156312263555663154111436636325653535336153266626562566556253266366365666665262263556665563156153352225662562321665526166333366333354335622256555323652316116111226341411154412432221111226356265222614316434441116231414466466456424122461466214316154622516141121456446662616611412141144344626252222516624326142645562443662244226441161441142366565362252353236355636666666662251612365323163565266625555333653235655524666162262366565633653622552526636', '666212212426425662466654144445665615666426216362436421132214321621442442542226642242263666454624442121226626223126611624664212262441221242325644122616422523316641614422661122222431246226422264566412366645252244242266645162662626122642121545256224114464626412633461662366246444212422624622612215132225226125641242662444546361666444264142644462466644266161466234262633625242216624422212511361661266624424252612244263122415222321254341435123243231322156113116414443212255151252553352113155213321325132135233436153154256111555131113612332651335555533316433335346133421233535351154135511212231625364452311134125231613216313231133323326235111122311533321423441531431532352312363243355513245463262654132315535413121544135533612355461333231213345245136313553151134215321212621553211121215131153515415643532151555166133211226422222666444536116412326121624246632111614466224223224461266262626446662626312332464211612224562122222544654524146645424626162424526546164312512222252422425155252226156542226351262262636233663624152634541644231153625226462221342122222425222222612411135241665131541351331345326632552133542524161432152113531213332435123115155455166313421232312133254255224143511153315532556135155343311233266154265263311313411511212313342333221553213313332551241116242525422122653226225622453225243452262222113251261561222234264536212622332261216452666252343252425622653266223262621246425152262464236222252253124212222154154221321222222621363522235455256211566162425264223243553515521335323364211253256445313533162545211312521152211631631311554511253136152333113213263345665152133426131315535134223241164335513532142311413146545253211511345132122313333354132112134322553225622221231422116242454222652565263226322221221416325622652322625422241266262621221342443553255432232561651514446632641242144662126426222122622261423666662662261543622651244234644425566221614243142362216412466666642612152464124546422142231622242562', 