accuracy = 1e-06
init_random = 42
num_train_examples = 4
data_type = 'double'
km_train = [1, 0.943028357, 0.953003259, 0.960456724;0.943028357, 1, 0.99143831, 0.960263677;0.953003259, 0.99143831, 1, 0.969165326;0.960456724, 0.960263677, 0.969165326, 1]
M = 6
data_test = ['636565331514534353553253631553532311621353556161365516512236663554565664252116112555666562526653211663166625152534565363155454541666533516614633636414553131365545334624443364625335116411344356322666664313353335364334263332566352313464656315556541113235141313463613363562663313152131264265645136556355433154436243663454633563136463445355453523243414336666653416165532156211534213355334655364546335666632255563136651412315616335256353612125645155152353665366155666521335611536346523215326155411365365655616216334451532341133453565333145553466266354514466331556642332336363535336315243155545325516612363244636636616416626354455441554365363131635343145124525252625216116251556262255655663563256464164655442445226445432545556122645642144214265265262546245264424422424515616542165263641442122411214445634226544414525562224645566645556125646552421642444543215553551363322325521152566152513536566656651253221636135656666566361565162555335546565431661335211314311353656463335556163526331536516433544666331454363411362646336124566553353433152446153364336432263353345664533443116312526512454535556543612155364111656433366351136266665131615352666544666516555231556352135352143556235665233233561612512516565665513663145535211', '64224616612664645636416321126642241622426442226156246141624243525413251615621244612521624214542644221212266112632136223324316642213622214462241622534311342613326264113144411221662226246636431411431461211614616424242141246164136421623356461213612622636362226654426422224656114622415263246452351431232151223622222164212263465464262162214122123411614644212465216312536536362412462122244611166212214612211426421214261126243321643142515466224612412246664243226332632512662456326364451622126641664212212141354321624624236612244145444162426165465263252264352262266322326536454662526346256254466524645522435222265623662556521252322242642616564256652552635225262352226236155341624425312226224412161421122245313122143222212313241221413323226223422311241344322552212624124114313431122415341616222542422114313426341322422636115462423131624345212223412222621511212543313214414142144422241312122523123242132525364221121224222322421241311122233422126222521366321461123131452244124522326231422123435121562442123111262222211134223314123224244114512242422254323442426114664614641221162326642221342562662236461324116143233265264621225252114666436242466211564422654633623261153413162114531442216124245261266211634221624442412424661142122413222221324224233322534261632221316141215142334212134254421241244165612241351322121263225422242122421221513421322231343242146422114162412424624312414612544212123461214266116222146226445126212412242632425232261456311212646421245141644216151332643466223316261311412625622646652625126226632121466634416433231446626233136121223212412413213212131252214524242424422443422223111446444241216312522554212222122124212241625251411311132633223343326', '465466643461453246362636646326641144644163343163664444466514353145644144355441464644336644134346434344516431614266346646444366514446443364636614223535151521243251355311246443235521611154225112522224114413443142342442416261462141332326512144561143436521112324666221443434341214344654243641116162152213141422424352523352411424423133111641424622226232254223263226422222223412522222665163225613322623222256652622165412413215221224555242116411135325233244146516412415411212133346213514263642456226236414113311612523245223264333324411341424441425626224415442161121442452316211126424325444435313641643541633442133112631541442254622213422535454541141336263153231222314433216444631536222562345211411246656141115213441141444462326314341316143141324234122562263624333562221145146351444141521442436361123211345144212126245142151423541215264141112413434442234122434153144636152416324566514331212163144244344533513324663114441326435142214256115225311333262565442162415126142116433442334416416511251454222332232212124546216332515426442121112122422342261434251343615211263426432114341144126435122163331435156451231164364451345323416265134121453221443244141446541114625412211314214433411261512315414324242632462646124435164415262125235262325311534226466464444144163526543336616664434316644541432663433644466664434645454444466656363166154461214144311453444436364163466344443664443241522625222624215225222332223625262262656135363223222231222222626426224', '4445634633633413114641361333341234434612144343124122223241334316325124466412263133266116324336233434434344322442242352256331513423154515221431334211322665634441662243213666161164114221411422345264333252361162635616146651162644422416444243544563231265641632141645344443525136614444445116446661324246566653356633646165154452251365366641164435211424533344665336464164625144236314412654651364411445455413434462131114333164633616633466441415655241244241434242214425565465464336566612656652465623455161144552634442625363664163364454161624156463122464124235636614544553264114436334363616655644361615465131444511432662665246444242144543332233331354523353621555455553525532355333555353353313323213133111535533153532562541465343422334616413444461433552565411465626434644615462346644536665261642315343151621656244116412642564444255143463413156663261641443', '4461444145213311454442314145354544524112442541134545323415451141315334314324331543313441245221344353334341333143341414146453354444445431453341556314633466333225213336153333333333535333334633334333334133353435355535334433354353335333333313363654313343351564363632335333152333323333636133432413454114341445545441444144354413213234154445443123554433421345131554111652444251132434351354411413245343334434423534131334343341514144556335533333313343333313343323332443632363355663333363143333555354513331166133212444163534363312363145646212443512344133346632214164632444163541335412131243144636245362434141121531436645166313264224546661341143466224134652411441323321631631614452423633334444343554321444152431214345444341554441331443164255231433144111431444523421333434534434533514431134115113156541155344544443514313422543432334145', '315315341313353153132512111333221311315135152141332565212531553531532531316153511212232545121531121142245115312111232135325142163424333113213211113535125323561335534515543543435512133312223221131353323111224125621135521511131353532531324313223231111242331133513131352114221161111513511151121553135213521123525162662653226245636323511666155354355656136155241466536566525656221352511555163652562656535556666553624636363556625651536554221265651626662112322636121252536655352256353325341512133113112312331124113153252352113153131263514315115223333412342451425121151165153115122112323531311315313334333522121261151511321522132153535555212214341513124152213365613331231513433315311315121155133311332515525235111535321321115233325322253535523361232151521251113551511134314511342111141321212333655566263241215561655233524225561512626255561615666115166245512356626626656626666526521556314325534613656326215332363232325535526165556435215535566565325356666566266455622635622656622666266512666256526566136522521252256665252524565266152566126412226566666662262122666215356556263436245623165631356555225656361223635535662553626355664266665536511166625566153621423263266551252165625665356656515516623521266131525554522166156632625343255562', 