accuracy = 1e-06
kernel_arg2_use_normalization = 'False'
name = 'Poly'
data_type = 'double'
km_train = [41.090814, 22.9441097, 7.99428654, 22.1375749, 46.050929, 25.3264759, 11.3279739, 2.6396467, 23.2061454, 19.5196395, 23.0309457;22.9441097, 92.5875619, 22.1486972, 54.331098, 74.1634461, 52.9305741, 14.4368013, 17.5852641, 38.5400194, 40.0456825, 14.1757655;7.99428654, 22.1486972, 18.1087363, 18.4756612, 35.6173958, 21.369021, 7.03509997, 6.11204985, 10.5458338, 14.7263362, 12.3900612;22.1375749, 54.331098, 18.4756612, 87.8734947, 57.5886307, 34.915863, 21.2056057, 8.21926152, 52.3944395, 23.0052824, 33.0477408;46.050929, 74.1634461, 35.6173958, 57.5886307, 127.144012, 62.4765766, 31.3466095, 18.7359094, 47.5709859, 47.8167002, 43.3448484;25.3264759, 52.9305741, 21.369021, 34.915863, 62.4765766, 101.658823, 18.6903247, 14.17177, 53.1840998, 25.2413644, 22.7494176;11.3279739, 14.4368013, 7.03509997, 21.2056057, 31.3466095, 18.6903247, 25.6493732, 5.66937715, 22.4107277, 5.84756575, 11.3921748;2.6396467, 17.5852641, 6.11204985, 8.21926152, 18.7359094, 14.17177, 5.66937715, 14.0393124, 10.1739068, 5.12494431, 2.61172254;23.2061454, 38.5400194, 10.5458338, 52.3944395, 47.5709859, 53.1840998, 22.4107277, 10.1739068, 75.3186439, 13.4809399, 28.3076976;19.5196395, 40.0456825, 14.7263362, 23.0052824, 47.8167002, 25.2413644, 5.84756575, 5.12494431, 13.4809399, 38.5488041, 11.2431502;23.0309457, 14.1757655, 12.3900612, 33.0477408, 43.3448484, 22.7494176, 11.3921748, 2.61172254, 28.3076976, 11.2431502, 53.954603]
data_train = [0.134152203, 0.705888648, 0.375634854, 0.894838728, 0.385823245, 0.998242396, 0.734964515, 0.417410766, 0.807690228, 0.138522514, 0.380207217;0.435371352, 0.903827749, 0.446280381, 0.667043415, 0.803448905, 0.404959592, 0.180964269, 0.0623733445, 0.377230395, 0.65980232, 0.61857561;0.00773787906, 0.180323912, 0.443844033, 0.191024086, 0.691935633, 0.377001761, 0.715410102, 0.850963122, 0.367788672, 0.0114711801, 0.538092607;0.232386344, 0.761129334, 0.0628584854, 0.935154714, 0.339707064, 0.149840376, 0.15740159, 0.622606004, 0.924123648, 0.231453009, 0.318184006;0.425852961, 0.904166639, 0.777588127, 0.176963911, 0.86652667, 0.72823384, 0.225917242, 0.802583739, 0.204683767, 0.564088024, 0.069387499;0.0725074203, 0.549488317, 0.797111666, 0.759714478, 0.486594145, 0.765948125, 0.262577351, 0.292392823, 0.585187784, 0.538506825, 0.357957059;0.565556813, 0.431320507, 0.209399618, 0.290371124, 0.689046402, 0.756707365, 0.714604067, 0.285526774, 0.933478712, 0.533342203, 0.321080199;0.720088443, 0.0216148492, 0.141429266, 0.159844476, 0.320130911, 0.859259361, 0.00958278469, 0.0140851481, 0.716543542, 0.0301988834, 0.951840472;0.460369911, 0.451453636, 0.641827466, 0.562123908, 0.721675324, 0.328147503, 0.0475169654, 0.202179062, 0.142557167, 0.943696895, 0.8411701;0.983163139, 0.997151972, 0.334116847, 0.551194564, 0.868841853, 0.884158857, 0.534446175, 0.519791256, 0.522378038, 0.990151158, 0.152861928;0.992780336, 0.304709243, 0.507281265, 0.975188831, 0.894006084, 0.157160556, 0.959679151, 0.00894138646, 0.613864166, 0.324560173, 0.993856661]
feature_class = 'simple'
data_test = [0.183252666, 0.52130845, 0.507710725, 0.877859227, 0.471609937, 0.281499253, 0.523034472, 0.930405968, 0.860139491, 0.245283109, 0.62469585, 0.346356211, 0.429924059, 0.117344684, 0.884304411, 0.176656942, 0.175516143;0.804059291, 0.853503205, 0.00765695768, 0.901092247, 0.754822788, 0.305305537, 0.690929635, 0.763489624, 0.165953378, 0.890837747, 0.714365723, 0.323528902, 0.552682008, 0.180291388, 0.940932465, 0.772517936, 0.537534988;0.409316103, 0.0566110479, 0.166492783, 0.793567566, 0.858405787, 0.881060494, 0.882022126, 0.596414505, 0.478495317, 0.668694758, 0.714522515, 0.5166701, 0.230928777, 0.716654208, 0.910141085, 0.964744144, 0.217478603;0.334441328, 0.158097166, 0.268964095, 0.876520679, 0.025217563, 0.78943842, 0.500746469, 0.782036889, 0.0312661835, 0.398114718, 0.0567014712, 0.831824534, 0.660260859, 0.266289814, 0.597637413, 0.457722796, 0.790560054;0.114553809, 0.285116502, 0.579961847, 0.659814839, 0.20744358, 0.565218807, 0.0927712101, 0.301324286, 0.407102142, 0.0496628879, 0.0974388909, 0.505740102, 0.00489560801, 0.311489191, 0.537883925, 0.556439798, 0.570553304;0.00119388367, 0.0958755512, 0.0997172807, 0.449401866, 0.538077051, 0.813051458, 0.318396074, 0.28517078, 0.425888412, 0.128626759, 0.343321861, 0.468466342, 0.401093894, 0.291020375, 0.607700349, 0.16636859, 0.665800506;0.0636511405, 0.26343061, 0.346190305, 0.369313861, 0.613504406, 0.230868985, 0.307841691, 0.498001238, 0.535837404, 0.98850378, 0.233727827, 0.218168074, 0.473988396, 0.68703003, 0.214479595, 0.720704937, 0.133021283;0.834715075, 0.416812218, 0.655335658, 0.192648695, 0.607691816, 0.280715636, 0.646464241, 0.531162782, 0.943241991, 0.094294987, 0.9946411, 0.614486585, 0.622361868, 0.140395637, 0.180350585, 0.448631666, 0.551849673;0.559012629, 0.313483562, 0.414904828, 0.185003523, 0.540314712, 0.112637586, 0.738119125, 0.975970714, 0.885609891, 0.665701584, 0.523340268, 0.692292082, 0.524568106, 0.704451939, 0.989775034, 0.947972115, 0.956037698;0.639866066, 0.517324164, 0.514844243, 0.837651582, 0.838847192, 0.665439593, 0.721439843, 0.704603221, 0.748410851, 0.944634092, 0.149254374, 0.0245672394, 0.786654515, 0.729197844, 0.54478389, 0.125635379, 0.398961403;0.98638566, 0.714328828, 0.381304255, 0.165013965, 0.665336699, 0.338727516, 0.795908221, 0.827960393, 0.487317334, 0.851632438, 0.582200331, 0.795638944, 0.673465843, 0.928088728, 0.99319399, 0.503074869, 0.2782085]
kernel_arg0_degree = 3
km_test = [27.1943578, 14.142699, 9.70273412, 14.7712358, 28.3815045, 8.43599183, 27.9737049, 40.0271847, 27.337176, 34.5362495, 12.0719766, 12.691572, 23.9979864, 21.2006187, 32.0301937, 15.86858, 12.4131252;16.1013323, 17.135413, 10.0718419, 75.1726023, 33.7991816, 30.2389567, 33.8420542, 68.9471697, 27.4188536, 40.9874315, 10.9438555, 18.9219637, 27.4439506, 18.537171, 79.6754582, 26.1159756, 30.2517899;7.1303339, 5.4558727, 4.19128146, 17.523358, 18.9444791, 12.5644016, 16.1585923, 25.0753334, 17.1499533, 12.9430782, 9.18598572, 12.3507004, 8.04923906, 11.6021517, 42.4287036, 16.6469675, 14.1787673;24.2176105, 17.9610476, 8.18463369, 49.8652549, 34.2891247, 25.7284006, 46.8675434, 86.9964418, 29.4622774, 40.9834057, 19.1233055, 32.3972563, 37.3554934, 22.2429947, 98.9237019, 23.994515, 28.6161568;38.1257747, 24.4582344, 15.5436098, 65.2041815, 72.1666382, 36.8709666, 67.0604999, 98.644492, 53.2898874, 78.8306526, 29.4306847, 35.2599929, 38.7306974, 49.7544789, 122.972723, 62.016883, 35.6320645;15.0127204, 14.2102088, 17.3350296, 53.5277214, 49.71463, 26.5680871, 36.4126344, 60.442021, 62.9715455, 28.8941858, 25.7089202, 17.3808031, 27.4535557, 17.8254033, 56.3343694, 24.0425334, 22.0422128;8.24838821, 6.45268387, 4.15509628, 18.8552798, 23.0562771, 10.8178337, 20.4466075, 29.5952704, 15.9066312, 26.6935759, 8.74923924, 8.27069478, 11.0581658, 18.1174752, 35.702904, 12.415629, 2.96119852;1.99960442, 1.30955328, 3.23619032, 24.0639804, 8.60094967, 15.8271128, 9.52347342, 15.184366, 7.83316523, 7.63502023, 2.72391209, 6.81568912, 4.15623448, 6.84657614, 20.5646689, 10.5996097, 6.70385396;17.8216442, 12.5261102, 11.4623323, 46.5356749, 35.7344276, 26.3532824, 39.19315, 67.4703479, 35.5196866, 37.0893637, 20.8180772, 26.5191946, 35.0969195, 19.6720545, 54.2999136, 25.0761267, 19.6082497;11.2947335, 8.97361919, 5.35840423, 22.0145398, 24.0825037, 10.5995097, 20.3700933, 36.3658021, 20.7872673, 32.4271417, 5.87440382, 8.84713216, 16.8273968, 17.498594, 40.6511699, 18.2925812, 20.1232223;34.8184222, 13.7388821, 7.8862334, 16.6465012, 37.3446417, 11.0278641, 47.3184337, 60.9669879, 35.6549839, 30.9059739, 35.1271168, 30.0532895, 25.9081123, 20.4118761, 63.8310534, 35.3837023, 20.9192194]
kernel_arg1_inhomogene = 'False'
init_random = 42
data_class = 'rand'
feature_type = 'Real'
