accuracy = 1e-06
kernel_arg2_use_normalization = 'False'
name = 'Poly'
data_type = 'double'
km_train = [73.5687688, 43.5591711, 61.0918154, 74.5883826, 45.3122488, 78.8017517, 40.2776871, 20.3392363, 48.419059, 57.5906402, 53.9540322;43.5591711, 92.4125812, 38.4839994, 71.1876447, 60.2268158, 93.5521081, 31.4644505, 29.088699, 49.7003973, 65.1446032, 52.2233676;61.0918154, 38.4839994, 157.049145, 93.676899, 50.0335328, 101.746507, 54.2354188, 29.8852513, 47.8205153, 81.7973623, 60.4403187;74.5883826, 71.1876447, 93.676899, 158.112825, 98.8185542, 145.550991, 51.5907487, 45.3143292, 71.0637765, 91.0588103, 81.1746486;45.3122488, 60.2268158, 50.0335328, 98.8185542, 106.33554, 88.5361035, 20.972233, 33.040452, 55.4830525, 41.5046074, 53.2258763;78.8017517, 93.5521081, 101.746507, 145.550991, 88.5361035, 292.545581, 59.5778202, 39.6048272, 74.7852404, 105.197605, 72.3591681;40.2776871, 31.4644505, 54.2354188, 51.5907487, 20.972233, 59.5778202, 44.3865426, 20.145777, 29.5104388, 62.165083, 35.7991525;20.3392363, 29.088699, 29.8852513, 45.3143292, 33.040452, 39.6048272, 20.145777, 34.3952018, 20.0333246, 34.5812567, 37.0740848;48.419059, 49.7003973, 47.8205153, 71.0637765, 55.4830525, 74.7852404, 29.5104388, 20.0333246, 71.528754, 56.0411935, 41.0838138;57.5906402, 65.1446032, 81.7973623, 91.0588103, 41.5046074, 105.197605, 62.165083, 34.5812567, 56.0411935, 126.535061, 69.5222839;53.9540322, 52.2233676, 60.4403187, 81.1746486, 53.2258763, 72.3591681, 35.7991525, 37.0740848, 41.0838138, 69.5222839, 71.3338477]
data_train = [0.649807286, 0.1639892, 0.987133009, 0.539696639, 0.557808138, 0.921124783, 0.360147054, 0.061591568, 0.478584349, 0.200313702, 0.268141651;0.260435648, 0.719236939, 0.94608732, 0.352625699, 0.00956585553, 0.992858812, 0.713925675, 0.469202972, 0.187033236, 0.820509276, 0.428645097;0.195168709, 0.936906849, 0.0587132344, 0.387396069, 0.766865038, 0.168198597, 0.218124876, 0.66341017, 0.673242002, 0.402456752, 0.461526833;0.426970978, 0.251190134, 0.25077858, 0.872379703, 0.463783719, 0.795620536, 0.433243149, 0.837802246, 0.1677085, 0.354721475, 0.642537168;0.518938144, 0.553354475, 0.331876467, 0.479591836, 0.389504568, 0.550604295, 0.0841794782, 0.143260764, 0.734582447, 0.552221819, 0.643920993;0.114936434, 0.545018825, 0.69834593, 0.970859772, 0.884431433, 0.788461368, 0.285592483, 0.484051839, 0.368156244, 0.777281893, 0.551282704;0.595323783, 0.11737322, 0.853555889, 0.678602672, 0.196732645, 0.425015142, 0.846939182, 0.307916559, 0.904223626, 0.944948437, 0.376614375;0.787848996, 0.789120168, 0.519268141, 0.9431184, 0.965815237, 0.748753589, 0.365448384, 0.180708281, 0.71663358, 0.228855415, 0.422597893;0.295276697, 0.411569653, 0.0961175136, 0.32008565, 0.660638037, 0.963074714, 0.0685383895, 0.339769592, 0.491674884, 0.24348578, 0.285322304;0.719397126, 0.724965849, 0.0109450612, 0.414559968, 0.0902110526, 0.740629756, 0.67327959, 0.0503255765, 0.330625472, 0.851442734, 0.457934082;0.785716175, 0.318294948, 0.924131565, 0.532730278, 0.522663291, 0.0268868531, 0.518142633, 0.62118506, 0.219714301, 0.616900294, 0.967322847]
feature_class = 'simple'
data_test = [0.17531088, 0.935396475, 0.013313455, 0.676474303, 0.479568895, 0.252440169, 0.244507802, 0.700054058, 0.945088, 0.312053482, 0.207639379, 0.0447296942, 0.326255873, 0.641124008, 0.717200229, 0.701411819, 0.335752438;0.581777565, 0.366137385, 0.687859861, 0.471234257, 0.0444145989, 0.516945859, 0.946376974, 0.311012238, 0.315782705, 0.710627053, 0.16391138, 0.661550193, 0.34892085, 0.365167064, 0.600421689, 0.219462296, 0.382066631;0.04741067, 0.352977371, 0.257485372, 0.752051882, 0.311691801, 0.076730295, 0.872630385, 0.793096044, 0.6336215, 0.955796247, 0.768301141, 0.796606113, 0.998724513, 0.306664013, 0.761698836, 0.0584160102, 0.592036005;0.134561488, 0.419614163, 0.781833833, 0.823057426, 0.517443789, 0.219583576, 0.23352486, 0.350917366, 0.641468916, 0.0346871731, 0.924894741, 0.60329286, 0.118715565, 0.540245933, 0.449273766, 0.681772887, 0.46183746;0.780953533, 0.575366733, 0.219016613, 0.252173656, 0.309208294, 0.0583499238, 0.359158759, 0.427318369, 0.885283267, 0.420005974, 0.391111662, 0.335096735, 0.0204881712, 0.886829871, 0.606959377, 0.200556124, 0.464317461;0.200736203, 0.852107351, 0.312437397, 0.985366241, 0.537830301, 0.681072431, 0.808189891, 0.978195213, 0.339099919, 0.397233094, 0.134444977, 0.63838246, 0.976342115, 0.0638991541, 0.299824273, 0.0192020438, 0.911778114;0.718411058, 0.650629129, 0.0619232157, 0.377676929, 0.659367927, 0.976804697, 0.998095652, 0.398793082, 0.342893286, 0.381099617, 0.620599361, 0.875909997, 0.936762219, 0.692665051, 0.92146512, 0.887857671, 0.982304067;0.528212729, 0.925206379, 0.136926047, 0.358306882, 0.151523562, 0.584888108, 0.488643775, 0.54429678, 0.213255151, 0.893319866, 0.496669379, 0.647092945, 0.0908647345, 0.234321629, 0.521137815, 0.102166918, 0.0693036669;0.71675202, 0.817263198, 0.50043892, 0.580687064, 0.348664339, 0.364326591, 0.196506214, 0.278711636, 0.722382723, 0.75737485, 0.365297197, 0.929381066, 0.106817437, 0.609719774, 0.292591349, 0.610310931, 0.684236679;0.71405868, 0.851959697, 0.174883241, 0.452900847, 0.720235346, 0.0673393502, 0.23675272, 0.703124907, 0.235181921, 0.418691235, 0.234693828, 0.5743297, 0.0582528956, 0.97121059, 0.959084545, 0.87874054, 0.636523913;0.587790616, 0.293021639, 0.0918957532, 0.763202695, 0.295777748, 0.305297719, 0.345612349, 0.416597092, 0.133910793, 0.811942983, 0.740258173, 0.0589915721, 0.520603112, 0.950341641, 0.184391191, 0.273320064, 0.941968126]
kernel_arg0_degree = 3
km_test = [54.5040379, 94.1007427, 10.8225787, 59.7164627, 32.5423256, 25.7815704, 40.4845899, 53.0041958, 41.1405611, 61.4563276, 45.1170105, 47.7094643, 21.5566876, 90.6504756, 73.7034155, 45.0382448, 64.7530217;45.4172106, 90.4811013, 19.7562098, 72.7794132, 25.7657915, 22.3274487, 68.9960624, 72.6508245, 44.0070292, 93.4996244, 39.8151448, 82.0568271, 34.2333647, 56.6271074, 77.8018659, 21.4935285, 62.4429203;49.2997159, 95.8315259, 14.2582848, 85.7937259, 29.7309369, 52.6580792, 83.8347423, 63.3922404, 45.1006058, 67.8599248, 38.2789618, 48.9841014, 53.496282, 70.5045319, 69.4460107, 35.486155, 88.239255;56.146879, 150.988988, 24.2056821, 124.448614, 49.6411588, 52.763026, 87.9825386, 100.03196, 64.6814507, 82.6702551, 68.447867, 100.187917, 55.0614625, 82.1616261, 95.7122609, 46.3559693, 108.718122;32.1719792, 107.837282, 15.1525726, 94.4290665, 28.9067754, 29.644858, 53.9130054, 77.6058845, 54.8806287, 82.0343566, 48.9460577, 69.4778941, 42.7917111, 46.5973597, 53.1859596, 20.7540565, 69.3442594;83.9234879, 216.242675, 41.7926118, 135.170919, 55.5300584, 53.3514766, 90.9041949, 107.184679, 106.141052, 98.4829823, 51.546445, 138.883732, 36.4841941, 108.880322, 132.015239, 76.3115623, 107.531273;36.1373916, 55.7192992, 12.1761198, 46.4351565, 25.7275099, 28.1167695, 50.3296343, 37.9178124, 21.9258156, 39.1575524, 29.9394004, 46.3973406, 28.6334879, 52.5585473, 60.0827217, 36.0730136, 56.7649439;17.5407482, 32.1613307, 17.8153476, 56.6039605, 16.8592067, 16.6653292, 38.1136638, 31.3729627, 25.4044368, 36.9191768, 38.340727, 41.856208, 29.4706785, 30.5724815, 29.2132137, 15.7634765, 48.7130275;48.2506468, 94.8036939, 10.5551848, 55.1088539, 30.9277022, 31.8689101, 63.3093217, 58.038346, 52.5622936, 66.9390989, 42.0039184, 73.0008388, 38.8381199, 62.6232295, 79.9562935, 33.1223054, 67.7508317;69.4987598, 103.191755, 20.3266087, 88.6366331, 45.4473154, 44.2256166, 97.568662, 77.326609, 43.4278103, 73.5392163, 45.8593486, 90.8271451, 57.9005239, 94.3400435, 101.328912, 48.2035542, 123.632936;47.129089, 75.32942, 18.1050983, 83.4488114, 31.1767401, 24.9989305, 54.0969901, 59.8527628, 43.3535611, 66.6969774, 53.6747031, 55.1821016, 35.2113935, 80.6927743, 59.9755287, 29.9465767, 86.5009198]
kernel_arg1_inhomogene = 'True'
data_class = 'rand'
name_features = 'Real'
feature_type = 'Real'
