init_random = 42;
accuracy = 1e-10;
data_type = '';
km_train = [1, 0.00249295205, 0.00167008311, 0.000608630873, 0.000608630873, 0.000608630873, 0.000131464268, 0.00841371318, 0.00249295205, 0.00486904698, 0.00354953525;0.00249295205, 1, 0.000131464268, 0.00105171415, 0.00648070153, 0.00249295205, 0.000131464268, 0.00486904698, 0.00486904698, 0.0133606649, 0.00105171415;0.00167008311, 0.000131464268, 1, 3.89523759e-05, 0.0106972962, 4.86904698e-06, 0.000608630873, 3.89523759e-05, 0.00105171415, 3.89523759e-05, 0.000311619007;0.000608630873, 0.00105171415, 3.89523759e-05, 1, 0.000608630873, 0.0133606649, 3.89523759e-05, 0.00167008311, 0.0239216278, 0.0239216278, 4.86904698e-06;0.000608630873, 0.00648070153, 0.0106972962, 0.000608630873, 1, 3.89523759e-05, 0.00167008311, 0.00105171415, 0.00486904698, 3.89523759e-05, 0.000311619007;0.000608630873, 0.00249295205, 4.86904698e-06, 0.0133606649, 3.89523759e-05, 1, 0.0106972962, 0.00354953525, 0.00105171415, 0.0239216278, 4.86904698e-06;0.000131464268, 0.000131464268, 0.000608630873, 3.89523759e-05, 0.00167008311, 0.0106972962, 1, 0.000608630873, 0.00105171415, 0.000311619007, 0.00354953525;0.00841371318, 0.00486904698, 3.89523759e-05, 0.00167008311, 0.00105171415, 0.00354953525, 0.000608630873, 1, 0.00105171415, 0.00486904698, 0.00167008311;0.00249295205, 0.00486904698, 0.00105171415, 0.0239216278, 0.00486904698, 0.00105171415, 0.00105171415, 0.00105171415, 1, 0.00648070153, 0.000608630873;0.00486904698, 0.0133606649, 3.89523759e-05, 0.0239216278, 3.89523759e-05, 0.0239216278, 0.000311619007, 0.00486904698, 0.00648070153, 1, 4.86904698e-06;0.00354953525, 0.00105171415, 0.000311619007, 4.86904698e-06, 0.000311619007, 4.86904698e-06, 0.00354953525, 0.00167008311, 0.000608630873, 4.86904698e-06, 1];
seqlen = 60;
data_test = {'GGTATCAAACCGACTGGAAACATCTAGGTTCGCGAGCTGCCGCAATGAAGAAGCTTCCTC', 'GGACTCCTAAGCGACATCCAACAGCTGCAGGATAAATGTACCTAAATCCCTTGCATCCCT'};
gap = 0;
feature_obtain = 'Char';
feature_type = 'Word';
reverse = 'False';
name = 'PolyMatchWordString';
data_train = {'ATTCATTTTCTAGACACATTCCCATGGCGCAAAATGCCACCATACTTTATATCCGGCGTC', 'TATAGCGGTTTGTAAATGATTTAGTCGTTGAATGGTCGTCGATAAACAGCTAAGAGTATA', 'CGCAGATGGTCCCTTGATTACGTAGACAAGCCATGAAAACAGCACTAAAATAGCTGTGAG', 'ATTGGTCAACGGGACGCCGAAATCTTCCTCGGTAGGCGCGTGCTTAGCCTCTAGTTTACG', 'CCAAACAGAACCCCGTGTGTGAGAATGTCACAAATTCATGGTCTCACCATAGCTCGATGA', 'GTTTCAGCGTTACTACCGACAATCGGTCATTGCCCTTGAGGTCCTTGGCCGCGGTACCCA', 'TAGAGACATTCCCGTCCTCGGTGGGGACTGTGACTTCACCGGCGATAGGTAACTCGCCCC', 'CAACGCACTCGCGGAGACACGCGGGTCTCGAATACTTGCTTTCGATATTTGACAACGTCC', 'CTACAAAGATGATAGATGTATATCATAATGTTAGGCGGCTGGGCGGTCACTGATCTTGGA', 'AGCAAACGTCCCCTATCGGTGTTTGGGAGTCGTCATCTTAATCCTAGGCCTGGAGCTTTG', 'ACATGGGCGTACCCAGGTAAGTCTGCTACAGATATGCAGCTGCATAACCTACCTGATTCC'};
feature_class = 'string_complex';
kernel_arg0_degree = 3;
km_test = [0.000311619007, 0.00167008311;0.000608630873, 0.00354953525;0.00486904698, 0.00486904698;3.89523759e-05, 3.89523759e-05;0.0133606649, 0.0133606649;4.86904698e-06, 4.86904698e-06;0.00167008311, 3.89523759e-05;0.000131464268, 3.89523759e-05;3.89523759e-05, 0.000131464268;3.89523759e-05, 3.89523759e-05;0.00249295205, 0.000311619007];
alphabet = 'DNA';
data_class = 'dna';
order = 3;
kernel_arg1_inhomogene = 'True';
