accuracy = 1e-06
kernel_arg2_use_normalization = 'False'
name = 'Poly'
data_type = 'double'
km_train = [88.1663578, 56.6922108, 26.9871437, 55.2135463, 96.3471569, 61.0090114, 34.1973345, 13.5156783, 57.1706575, 50.3459925, 56.8508676;56.6922108, 168.557705, 55.2340005, 109.728361, 140.723642, 107.486584, 40.5286233, 46.6737598, 83.9026292, 86.4243656, 40.0082337;26.9871437, 55.2340005, 47.6745148, 48.3728124, 78.9639722, 53.7957144, 24.7980536, 22.6258651, 32.5516296, 41.1036969, 36.395351;55.2135463, 109.728361, 48.3728124, 161.507131, 114.912001, 77.7693529, 53.4930959, 27.4918555, 106.62622, 56.8039894, 74.5695721;96.3471569, 140.723642, 78.9639722, 114.912001, 219.084458, 122.615831, 71.6308263, 48.8665532, 98.8278084, 99.2277167, 91.9010608;61.0090114, 107.486584, 53.7957144, 77.7693529, 122.615831, 182.006008, 48.7801612, 40.000254, 107.893003, 60.8560229, 56.3361118;34.1973345, 40.5286233, 24.7980536, 53.4930959, 71.6308263, 48.7801612, 61.5886325, 21.5571686, 55.7153679, 21.9896533, 34.3313584;13.5156783, 46.6737598, 22.6258651, 27.4918555, 48.8665532, 40.000254, 21.5571686, 39.7354651, 31.7602058, 20.2148384, 13.4326001;57.1706575, 83.9026292, 32.5516296, 106.62622, 98.8278084, 107.893003, 55.7153679, 31.7602058, 142.492436, 38.6138023, 66.3156212;50.3459925, 86.4243656, 41.1036969, 56.8039894, 99.2277167, 60.8560229, 21.9896533, 20.2148384, 38.6138023, 83.917385, 34.0200196;56.8508676, 40.0082337, 36.395351, 74.5695721, 91.9010608, 56.3361118, 34.3313584, 13.4326001, 66.3156212, 34.0200196, 109.126518]
data_train = [0.134152203, 0.705888648, 0.375634854, 0.894838728, 0.385823245, 0.998242396, 0.734964515, 0.417410766, 0.807690228, 0.138522514, 0.380207217;0.435371352, 0.903827749, 0.446280381, 0.667043415, 0.803448905, 0.404959592, 0.180964269, 0.0623733445, 0.377230395, 0.65980232, 0.61857561;0.00773787906, 0.180323912, 0.443844033, 0.191024086, 0.691935633, 0.377001761, 0.715410102, 0.850963122, 0.367788672, 0.0114711801, 0.538092607;0.232386344, 0.761129334, 0.0628584854, 0.935154714, 0.339707064, 0.149840376, 0.15740159, 0.622606004, 0.924123648, 0.231453009, 0.318184006;0.425852961, 0.904166639, 0.777588127, 0.176963911, 0.86652667, 0.72823384, 0.225917242, 0.802583739, 0.204683767, 0.564088024, 0.069387499;0.0725074203, 0.549488317, 0.797111666, 0.759714478, 0.486594145, 0.765948125, 0.262577351, 0.292392823, 0.585187784, 0.538506825, 0.357957059;0.565556813, 0.431320507, 0.209399618, 0.290371124, 0.689046402, 0.756707365, 0.714604067, 0.285526774, 0.933478712, 0.533342203, 0.321080199;0.720088443, 0.0216148492, 0.141429266, 0.159844476, 0.320130911, 0.859259361, 0.00958278469, 0.0140851481, 0.716543542, 0.0301988834, 0.951840472;0.460369911, 0.451453636, 0.641827466, 0.562123908, 0.721675324, 0.328147503, 0.0475169654, 0.202179062, 0.142557167, 0.943696895, 0.8411701;0.983163139, 0.997151972, 0.334116847, 0.551194564, 0.868841853, 0.884158857, 0.534446175, 0.519791256, 0.522378038, 0.990151158, 0.152861928;0.992780336, 0.304709243, 0.507281265, 0.975188831, 0.894006084, 0.157160556, 0.959679151, 0.00894138646, 0.613864166, 0.324560173, 0.993856661]
feature_class = 'simple'
data_test = [0.183252666, 0.52130845, 0.507710725, 0.877859227, 0.471609937, 0.281499253, 0.523034472, 0.930405968, 0.860139491, 0.245283109, 0.62469585, 0.346356211, 0.429924059, 0.117344684, 0.884304411, 0.176656942, 0.175516143;0.804059291, 0.853503205, 0.00765695768, 0.901092247, 0.754822788, 0.305305537, 0.690929635, 0.763489624, 0.165953378, 0.890837747, 0.714365723, 0.323528902, 0.552682008, 0.180291388, 0.940932465, 0.772517936, 0.537534988;0.409316103, 0.0566110479, 0.166492783, 0.793567566, 0.858405787, 0.881060494, 0.882022126, 0.596414505, 0.478495317, 0.668694758, 0.714522515, 0.5166701, 0.230928777, 0.716654208, 0.910141085, 0.964744144, 0.217478603;0.334441328, 0.158097166, 0.268964095, 0.876520679, 0.025217563, 0.78943842, 0.500746469, 0.782036889, 0.0312661835, 0.398114718, 0.0567014712, 0.831824534, 0.660260859, 0.266289814, 0.597637413, 0.457722796, 0.790560054;0.114553809, 0.285116502, 0.579961847, 0.659814839, 0.20744358, 0.565218807, 0.0927712101, 0.301324286, 0.407102142, 0.0496628879, 0.0974388909, 0.505740102, 0.00489560801, 0.311489191, 0.537883925, 0.556439798, 0.570553304;0.00119388367, 0.0958755512, 0.0997172807, 0.449401866, 0.538077051, 0.813051458, 0.318396074, 0.28517078, 0.425888412, 0.128626759, 0.343321861, 0.468466342, 0.401093894, 0.291020375, 0.607700349, 0.16636859, 0.665800506;0.0636511405, 0.26343061, 0.346190305, 0.369313861, 0.613504406, 0.230868985, 0.307841691, 0.498001238, 0.535837404, 0.98850378, 0.233727827, 0.218168074, 0.473988396, 0.68703003, 0.214479595, 0.720704937, 0.133021283;0.834715075, 0.416812218, 0.655335658, 0.192648695, 0.607691816, 0.280715636, 0.646464241, 0.531162782, 0.943241991, 0.094294987, 0.9946411, 0.614486585, 0.622361868, 0.140395637, 0.180350585, 0.448631666, 0.551849673;0.559012629, 0.313483562, 0.414904828, 0.185003523, 0.540314712, 0.112637586, 0.738119125, 0.975970714, 0.885609891, 0.665701584, 0.523340268, 0.692292082, 0.524568106, 0.704451939, 0.989775034, 0.947972115, 0.956037698;0.639866066, 0.517324164, 0.514844243, 0.837651582, 0.838847192, 0.665439593, 0.721439843, 0.704603221, 0.748410851, 0.944634092, 0.149254374, 0.0245672394, 0.786654515, 0.729197844, 0.54478389, 0.125635379, 0.398961403;0.98638566, 0.714328828, 0.381304255, 0.165013965, 0.665336699, 0.338727516, 0.795908221, 0.827960393, 0.487317334, 0.851632438, 0.582200331, 0.795638944, 0.673465843, 0.928088728, 0.99319399, 0.503074869, 0.2782085]
kernel_arg0_degree = 3
km_test = [64.3453185, 39.9421813, 30.7487726, 41.1926797, 66.4457813, 27.9751922, 65.7259155, 86.3934728, 64.5988039, 77.1213614, 35.7412298, 37.012276, 58.6108514, 53.4838543, 72.8147176, 43.3517131, 36.4426481;43.8059394, 45.80934, 31.5419659, 142.269015, 75.8599994, 69.7036234, 75.9334859, 132.691491, 64.7436729, 87.9943423, 33.3921543, 49.2187669, 64.7881724, 48.4896224, 149.132887, 62.4240454, 69.7260164;25.0182897, 21.0346497, 17.8268606, 46.5550489, 49.2613471, 36.7524336, 43.9174936, 60.5573296, 45.8373457, 37.524644, 29.6273906, 36.3145932, 27.1107123, 34.7686254, 90.386673, 44.8659527, 40.0142285;59.0088448, 47.3927157, 27.4143722, 102.550493, 76.6989262, 61.7303034, 97.681277, 160.190346, 68.3454735, 87.9876425, 49.5992118, 73.4487594, 81.9082072, 55.4073453, 177.966773, 58.6045558, 66.8592268;83.206233, 59.4441843, 42.7153959, 126.879194, 137.657827, 81.0896143, 129.767117, 177.553697, 108.062508, 147.848941, 68.2901062, 78.3558241, 84.2227987, 102.371319, 213.07807, 121.894884, 78.9889117;41.6703677, 40.0770044, 46.1934309, 108.443421, 102.306852, 63.2311234, 80.3137505, 119.4195, 123.391305, 67.3483801, 61.6953882, 46.2813895, 64.8052014, 47.1335219, 112.921044, 58.691628, 55.0380975;27.5569737, 23.4357932, 17.7317645, 49.0926024, 56.8971308, 33.1267252, 52.0820683, 68.5784425, 43.4260576, 63.4547281, 28.668994, 27.6068099, 33.6323696, 47.6911757, 79.1093299, 36.4477817, 14.4555404;11.5406935, 9.18263314, 15.2372595, 58.7305084, 28.3412414, 43.2706561, 30.3612461, 42.0090062, 26.6237431, 26.1745386, 13.7649059, 24.2880278, 17.7347589, 24.3600508, 52.302156, 32.6655719, 24.0266155;47.1263337, 36.6740911, 34.4776402, 97.1395065, 79.162904, 62.8479585, 84.9983153, 130.403297, 78.7978072, 81.4587927, 52.773797, 63.1439557, 78.0780238, 50.6324443, 109.678533, 60.5587575, 50.5125771;34.1278815, 29.1626361, 20.7944777, 54.9871594, 58.7640838, 32.6653601, 51.9393108, 80.2343883, 52.7165087, 73.5003311, 22.0545183, 28.8846953, 45.2150303, 46.5075398, 87.434394, 48.0247125, 51.4780518;77.6031292, 39.1330697, 26.7436179, 44.8650498, 81.8898914, 33.5687428, 98.4164607, 120.245605, 79.0278759, 70.8655021, 78.129481, 69.3794748, 62.0521965, 52.0172794, 124.735974, 78.5664331, 52.9617562]
kernel_arg1_inhomogene = 'True'
init_random = 42
data_class = 'rand'
feature_type = 'Real'
