accuracy = 1e-06;
kernel_arg2_use_normalization = 'True';
name = 'Poly';
data_type = 'double';
km_train = [1, 0.331048844, 0.682115547, 0.469649488, 0.37058349, 0.518587456, 0.877498242, 0.62970516, 0.542869062, 0.41187696, 0.289425607;0.331048844, 1, 0.74993083, 0.734457056, 0.667449953, 0.524005942, 0.379293086, 0.429902889, 0.790186553, 0.511183677, 0.46716372;0.682115547, 0.74993083, 1, 0.711984522, 0.618814376, 0.686312837, 0.725398856, 0.649578109, 0.873895569, 0.542209648, 0.518623502;0.469649488, 0.734457056, 0.711984522, 1, 0.507505973, 0.737216387, 0.466600002, 0.590535684, 0.595420708, 0.329680197, 0.500943531;0.37058349, 0.667449953, 0.618814376, 0.507505973, 1, 0.452199033, 0.363533748, 0.411259484, 0.768864688, 0.634509361, 0.460150123;0.518587456, 0.524005942, 0.686312837, 0.737216387, 0.452199033, 1, 0.42398151, 0.553419612, 0.571057857, 0.301729307, 0.424669195;0.877498242, 0.379293086, 0.725398856, 0.466600002, 0.363533748, 0.42398151, 1, 0.760263485, 0.556985981, 0.462270186, 0.383340506;0.62970516, 0.429902889, 0.649578109, 0.590535684, 0.411259484, 0.553419612, 0.760263485, 1, 0.519501062, 0.325795005, 0.427774093;0.542869062, 0.790186553, 0.873895569, 0.595420708, 0.768864688, 0.571057857, 0.556985981, 0.519501062, 1, 0.709591493, 0.613001222;0.41187696, 0.511183677, 0.542209648, 0.329680197, 0.634509361, 0.301729307, 0.462270186, 0.325795005, 0.709591493, 1, 0.560730209;0.289425607, 0.46716372, 0.518623502, 0.500943531, 0.460150123, 0.424669195, 0.383340506, 0.427774093, 0.613001222, 0.560730209, 1];
data_train = [0.0965872303, 0.803407827, 0.866126059, 0.583761421, 0.366000548, 0.652629636, 0.305664073, 0.238385692, 0.48814521, 0.216153828, 0.483703608;0.956606505, 0.839784036, 0.94163092, 0.806328975, 0.354750936, 0.812045239, 0.922915744, 0.947035788, 0.683197851, 0.211366644, 0.0397291534;0.147200228, 0.965546918, 0.462096824, 0.854986015, 0.465044154, 0.660817583, 0.0241407771, 0.249864943, 0.43626928, 0.630631047, 0.171521188;0.764551464, 0.364404706, 0.817435269, 0.0979690904, 0.679756588, 0.293328333, 0.795383174, 0.402170427, 0.665349632, 0.934305269, 0.020626632;0.0111167823, 0.770279252, 0.646393052, 0.292979721, 0.494396703, 0.0419356656, 0.192445605, 0.424496375, 0.834044416, 0.479667183, 0.586362505;0.873753792, 0.308818914, 0.700699321, 0.861667259, 0.202615701, 0.356478165, 0.979810174, 0.983218565, 0.22322993, 0.0664458389, 0.270921611;0.397731957, 0.441005601, 0.618806307, 0.89950276, 0.330348012, 0.849984535, 0.0934789209, 0.041874699, 0.504045183, 0.0596622233, 0.392489801;0.896778117, 0.241483036, 0.705975775, 0.302365392, 0.0449200552, 0.556690581, 0.834853491, 0.409468448, 0.617293826, 0.900023598, 0.789694513;0.193876399, 0.733383959, 0.501893025, 0.745966808, 0.494515551, 0.127958164, 0.569909447, 0.492133992, 0.517921734, 0.878902454, 0.894837047;0.453537107, 0.455732041, 0.515186959, 0.519589278, 0.950387144, 0.649400467, 0.277456995, 0.531536797, 0.627223583, 0.639771721, 0.585254226;0.177736155, 0.0335931891, 0.337843052, 0.427522155, 0.0618042396, 0.814967338, 0.344077438, 0.913632746, 0.154410108, 0.0569349569, 0.482316104];
feature_class = 'simple';
data_test = [0.189129337, 0.937399276, 0.0103033985, 0.412619675, 0.926747771, 0.384418207, 0.0931092806, 0.302894943, 0.498010394, 0.185151687, 0.466561705, 0.836343196, 0.87261797, 0.0492607347, 0.160903358, 0.275290136, 0.594865851;0.360994759, 0.844040913, 0.716671868, 0.100456023, 0.624557503, 0.113012625, 0.25503567, 0.177870634, 0.173061949, 0.616395525, 0.563604923, 0.176028153, 0.990172805, 0.421836732, 0.0970693282, 0.120569017, 0.583893714;0.979069403, 0.571951102, 0.949041477, 0.444132851, 0.435841104, 0.500007359, 0.697425458, 0.367615966, 0.863886033, 0.0292813848, 0.439764195, 0.51099185, 0.607032238, 0.276071912, 0.427479971, 0.48453775, 0.686909979;0.773544185, 0.737827327, 0.341583052, 0.999450523, 0.848665312, 0.260023373, 0.195105806, 0.314021251, 0.452344853, 0.850799378, 0.778362264, 0.851246124, 0.271957115, 0.593461222, 0.283249062, 0.109023161, 0.684197743;0.142997551, 0.667697762, 0.647964305, 0.810248444, 0.139554605, 0.783480149, 0.999276526, 0.851042449, 0.751812076, 0.662165355, 0.421781485, 0.730500168, 0.724178035, 0.631498283, 0.796278378, 0.448763888, 0.121252712;0.559067728, 0.265043529, 0.384433097, 0.0174149039, 0.382790588, 0.808801106, 0.542722367, 0.00980052693, 0.46984382, 0.291451648, 0.477550655, 0.404692721, 0.93197922, 0.041177299, 0.683588011, 0.851026596, 0.959238585;0.177636227, 0.531304802, 0.0435895773, 0.499183524, 0.12545809, 0.837896675, 0.113870003, 0.51328836, 0.521096069, 0.971650498, 0.654980694, 0.287840293, 0.24079931, 0.128248206, 0.756514724, 0.690756656, 0.609877127;0.0408404429, 0.762828866, 0.641887577, 0.963888868, 0.58720213, 0.303951907, 0.381520552, 0.175840705, 0.722914182, 0.70772166, 0.200650015, 0.158489323, 0.0770049332, 0.911975744, 0.233069834, 0.344163527, 0.280504508;0.413624603, 0.714048799, 0.870595634, 0.18259875, 0.686412344, 0.352562142, 0.980527168, 0.298919159, 0.00719295601, 0.515639974, 0.150731084, 0.0444944268, 0.698269232, 0.732259283, 0.460699013, 0.676885517, 0.538239448;0.629801108, 0.596703973, 0.665822764, 0.199630649, 0.26870662, 0.43996315, 0.446128009, 0.774411712, 0.367393659, 0.162505156, 0.25146597, 0.214733502, 0.731660019, 0.470339615, 0.708630698, 0.416219681, 0.889735603;0.983520308, 0.669842509, 0.863812557, 0.507933267, 0.93462084, 0.831586486, 0.991778572, 0.623093735, 0.77920674, 0.54286814, 0.259120104, 0.354755171, 0.894005415, 0.0559479466, 0.591479886, 0.372484033, 0.386692538];
kernel_arg0_degree = 3;
km_test = [0.353628471, 0.505827696, 0.394395052, 0.373972776, 0.468081297, 0.335306268, 0.223979299, 0.221488596, 0.37251401, 0.566210826, 0.601785877, 0.307673247, 0.386475069, 0.484301049, 0.34505634, 0.410990913, 0.615953574;0.433467527, 0.759945529, 0.584551965, 0.395080994, 0.510732257, 0.476687455, 0.493544769, 0.523058298, 0.518457511, 0.423077059, 0.656071043, 0.578441884, 0.685297215, 0.497868247, 0.498025669, 0.549527408, 0.622500669;0.470276473, 0.905410867, 0.541415243, 0.59354944, 0.720346417, 0.595457287, 0.440280078, 0.508353651, 0.634278614, 0.709066304, 0.842475144, 0.68029467, 0.716633224, 0.56901304, 0.568020845, 0.593647695, 0.773532215;0.528594079, 0.659203694, 0.576349779, 0.277026426, 0.507081041, 0.680380879, 0.503716477, 0.449733265, 0.536850396, 0.472901506, 0.651429552, 0.401397517, 0.745722678, 0.334902231, 0.652900602, 0.810480149, 0.810620778;0.548511644, 0.626815138, 0.511700667, 0.426796293, 0.43971295, 0.460486851, 0.429433143, 0.700065575, 0.438077163, 0.433000173, 0.648987862, 0.571197834, 0.5391619, 0.553445924, 0.617089643, 0.506036522, 0.707961373;0.568958548, 0.722737125, 0.510682418, 0.413796948, 0.618892488, 0.595273617, 0.352696112, 0.520593999, 0.654412439, 0.524166422, 0.664045336, 0.436332849, 0.609526967, 0.307547018, 0.524680707, 0.524764515, 0.704481609;0.377259186, 0.583603233, 0.469192355, 0.380111509, 0.627002878, 0.360051912, 0.348112829, 0.226796554, 0.359543247, 0.564352558, 0.561549011, 0.365173099, 0.512971467, 0.535887105, 0.35074974, 0.448682492, 0.594705898;0.608278375, 0.604194917, 0.688148291, 0.29991337, 0.635436876, 0.563978776, 0.611231412, 0.413980161, 0.483955337, 0.470138385, 0.530551479, 0.38507372, 0.810188846, 0.392327867, 0.541602859, 0.549125006, 0.647552826;0.427901169, 0.872946297, 0.620387419, 0.690408539, 0.569693127, 0.558708002, 0.518398945, 0.695202047, 0.62827448, 0.726282246, 0.75916248, 0.637911303, 0.595125709, 0.779660724, 0.628730135, 0.559882529, 0.636431618;0.413013614, 0.619564911, 0.601537017, 0.63571649, 0.505329434, 0.298836277, 0.457861619, 0.435617172, 0.437229627, 0.467120469, 0.438440229, 0.413217282, 0.303020588, 0.88193832, 0.388586473, 0.395643642, 0.462753972;0.306603716, 0.638819024, 0.570932012, 0.477339889, 0.489208546, 0.589480686, 0.654041458, 0.609754517, 0.513541888, 0.497465213, 0.353161965, 0.340592355, 0.475974748, 0.63948244, 0.635763345, 0.685049509, 0.443839048];
kernel_arg1_inhomogene = 'True';
init_random = 42;
data_class = 'rand';
feature_type = 'Real';
