init_random = 42;
accuracy = 1e-10;
data_type = '';
km_train = [1, 0.0140637172, 0.00512526139, 5.12526139e-06, 0.00682172291, 0.00373631555, 0.00373631555, 5.12526139e-06, 0.00373631555, 5.12526139e-06, 0.000640657674;0.0140637172, 1, 0.00373631555, 4.10020911e-05, 0.00682172291, 0.00110705646, 0.00110705646, 0.000328016729, 0.00262413383, 5.12526139e-06, 0.000328016729;0.00512526139, 0.00373631555, 1, 5.12526139e-06, 0.00175796466, 0.00262413383, 0.0112601993, 0.000138382057, 0.000328016729, 0.000138382057, 0;5.12526139e-06, 4.10020911e-05, 5.12526139e-06, 1, 5.12526139e-06, 0.00175796466, 0.000640657674, 0.00682172291, 0.000138382057, 0.00110705646, 0;0.00682172291, 0.00682172291, 0.00175796466, 5.12526139e-06, 1, 0.000138382057, 0.000328016729, 5.12526139e-06, 0.000138382057, 0.000640657674, 0.000138382057;0.00373631555, 0.00110705646, 0.00262413383, 0.00175796466, 0.000138382057, 1, 0.00110705646, 0.000328016729, 0.000328016729, 0.00512526139, 5.12526139e-06;0.00373631555, 0.00110705646, 0.0112601993, 0.000640657674, 0.000328016729, 0.00110705646, 1, 4.10020911e-05, 0.000640657674, 0.00110705646, 0.000138382057;5.12526139e-06, 0.000328016729, 0.000138382057, 0.00682172291, 5.12526139e-06, 0.000328016729, 4.10020911e-05, 1, 4.10020911e-05, 0.00373631555, 5.12526139e-06;0.00373631555, 0.00262413383, 0.000328016729, 0.000138382057, 0.000138382057, 0.000328016729, 0.000640657674, 4.10020911e-05, 1, 0.000138382057, 0;5.12526139e-06, 5.12526139e-06, 0.000138382057, 0.00110705646, 0.000640657674, 0.00512526139, 0.00110705646, 0.00373631555, 0.000138382057, 1, 0.000328016729;0.000640657674, 0.000328016729, 0, 0, 0.000138382057, 5.12526139e-06, 0.000138382057, 5.12526139e-06, 0, 0.000328016729, 1];
seqlen = 60;
data_test = {'CTGTTACGCCTTTGCGCGATTGTCATTGATAGCTCTCCTAGCTACGCAGGAGTAGGAACT', 'ATGCGTACGAAACATTACAACCTCCAATATAGTACTAGAAATAAGCCAGGCAGTCAAGTA', 'CACCTATCTGATAGTAGTTGCGGGTAAGTCTTTTTTGAAAAATGCTCATCGCGTATAGTT', 'AAGACTGACTGGCACGCGGGATGAAGCAAATGGTGGCGACAAACTCTGGATAGGCACTTT', 'CCATCCTGGACTGCACGAGGTATGCTAGCGGAGGTACGAGACTTGTGGTGGCTCAAACTG', 'ATGGCTCACGGAAGGCTTAGAGCATTAACGTGGTGGGTACATCCTTTATCACGAGTCCCT', 'ACCTACCTAGATGGCCAGTCTATCCCGGCGACCGGGGATAGAGGCGAAGTCCGGCTGAAC', 'GATCGATTATCGTGTTTACGGGATTCAAAGTAGGCGGTCGCAACACGGACGCCGACAATC', 'GGAATTCCTCACCACGGACGAACATGCGCAAGACAAGTGGTAACCCAAGTCAGCACGTGC', 'CATGAGCTTAGCAGGAGGACGATAAAGGCCTACAACACTATGCGCATGTTAAATTGAATT', 'AACATCGCCATGCCAAGGCTGCATGAGCTTGGAGTCGTAAGTTGTGATAACCCACACTTT', 'CGCAGGTGATGTTCAAAACTTGACGATTCGAGAAGGGCGTTTTGGAATTGCACCCTAGCT', 'TCTGAGAGTTCCACACGTACCACCGTCGATAAACGTTCGGTGGGGAAGTCTACCTCCAGT', 'CTTATCAGGCATGCCACGGATCGCCAGCAACAGCGTGTTTATTCCTGCTCAGGTCTCGAC', 'TATCAAGCGGCCCTCACGGTTCCGTCCTCCTTACCTTTCAGCGGCTAGCGGACAAGACAG', 'GCGTAGCAGATAAGGGCTTCTGACATAGCGATATTGAATAAGCAGCAGCGAGCCAATCGT', 'GCCTGGCTGCGCATAGCCCTCAGAAAACCATATGATCCCGCAAGAACTCCTAGTTACATT'};
gap = 0;
feature_obtain = 'Char';
feature_type = 'Word';
reverse = 'False';
name = 'PolyMatchWordString';
data_train = {'TGCATTCGCGTAGACGAGCGAGGTTCAGGAAGTTACACTTCACTACGGTCGCTTTATCAA', 'GCTGAGACGTCTTCGGATTATATCTCGACATCGTTATAGGAACCTCTCTGTAGACGGAGG', 'AGGATGTATACATGAACAGGTTGACGCGTTACTTCGGCATGAGGTATAGGCCTGCAAATT', 'TAGATCAGCGGGTCCTGATAAAAAACCAGAACCCCGGTGCATACCGTTACTGCGGTGCGT', 'GGTGCGGACGCTCTCACGCAGCGTTCGCTTCAACGGCGTGAGGTCCGGGAGACGACGGAG', 'ACCATATTTCTTACAGGATATAGACGCGTATAAATATTCGTCACTTAATAGATTCACCCG', 'ACTGCGTGAATTGAGTCAGTAGGGGGAAGAGGAGGCCTCGAAATCAGAACCGCCTTTTGG', 'GTGATTTACCGACACGTAGAAGGTCTAAATAAGAAAAGGAATGGCATGACCATTACTAGG', 'GGGTCTACAGATGAGTGATGCCCTCATATCGATGTGACCGTCGTATCGCCATTATGTACG', 'ACCACTCAGGGTACTTGACAGAACCCCGCGCCGCGGTCCGACGACGTTCGAATACTTTTG', 'AGCCTCACATGGGGTGTTTGTCTTTTCACTACGGTGTGTCATGGCCGACCGGTGTGGAAG'};
feature_class = 'string_complex';
kernel_arg0_degree = 3;
km_test = [0.0112601993, 0, 0.000138382057, 5.12526139e-06, 0.0251804092, 0.0298905244, 4.10020911e-05, 0.00110705646, 0, 0, 0.000328016729, 0.00262413383, 0.00110705646, 0.00512526139, 0.00262413383, 0.000138382057, 0;0.0140637172, 0, 0.00110705646, 5.12526139e-06, 0.00682172291, 0.00682172291, 0.00175796466, 0.00175796466, 4.10020911e-05, 0.000138382057, 0.00175796466, 0.000328016729, 0.000328016729, 0.00373631555, 5.12526139e-06, 5.12526139e-06, 0;5.12526139e-06, 5.12526139e-06, 0.000138382057, 0.000138382057, 0.0112601993, 0.00262413383, 4.10020911e-05, 0.00262413383, 5.12526139e-06, 0.00175796466, 0.00682172291, 0.00885645168, 0.00175796466, 0.00885645168, 0.00262413383, 0.000328016729, 0.00262413383;0, 0.00175796466, 0.000138382057, 0.000328016729, 0.000640657674, 0, 0.00110705646, 0.00512526139, 0.000328016729, 0.00110705646, 4.10020911e-05, 0.000138382057, 0.00175796466, 4.10020911e-05, 0.00110705646, 0.00110705646, 0.00373631555;0.00110705646, 0, 5.12526139e-06, 0, 0.00682172291, 0.00512526139, 0.000328016729, 0.000328016729, 0.000138382057, 0, 0.000328016729, 0.000640657674, 0.000328016729, 0.00110705646, 0.00512526139, 0.000640657674, 4.10020911e-05;0.000640657674, 5.12526139e-06, 0.000328016729, 0.00175796466, 0.000328016729, 0.000138382057, 0.000138382057, 0.00262413383, 5.12526139e-06, 0.000328016729, 0.00175796466, 0.00373631555, 0.00373631555, 0.000328016729, 0.00885645168, 0.0140637172, 0.00110705646;0.000328016729, 4.10020911e-05, 0.000640657674, 0.000640657674, 0.0140637172, 0.00682172291, 0.00110705646, 0.0140637172, 4.10020911e-05, 0.000138382057, 0.00682172291, 0.0209930706, 0.00262413383, 0.00373631555, 0.00175796466, 4.10020911e-05, 0.000138382057;5.12526139e-06, 0.0112601993, 0.000640657674, 0.00373631555, 0.000640657674, 0.000138382057, 5.12526139e-06, 0.00175796466, 0.00110705646, 0.0140637172, 0.00110705646, 0.000328016729, 0.000138382057, 4.10020911e-05, 0.000328016729, 0.000138382057, 0.00110705646;0.00262413383, 5.12526139e-06, 5.12526139e-06, 0.000328016729, 0.000328016729, 4.10020911e-05, 0.000138382057, 0, 5.12526139e-06, 4.10020911e-05, 4.10020911e-05, 0.00110705646, 0, 0.00885645168, 5.12526139e-06, 0, 5.12526139e-06;0.000328016729, 4.10020911e-05, 4.10020911e-05, 0.00175796466, 0.000138382057, 0.00110705646, 0.000328016729, 0.00110705646, 5.12526139e-06, 0.000640657674, 0.00110705646, 0.00262413383, 0.000640657674, 0.000328016729, 0.00512526139, 5.12526139e-06, 0.000328016729;0.00110705646, 0, 0.000328016729, 5.12526139e-06, 4.10020911e-05, 4.10020911e-05, 5.12526139e-06, 5.12526139e-06, 0, 0, 5.12526139e-06, 0.000328016729, 0, 4.10020911e-05, 4.10020911e-05, 5.12526139e-06, 0];
alphabet = 'DNA';
data_class = 'dna';
order = 3;
kernel_arg1_inhomogene = 'False';
