accuracy = 1e-06;
feature_obtain = 'Char';
init_random = 42;
name = 'SalzbergWordString';
classifier_labels = [1, 1, -1, 1, 1, -1, -1, -1, -1, 1, -1];
km_train = [1, -0.171320592, -0.215513872, -0.193247855, -0.184781189, -0.119050631, -0.104038981, -0.169652944, -0.174115936, -0.12291148, 0.00808426828;-0.171320592, 1, -0.257162324, -0.171637637, -0.0963300449, -0.145683279, -0.156889658, -0.165928853, -0.0168341812, -0.135924733, -0.141334755;-0.215513872, -0.257162324, 1, 0.27867198, -0.226930525, -0.0614324682, 0.104145168, 0.0569341102, -0.0592806657, -0.037863496, -0.0979726665;-0.193247855, -0.171637637, 0.27867198, 1, -0.184087074, -0.184198227, -0.0811324479, -0.129067088, -0.199714184, -0.17610571, -0.209561718;-0.184781189, -0.0963300449, -0.226930525, -0.184087074, 1, -0.206748873, -0.14172241, -0.108849023, -0.187480903, -0.206428547, -0.153012155;-0.119050631, -0.145683279, -0.0614324682, -0.184198227, -0.206748873, 1, 0.102058128, 0.016194601, 0.305065958, -0.0521773408, 0.257674565;-0.104038981, -0.156889658, 0.104145168, -0.0811324479, -0.14172241, 0.102058128, 1, 0.00602737625, 0.00711382247, -0.0718014322, -0.0183681795;-0.169652944, -0.165928853, 0.0569341102, -0.129067088, -0.108849023, 0.016194601, 0.00602737625, 1, 0.0884959204, 0.0386823549, -0.0142502032;-0.174115936, -0.0168341812, -0.0592806657, -0.199714184, -0.187480903, 0.305065958, 0.00711382247, 0.0884959204, 1, -0.115004071, 0.179072776;-0.12291148, -0.135924733, -0.037863496, -0.17610571, -0.206428547, -0.0521773408, -0.0718014322, 0.0386823549, -0.115004071, 1, -0.139718952;0.00808426828, -0.141334755, -0.0979726665, -0.209561718, -0.153012155, 0.257674565, -0.0183681795, -0.0142502032, 0.179072776, -0.139718952, 1];
data_train = {'CTTGATCGAAGGTCTTTCTCTCGGAGTCAGTGATGTTGACCCCCACAGGGTGTGCGAGGT', 'AGTCTAGCAAAAGCGGAGTTAGGGCTCGGGCTAGGAAACGTCGTACTGAAATCGCTGGGA', 'CGCCAACCACCGCCAAAGCTAAGCTATCATCGAGAAGACGTCTGCGACCCACCATAGCTA', 'ATACCAAAGCTAAGGACCCAAGAGCCGGCATCCTGACCCCAACTCCGACCTCGAAGTTCC', 'CAGAGGGCGGGCTGACAAAATTCAAAAAACAAAAGCGATGCGCTGAGGGTCTTGCTCTCA', 'GTTTGCACCACGAGGTCCTCAATGTTAGCAGCCACAGATTAGCTAAAGACGCTTGTGTTT', 'AACGGTGTTTTGATTGTGTGGATATTAGGAGGCAAACAATGATCAAAGAGTTGATCTTGA', 'ATTGAATAGAACCTATAGGAACGGGGATGGTCCGTTGCACCATGGCGGACAAATGGCGAT', 'TCAGCGCATCCTAAGGTAGGCTGCTTATGGCAAATTACTACTTGGGACTACAGGATCCAA', 'CAGGAATGTTTGCAAACATCACATAGCACCCGTAGATTACGACCCATTGGCGCCACTATT', 'CTAGAATGCTCTCTCCATTTCTCCCGTCTAATTTAGTGGGGCATAACGCATAATCGGTCA'};
feature_class = 'string_complex';
seqlen = 60;
data_test = {'AGAGAAGTTGGATCCTCCCTTTCCAGTGATTCCTGACATTAAATCTGGACCTAGTAGTGA', 'GGTATCGCCGTGTATCAAGTGCAGACGTCATGTACTAGAGTCTCTCACGTCGTTGTGAAT'};
gap = 0;
data_type = '';
km_test = [0.119963264, 0.136714932;-0.0344376454, -0.0372251663;-0.0603024616, -0.0368047674;-0.126866359, -0.105321596;-0.133920648, -0.0676981331;0.147081306, 0.0618544655;-0.0153847729, -0.00387909818;0.0303575497, 0.00608422156;0.175694162, 0.0472994557;-0.0272495876, -0.122494339;0.170929862, 0.292545772];
feature_type = 'Word';
alphabet = 'DNA';
data_class = 'dna';
order = 3;
classifier_classified = [55.3638483, 159.754969];
reverse = 'False';
