accuracy = 1e-06;
feature_obtain = 'Char';
init_random = 42;
name = 'SalzbergWordString';
classifier_labels = [1, 1, -1, 1, 1, -1, -1, -1, -1, 1, -1];
km_train = [1, -0.135268802, -0.138428908, -0.154182731, -0.173848119, -0.0966095637, -0.164110735, -0.0496092264, -0.11514106, -0.151620438, -0.131625784;-0.135268802, 1, -0.20703942, -0.152043793, -0.211924056, -0.0938469862, -0.220080885, -0.144060553, -0.1795188, -0.0306829238, -0.136083083;-0.138428908, -0.20703942, 1, -0.108738729, -0.0425885916, 0.207873889, 0.120374366, -0.00158087209, 0.112240346, -0.214338252, 0.0901289582;-0.154182731, -0.152043793, -0.108738729, 1, -0.203189943, -0.0108007874, -0.20514491, -0.0933785058, -0.163268716, -0.128303417, -0.179664899;-0.173848119, -0.211924056, -0.0425885916, -0.203189943, 1, -0.103099905, 0.0263534449, -0.232271989, 0.000405649597, -0.228934722, -0.00123998612;-0.0966095637, -0.0938469862, 0.207873889, -0.0108007874, -0.103099905, 1, -0.0768754242, 0.0518174328, -0.0496348382, -0.209862703, -0.105995496;-0.164110735, -0.220080885, 0.120374366, -0.20514491, 0.0263534449, -0.0768754242, 1, -0.108117595, 0.130456562, -0.145825429, 0.239384824;-0.0496092264, -0.144060553, -0.00158087209, -0.0933785058, -0.232271989, 0.0518174328, -0.108117595, 1, 0.0016703687, 0.0695549917, 0.0236834266;-0.11514106, -0.1795188, 0.112240346, -0.163268716, 0.000405649597, -0.0496348382, 0.130456562, 0.0016703687, 1, -0.209246344, 0.1133095;-0.151620438, -0.0306829238, -0.214338252, -0.128303417, -0.228934722, -0.209862703, -0.145825429, 0.0695549917, -0.209246344, 1, -0.224653054;-0.131625784, -0.136083083, 0.0901289582, -0.179664899, -0.00123998612, -0.105995496, 0.239384824, 0.0236834266, 0.1133095, -0.224653054, 1];
data_train = {'CGTCTAGCACTTCTGGAGACGTGTTACGTTTGTCCGTTCTTGCGGGGTACGCTCCTATGA', 'TAGAATTAGTTCTGGTAACACGCCCACGATCTATGTGTGTTGGCTCGACGGCACGAGGTA', 'AGGATCCCTAAAGTCAAGATAAATGTCAGGGCAAGGTCTCATGGGCGTCGTACAGTGAGT', 'CTTAAGGTGCATAGAACCGATGCCGATGAGCATAGTACAAATTGCTGCCATGGGGAGTAT', 'CCGTCGCGAAACCGCAAACACCGGCACAATATATGCCGTCACATGACATTACTACCAATG', 'CCGCAAGAACATGAAGCTGCTCCGTGGCCAGAATCACCCAACCACCATTAAGGTCGTCAC', 'AATAATCACAATAGATGTCTTGAAAAGGGCAACGCGCTACACGGAAGCCTCGGTGACTAG', 'TGCACATGGCACCCCCCTCGACAGCATACCCGGCATCTCGTGCGGGAGAAGATTTGCCCA', 'CGACGAAAGGGAGGCCGCGAGCCCTTGGAGCCAAAAAGACTATGCAACACAGATATAGCG', 'ACACACAAGTCGGCAATCGGCCGACCTCGAATGCGAGATGCTTCTTGTCGTCCCTGCCAA', 'GCTGTATCGGCAAGCTCTAACTGAACGCGGTGCTCCTACAAAACTGGGTTTTAGGGCAAT'};
feature_class = 'string_complex';
seqlen = 60;
data_test = {'GCCGCCAACGACGTAGTTTGAGGCCGTCAGAGACGAACCGGCCATATGGGTTGATATGTT', 'AGAACAGTGATTGGTATTTCTCGTACTTTAGATAGCTGGCGCAGTAAGTATTACGTGCAC', 'GCGACAATAGACCAATAATCGAAGTACAATATATGTATGGTGTCGTACTCCCTTTGGAAA', 'ATTGTTGCAGACTCAGGAATATCCCTTCAATCACGTGAACATCCGGGTGTGAATTGGCGT', 'TCCCCCGATGTTGTCTATCACGAGTCGCGGCTGTGTAACTATAAAGTCGAGACGGAAGTT', 'TTCCACGTCGGGCTATTCCGCATCAGAAGCGTTAAGGTGACTTAGACATGTTAGTGGCGC', 'CAAAACAATTTTAACTTCAGCGTGTCGTGGGTACCTTAATCAACGCGTAATTCCCGACAT', 'CGAAGTGGAGAATTGTTATGTGGGCTACACAACCACTACAAGCCAGTAAAGACAAACACG', 'CGGGTAAGGGAGTCTCACCGGGACCTCTCAACTGTTGGGGCCGACTCGATCTTTACTTTG', 'CATGAAGGAAAATGGTCTTGCGTACTTCCCCTACTCTCTTCTTTCCCCCAGGTTCGTAAT', 'ATTCTCTTAGGATCGAGTGTGACAAATTACATCGGGCAACTCATAATGCTGAGGTTCGAA', 'CGGCTTGATTACTGGAGCACAGTCGCATAACGCATCACAGGTAAAAACAGCACAGCACAT', 'TAGCAATCTCATTTGCAACTGTCGTCCGGTCACAGATTAAGTAAGGAGTAGAAACTGAAG', 'ACGTAGAGGTGCAAGTGGCCCACTCGTCTCCAAGTAACGCGGCTCTAATGTCTAACTGCC', 'ACCGGTACCGCTGAATGAAGGACCTAGGAGAGGAATCCCTGGAACCGGCGAATGGCCATG', 'ATCTAAAATGGTATTCAGCTAGGACACTCTAGTCTGCTAAGTTATGTCGTCTCCTTCATT', 'GGTATCGCCGTGTATCAAGTGCAGACGTCATGTACTAGAGTCTCTCACGTCGTTGTGAAT'};
gap = 0;
data_type = '';
km_test = [-0.0420637275, 0.0428284876, -0.095069183, -0.0249524, -0.103469617, -0.0746975377, -0.0539058964, -0.0977259056, -0.00436945815, 0.047735949, -0.104408471, -0.0822022106, -0.0792045501, -0.078143158, -0.0487616756, -0.0843276888, 0.011919493;0.0493207991, 0.129336842, -0.0151708371, 0.218570093, 0.195941364, 0.395526354, -0.0531546655, -0.124920255, 0.290727953, -0.0315124116, 0.122124233, -0.126234008, -0.0484160124, -0.0331235256, -0.0475086535, 0.14447115, 0.0996933143;-0.0528517941, -0.0176882318, 0.0907178021, -0.0713848636, 0.0460266243, -0.0666601377, 0.017656241, 0.00365485148, -0.0116023743, 0.157354547, -0.0356033368, 0.0751038873, -0.0276755812, 0.0576265967, 0.00990462128, 0.0729240595, -0.0805039536;0.196788557, -0.00943685521, -0.00394403753, 0.0544359272, 0.175528467, -0.0892759873, -0.0832030232, -0.0943657294, -0.127459766, 0.0515333479, 0.251454739, -0.0660227046, -0.0275881181, 0.119114885, 0.0791113831, 0.0987217642, -0.128254507;-0.174091259, -0.155682333, 0.0910783669, -0.176251778, -0.166035889, -0.180007191, 0.0397474244, 0.0867680123, -0.150382034, -0.0175716094, -0.167368758, 0.10804015, -0.083861738, -0.0738293431, -0.0276769442, -0.153859406, -0.188254164;0.137479718, 0.129761045, -0.0380741044, 0.0361973177, 0.0840031374, -0.0417750587, -0.0433757601, -0.0969746111, 0.128156205, 0.00630735489, 0.0317106017, -0.0312094797, 0.0889410279, 0.232775616, 0.105806638, -0.050226471, -0.040946485;-0.146714413, -0.0892558277, -0.0190530987, -0.128017915, -0.104298456, -0.135446337, 0.353568321, 0.312876382, -0.085015929, -0.0438492131, -0.126547274, 0.103529555, 0.111291928, -0.140616235, -0.0726654241, -0.0941320716, -0.115992448;0.00690195126, 0.117962663, -0.0121693684, -0.0169618968, -0.0175067134, 0.199493749, -0.107220609, -0.057786238, 0.0964076739, -0.00797391634, -0.0519857721, 0.0328083458, 0.117790513, 0.112223758, 0.0484619129, -0.035017026, 0.289681641;-0.0877736878, -0.0129823476, -0.0183118913, -0.0662778244, -0.0378401084, -0.0653710417, -0.0125816746, 0.253270983, -0.0106644063, 0.0354219593, -0.0617351296, 0.228720076, 0.0106595193, -0.0787586537, -0.00821929584, -0.0220784435, -0.0394890601;0.067596773, -0.0547701022, 0.045641833, 0.0982200109, -0.0641994662, 0.0215586061, -0.0993384195, -0.0964876263, -0.056159009, -0.13336647, 0.0285950795, -0.134990705, -0.0363370242, 0.0239387061, 0.0206277375, 0.042656088, 0.222438386;-0.0590519699, -0.0257353566, -0.0370968275, -0.10461254, -0.0532869471, -0.0319213807, 0.253174519, 0.198849991, -0.0200087172, 0.0474796952, -0.0313792922, 0.195670587, 0.236994251, -0.085102337, -0.0308928306, 0.03907579, -0.0287100779];
feature_type = 'Word';
alphabet = 'DNA';
data_class = 'dna';
order = 3;
classifier_classified = [185.750578, -192.113626, 68.5904437, -52.6491871, 13.0158743, -82.5295487, -169.398045, -17.6980056, -130.660692, -234.030161, -54.7286286, -176.093951, -212.389476, -144.122854, -64.2605331, -74.8641078, -255.422858];
reverse = 'False';
