accuracy = 1e-06
feature_obtain = 'Char'
name = 'SalzbergWord'
classifier_labels = [1, 1, -1, -1, -1, 1, 1, -1, -1, -1, -1]
km_train = [1, -0.12195533, -0.216701019, -0.15581506, -0.0810808548, -0.180799178, -0.171383268, -0.190016543, -0.0916938824, -0.187595167, -0.241903483;-0.12195533, 1, -0.295723022, -0.190046904, -0.263039392, -0.165982488, 0.051504177, -0.157571358, -0.195381519, -0.0938309907, -0.229601324;-0.216701019, -0.295723022, 1, 0.0579356282, 0.135845794, 0.0271638068, -0.221803678, -0.00503540803, 0.000236177348, 0.0142172917, 0.0978444949;-0.15581506, -0.190046904, 0.0579356282, 1, 0.205857092, -0.269085442, -0.207730228, 0.181150681, 0.0586818407, 0.0862346894, 0.266554677;-0.0810808548, -0.263039392, 0.135845794, 0.205857092, 1, -0.161888323, -0.23570289, 0.00787573114, 0.0111157709, 0.0635385379, 0.114683521;-0.180799178, -0.165982488, 0.0271638068, -0.269085442, -0.161888323, 1, -0.184537801, -0.205985735, -0.244712527, -0.11806295, -0.285828654;-0.171383268, 0.051504177, -0.221803678, -0.207730228, -0.23570289, -0.184537801, 1, -0.216441679, -0.0665499772, -0.193043711, -0.119765674;-0.190016543, -0.157571358, -0.00503540803, 0.181150681, 0.00787573114, -0.205985735, -0.216441679, 1, 0.0641106702, 0.127444758, 0.246067109;-0.0916938824, -0.195381519, 0.000236177348, 0.0586818407, 0.0111157709, -0.244712527, -0.0665499772, 0.0641106702, 1, -0.0967793837, 0.303521871;-0.187595167, -0.0938309907, 0.0142172917, 0.0862346894, 0.0635385379, -0.11806295, -0.193043711, 0.127444758, -0.0967793837, 1, -0.0369680494;-0.241903483, -0.229601324, 0.0978444949, 0.266554677, 0.114683521, -0.285828654, -0.119765674, 0.246067109, 0.303521871, -0.0369680494, 1]
data_train = ['TCATTTGGCCTCGTCCGCCGTATTGACGACCGTTTATGTCCCTAATTGATTCAATATACA', 'AACGTACTGAGCTGTTGCTTGGTAGGTTTAGACAAGGTCGGCCTTACTCGCCGCCTTGCA', 'ACTCAAGAGAACGCTATAGCACGGTGACCGGTACAAACCATGGCCCACATGCCTTTAAGC', 'TGAGCAGGCTCGCAGCAGTCGTTGGGCCGTCGACTACGGACTGCTGACTCGAGACCGTAA', 'TGACGCGTTTTTGGGCGAGTAGGGACCAAACTGCCCCAATTGCACTTCTTTTATCCGACT', 'AATAAAATGTTGTACAGTAAGCTAACCGGCCGCGGGGGGAAGTCTTCTTTTAAGTCAGCC', 'GGCTACACAACTTTCATCGGCATGGAGGCTGTCGGTTGCCTTGCGGCGGTAGGATGCAAC', 'TTAATACGGCCCGCAGAGTACTCTCCATAACTATACGGCCACGGAAGATCCAGGGACCCA', 'GACCAGTCAACCTCCTATTGTACAACTCGACTCTATTTATTGGAGTGATGATGTCTGAAG', 'TGAGGAATTTTAGGTCTGCCATCAAAGCAGAGCGATGTAGATGCGAATGAATTTCGGGGT', 'ATTCCATCCTCGAGGTGCATTGAGGGTTCCGTCTTACATCATAACGTCCCATAACAATAA']
feature_class = 'string_complex'
seqlen = 60
data_test = ['TGCGATATACATTCAGAGTGGGTGAGACCCTAGGTGAACGGAAGACGTGGCGTATTAGCC', 'CGTGCTCAAAGCAGGAGTGCCAACAAGCTACTTTATGAACGTCAAGTGCTCCCAATCTCA']
gap = 0
data_type = ''
km_test = [-0.0108594369, -0.147559819;-0.0673883711, -0.194209031;-0.0490342075, 0.322630059;0.128139528, -0.00903097679;0.146980855, 0.0179290103;-0.154887395, 0.342143365;-0.0875707296, -0.153034437;0.225036475, -0.0507841904;0.0250916224, -0.058978161;0.112752711, -0.0456360715;0.110643254, 0.00280632809]
feature_type = 'Word'
alphabet = 'DNA'
data_class = 'dna'
order = 3
classifier_classified = [-105.881418, 224.580929]
reverse = 'False'
