accuracy = 1e-06
feature_obtain = 'Char'
init_random = 42
name = 'SalzbergWord'
classifier_labels = [-1, 1, -1, 1, -1, -1, -1, -1, -1, 1, 1]
km_train = [1, -0.187833032, 0.0509041573, -0.232958798, 0.139322292, -0.0520891391, -0.044362003, 0.210238166, 0.112846419, -0.0548199014, -0.21012856;-0.187833032, 1, -0.126122249, -0.19050565, -0.139113785, 0.0759599214, -0.171551841, -0.228037905, -0.0989397861, -0.00849553094, -0.243218676;0.0509041573, -0.126122249, 1, -0.20237298, 0.124762565, 0.0238233267, -0.0837195849, 0.113653184, -0.0439731116, -0.0213332379, -0.216838801;-0.232958798, -0.19050565, -0.20237298, 1, -0.229701464, -0.23755905, 0.0042231788, -0.156841429, -0.269983794, -0.202646573, -0.0325872878;0.139322292, -0.139113785, 0.124762565, -0.229701464, 1, 0.172579554, 0.0139249881, 0.106830822, -0.0601677915, -0.154405334, -0.19555643;-0.0520891391, 0.0759599214, 0.0238233267, -0.23755905, 0.172579554, 1, -0.074790185, 0.0737364408, -0.0513177535, -0.161976854, -0.21518328;-0.044362003, -0.171551841, -0.0837195849, 0.0042231788, 0.0139249881, -0.074790185, 1, 0.0830656335, -0.0780035869, -0.299616175, 0.000373559724;0.210238166, -0.228037905, 0.113653184, -0.156841429, 0.106830822, 0.0737364408, 0.0830656335, 1, 0.0589596771, -0.21491005, -0.202677246;0.112846419, -0.0989397861, -0.0439731116, -0.269983794, -0.0601677915, -0.0513177535, -0.0780035869, 0.0589596771, 1, 0.187484819, -0.244883281;-0.0548199014, -0.00849553094, -0.0213332379, -0.202646573, -0.154405334, -0.161976854, -0.299616175, -0.21491005, 0.187484819, 1, -0.263493551;-0.21012856, -0.243218676, -0.216838801, -0.0325872878, -0.19555643, -0.21518328, 0.000373559724, -0.202677246, -0.244883281, -0.263493551, 1]
data_train = ['TCTTCACGTTATTAGGCCGTACATCCGTGTTGGTGGAATCATGCGCTAGACTATTTGCAG', 'CTCAGCTTCGGTTAGTCTAACGCATGAAAGGCCATCAGAGGACGTTTCATGACGGATTGG', 'GCCCATTCGCCGGGAGGGAACTATAGGCTACGGGACCACAACTACATCGATCACTCCTAG', 'CTCCGTCGCACGGCTCTCTTTTAACGAAGTTAGAAAACTATGATATCAGAAGACCATCCG', 'TTCCTATCGGCTCTTCGTGAGGAAATTCCTGTTATTATGTCGGTCGCCTCGAACCGTGTT', 'CAGCGGGAAACCTGTTACGCCCGAAGCGTGGGGACTTACTCGCCTGGCTTCATAGTCTTA', 'AAACTATGGATTCGCGATGGTACCTCAGTCCAGCCGTCGTGAAGAAATTCCGCTGGACAT', 'GAGCCGTTAGCGTCTCCGTCCACGCGACACCGTTCCGGTCCTTGCACATGCAGCCAGCCG', 'AAGCTTCGCCAGACGTCCCGACACCAATGATTGGCCTTAATTCCGTAATGAGTTGTTTGA', 'TGTTAATGCTGGACACAGGAGTTATCCTAGCCGTGATAATCACACTTGATTTCAGCCAGG', 'CCATCCTCAAGAACGGAAGCAGTCAATGCGAAAATGCGAGAGCAAGCAATCTTACCATAC']
feature_class = 'string_complex'
seqlen = 60
data_test = ['AAGCCATGTCGGATAAGAGGCTCTTCTAGAATGTAACTAGCCTTGGGACATTACGGTTCG', 'GTACAAAGTCCTATCAATGGATGTTAGCCGCGTAGTCTGTGTTTGTGAGTCAGGTACACC']
gap = 0
data_type = ''
km_test = [0.0502010097, 0.0623004011;0.151669732, 0.0395166453;0.0388479155, 0.0172912692;-0.151408528, -0.122861935;0.100374526, 0.0922067623;0.125963929, -0.00619525465;-0.03162638, 0.0177399646;0.0772123158, 0.053930479;0.0392420295, 0.0469088657;-0.0127148396, 0.0986335309;-0.147871698, -0.116664319]
feature_type = 'Word'
alphabet = 'DNA'
data_class = 'dna'
order = 3
classifier_classified = [-154.851891, 231.043526]
reverse = 'False'
