kernel_arg0_size = 10;
init_random = 42;
kernel_arg1_gamma = 0.5;
kernel_arg2_coef0 = 0.7;
kernel_feature_type = 'Real';
kernel_accuracy = 1e-09;
kernel_data_train = [0.5838937, 0.9790694, 0.5719511, 0.9490415, 0.4441329, 0.4358411, 0.5000074, 0.6974255, 0.367616, 0.863886, 0.0292814;0.4397642, 0.5109918, 0.6070322, 0.2760719, 0.42748, 0.4845378, 0.68691, 0.7735442, 0.7378273, 0.3415831, 0.9994505;0.8486653, 0.2600234, 0.1951058, 0.3140213, 0.4523449, 0.8507994, 0.7783623, 0.8512461, 0.2719571, 0.5934612, 0.2832491;0.1090232, 0.6841977, 0.1429976, 0.6676978, 0.6479643, 0.8102484, 0.1395546, 0.7834801, 0.9992765, 0.8510424, 0.7518121;0.6621654, 0.4217815, 0.7305002, 0.724178, 0.6314983, 0.7962784, 0.4487639, 0.1212527, 0.5590677, 0.2650435, 0.3844331;0.0174149, 0.3827906, 0.8088011, 0.5427224, 0.0098005, 0.4698438, 0.2914516, 0.4775507, 0.4046927, 0.9319792, 0.0411773;0.683588, 0.8510266, 0.9592386, 0.1776362, 0.5313048, 0.0435896, 0.4991835, 0.1254581, 0.8378967, 0.11387, 0.5132884;0.5210961, 0.9716505, 0.6549807, 0.2878403, 0.2407993, 0.1282482, 0.7565147, 0.6907567, 0.6098771, 0.0408404, 0.7628289;0.6418876, 0.9638889, 0.5872021, 0.3039519, 0.3815206, 0.1758407, 0.7229142, 0.7077217, 0.20065, 0.1584893, 0.0770049;0.9119757, 0.2330698, 0.3441635, 0.2805045, 0.4136246, 0.7140488, 0.8705956, 0.1825987, 0.6864123, 0.3525621, 0.9805272;0.2989192, 0.007193, 0.51564, 0.1507311, 0.0444944, 0.6982692, 0.7322593, 0.460699, 0.6768855, 0.5382394, 0.6298011];
kernel_matrix_train = [0.988774828, 0.98195727, 0.978495494, 0.950371583, 0.958092394, 0.972768412, 0.988855579, 0.971819262, 0.978108705, 0.94284114, 0.97360738;0.98195727, 0.995663492, 0.988342681, 0.973547116, 0.965241002, 0.959066067, 0.985277542, 0.986283558, 0.985876773, 0.964058903, 0.970178178;0.978495494, 0.988342681, 0.991186474, 0.962098234, 0.947850108, 0.964790779, 0.985426273, 0.973492905, 0.985159621, 0.960870133, 0.97044564;0.950371583, 0.973547116, 0.962098234, 0.965701493, 0.934097967, 0.963703308, 0.954743549, 0.962943302, 0.964366433, 0.964958356, 0.928824339;0.958092394, 0.965241002, 0.947850108, 0.934097967, 0.93918845, 0.950097671, 0.954507645, 0.94749679, 0.963630879, 0.923652132, 0.947733652;0.972768412, 0.959066067, 0.964790779, 0.963703308, 0.950097671, 0.987959907, 0.980080623, 0.97643613, 0.98209604, 0.976937239, 0.974422042;0.988855579, 0.985277542, 0.985426273, 0.954743549, 0.954507645, 0.980080623, 0.993139959, 0.984290063, 0.985629951, 0.961891691, 0.98391417;0.971819262, 0.986283558, 0.973492905, 0.962943302, 0.94749679, 0.97643613, 0.984290063, 0.990118953, 0.9802568, 0.97532977, 0.970596509;0.978108705, 0.985876773, 0.985159621, 0.964366433, 0.963630879, 0.98209604, 0.985629951, 0.9802568, 0.993141612, 0.972291769, 0.989224113;0.94284114, 0.964058903, 0.960870133, 0.964958356, 0.923652132, 0.976937239, 0.961891691, 0.97532977, 0.972291769, 0.98253678, 0.941453321;0.97360738, 0.970178178, 0.97044564, 0.928824339, 0.947733652, 0.974422042, 0.98391417, 0.970596509, 0.989224113, 0.941453321, 0.991043907];
kernel_name = 'Sigmoid';
kernel_feature_class = 'simple';
kernel_matrix_test = [0.983633733, 0.992425641, 0.95675762, 0.97896021, 0.95841864, 0.967908183, 0.975745437, 0.964993624, 0.958148204, 0.960676723, 0.965824812, 0.971687848, 0.894899346, 0.987666475, 0.976505088, 0.950906717, 0.9535852;0.991528483, 0.995978472, 0.94960231, 0.976468087, 0.981526768, 0.988094044, 0.991823871, 0.973016217, 0.958701806, 0.931641814, 0.983630729, 0.970053205, 0.909558173, 0.9769414, 0.989330569, 0.952717393, 0.96881646;0.987246887, 0.995205683, 0.948988313, 0.984387902, 0.976394553, 0.989186752, 0.985517945, 0.975591398, 0.959057398, 0.933865388, 0.98525877, 0.955774385, 0.948182154, 0.972538827, 0.987284904, 0.94190255, 0.953617305;0.972915666, 0.986628763, 0.940577537, 0.954549121, 0.960514408, 0.962495446, 0.957113495, 0.957433983, 0.882472843, 0.914379197, 0.964288145, 0.946287651, 0.89428343, 0.956846383, 0.971495176, 0.920821414, 0.934643332;0.962018287, 0.980841305, 0.936688343, 0.939767527, 0.935341278, 0.951704618, 0.947242186, 0.955551794, 0.906394254, 0.909283849, 0.946752891, 0.941451176, 0.830843657, 0.961951311, 0.958854326, 0.886518696, 0.904832546;0.987047851, 0.991157744, 0.969823075, 0.978629051, 0.971411331, 0.973969294, 0.961125081, 0.978452154, 0.935343143, 0.956318874, 0.977931473, 0.972632129, 0.911920286, 0.981125084, 0.981336831, 0.923442809, 0.93441662;0.992425888, 0.994684324, 0.961418087, 0.988198129, 0.97788249, 0.983276612, 0.987822022, 0.972474168, 0.972595431, 0.962696084, 0.979986747, 0.980168168, 0.926320879, 0.98758233, 0.985582478, 0.959667573, 0.967108105;0.993660313, 0.99257533, 0.946561023, 0.979227793, 0.983151483, 0.984736837, 0.986157742, 0.971976888, 0.951046192, 0.934312812, 0.97884538, 0.975681305, 0.892867701, 0.975969174, 0.98584033, 0.928918858, 0.969356546;0.990779398, 0.995352756, 0.968935899, 0.978965384, 0.97928075, 0.991720878, 0.986093524, 0.98675735, 0.967709484, 0.945831527, 0.987853444, 0.976430773, 0.924313253, 0.979624871, 0.98851262, 0.940959512, 0.940097573;0.983873057, 0.987560445, 0.938655895, 0.969486375, 0.965859071, 0.97547366, 0.956678091, 0.965441729, 0.903341296, 0.924927655, 0.97465816, 0.961905469, 0.913681782, 0.962373991, 0.976229227, 0.91418509, 0.930461164;0.984067345, 0.99066729, 0.961373964, 0.972582657, 0.971117992, 0.984109874, 0.977443988, 0.976801651, 0.964386217, 0.942721976, 0.974621333, 0.975152344, 0.864950275, 0.973849617, 0.974956839, 0.93757751, 0.930461896];
kernel_data_test = [0.596704, 0.6658228, 0.1996306, 0.2687066, 0.4399631, 0.446128, 0.7744117, 0.3673937, 0.1625052, 0.251466, 0.2147335, 0.73166, 0.4703396, 0.7086307, 0.4162197, 0.8897356, 0.9835203;0.6698425, 0.8638126, 0.5079333, 0.9346208, 0.8315865, 0.9917786, 0.6230937, 0.7792067, 0.5428681, 0.2591201, 0.3547552, 0.8940054, 0.0559479, 0.5914799, 0.372484, 0.3866925, 0.8845712;0.8538224, 0.5988424, 0.2729188, 0.4754563, 0.4082934, 0.353618, 0.1027856, 0.5431139, 0.3018313, 0.6608079, 0.3192039, 0.4311635, 0.0523604, 0.9925381, 0.5076104, 0.0242376, 0.5412307;0.870354, 0.7725521, 0.7009067, 0.1394647, 0.6577371, 0.7662984, 0.5724191, 0.892749, 0.2769898, 0.2421447, 0.8695697, 0.6253982, 0.0014472, 0.3531314, 0.857856, 0.0273195, 0.0032479;0.2812593, 0.914, 0.9014776, 0.5187619, 0.5532369, 0.332008, 0.2437367, 0.8152219, 0.1062949, 0.4873544, 0.6343973, 0.1036803, 0.5196071, 0.5775213, 0.7424961, 0.234836, 0.2933275;0.5695211, 0.9831264, 0.2174932, 0.9859038, 0.7143425, 0.8260821, 0.0896413, 0.3004202, 0.0577363, 0.371547, 0.9812897, 0.1052731, 0.5623728, 0.0060706, 0.7126828, 0.1971927, 0.1295845;0.3370178, 0.7710443, 0.1066131, 0.229839, 0.0084644, 0.9684149, 0.5921456, 0.7198996, 0.6513832, 0.1443646, 0.5949399, 0.1314156, 0.4012365, 0.5689631, 0.5588811, 0.1190734, 0.034436;0.7982343, 0.7259224, 0.0818189, 0.1274155, 0.8925838, 0.7691289, 0.9961603, 0.2539874, 0.487803, 0.2364596, 0.6228001, 0.1154142, 0.1272432, 0.0718879, 0.6935861, 0.4940726, 0.6177312;0.879301, 0.7403285, 0.4617229, 0.984356, 0.4562561, 0.1124507, 0.9926547, 0.0228207, 0.5498836, 0.3090955, 0.5035522, 0.558713, 0.2400959, 0.5568588, 0.7560611, 0.2665098, 0.3834261;0.2682427, 0.8205597, 0.7249823, 0.8711964, 0.1700499, 0.0735796, 0.1193835, 0.1610183, 0.5330827, 0.9709121, 0.3572354, 0.9585083, 0.0382008, 0.9268722, 0.1811526, 0.912475, 0.0562274;0.9482194, 0.2007983, 0.3027141, 0.4909423, 0.3807209, 0.667528, 0.9748078, 0.6064265, 0.7214854, 0.0880053, 0.6278124, 0.4538498, 0.8857824, 0.3882111, 0.6794541, 0.2281537, 0.2593725];
