kernel_arg0_size = 10;
init_random = 42;
kernel_arg1_gamma = 0.5;
kernel_arg2_coef0 = 0.7;
kernel_feature_type = 'Real';
kernel_accuracy = 1e-09;
kernel_data_train = [0.0965872, 0.8034078, 0.8661261, 0.5837614, 0.3660005, 0.6526296, 0.3056641, 0.2383857, 0.4881452, 0.2161538, 0.4837036;0.9566065, 0.839784, 0.9416309, 0.806329, 0.3547509, 0.8120452, 0.9229157, 0.9470358, 0.6831979, 0.2113666, 0.0397292;0.1472002, 0.9655469, 0.4620968, 0.854986, 0.4650442, 0.6608176, 0.0241408, 0.2498649, 0.4362693, 0.630631, 0.1715212;0.7645515, 0.3644047, 0.8174353, 0.0979691, 0.6797566, 0.2933283, 0.7953832, 0.4021704, 0.6653496, 0.9343053, 0.0206266;0.0111168, 0.7702793, 0.6463931, 0.2929797, 0.4943967, 0.0419357, 0.1924456, 0.4244964, 0.8340444, 0.4796672, 0.5863625;0.8737538, 0.3088189, 0.7006993, 0.8616673, 0.2026157, 0.3564782, 0.9798102, 0.9832186, 0.2232299, 0.0664458, 0.2709216;0.397732, 0.4410056, 0.6188063, 0.8995028, 0.330348, 0.8499845, 0.0934789, 0.0418747, 0.5040452, 0.0596622, 0.3924898;0.8967781, 0.241483, 0.7059758, 0.3023654, 0.0449201, 0.5566906, 0.8348535, 0.4094684, 0.6172938, 0.9000236, 0.7896945;0.1938764, 0.733384, 0.501893, 0.7459668, 0.4945156, 0.1279582, 0.5699094, 0.492134, 0.5179217, 0.8789025, 0.894837;0.4535371, 0.455732, 0.515187, 0.5195893, 0.9503871, 0.6494005, 0.277457, 0.5315368, 0.6272236, 0.6397717, 0.5852542;0.1777362, 0.0335932, 0.3378431, 0.4275222, 0.0618042, 0.8149673, 0.3440774, 0.9136327, 0.1544101, 0.056935, 0.4823161];
kernel_matrix_train = [0.985671717, 0.952995578, 0.986169334, 0.972416646, 0.925702781, 0.969709263, 0.98470424, 0.976212177, 0.96555986, 0.95602914, 0.918438841;0.952995578, 0.99189164, 0.99103034, 0.988662286, 0.966958715, 0.976218958, 0.963436058, 0.969157055, 0.983400891, 0.972482616, 0.957644574;0.986169334, 0.99103034, 0.996478158, 0.991776546, 0.97263827, 0.988411025, 0.989011227, 0.987266303, 0.989967841, 0.981249656, 0.971461867;0.972416646, 0.988662286, 0.991776546, 0.994367873, 0.959660561, 0.98742785, 0.975130263, 0.982375487, 0.978648379, 0.95886688, 0.965343643;0.925702781, 0.966958715, 0.97263827, 0.959660561, 0.959785774, 0.944868241, 0.930217833, 0.939002675, 0.963664536, 0.957892343, 0.923408926;0.969709263, 0.976218958, 0.988411025, 0.98742785, 0.944868241, 0.989781127, 0.96518437, 0.975557144, 0.971674662, 0.945409991, 0.949303308;0.98470424, 0.963436058, 0.989011227, 0.975130263, 0.930217833, 0.96518437, 0.989042359, 0.983770806, 0.969967907, 0.965136337, 0.942371101;0.976212177, 0.969157055, 0.987266303, 0.982375487, 0.939002675, 0.975557144, 0.983770806, 0.989597732, 0.967927179, 0.949315686, 0.949397932;0.96555986, 0.983400891, 0.989967841, 0.978648379, 0.963664536, 0.971674662, 0.969967907, 0.967927179, 0.983741687, 0.976040987, 0.959993925;0.95602914, 0.972482616, 0.981249656, 0.95886688, 0.957892343, 0.945409991, 0.965136337, 0.949315686, 0.976040987, 0.986549483, 0.958821221;0.918438841, 0.957644574, 0.971461867, 0.965343643, 0.923408926, 0.949303308, 0.942371101, 0.949397932, 0.959993925, 0.958821221, 0.97148641];
kernel_name = 'Sigmoid';
kernel_feature_class = 'simple';
kernel_matrix_test = [0.94869475, 0.980268757, 0.965677465, 0.950256554, 0.968453483, 0.944402706, 0.931963435, 0.884635831, 0.950196928, 0.970903378, 0.951546211, 0.918805751, 0.974315282, 0.945746565, 0.936632821, 0.936325454, 0.979095777;0.96664024, 0.991987085, 0.983899092, 0.961592384, 0.977570059, 0.969399793, 0.977339448, 0.955485262, 0.972472651, 0.966570938, 0.964024649, 0.96467955, 0.991561032, 0.956486542, 0.964790104, 0.9612738, 0.984001345;0.977492644, 0.996149684, 0.987157239, 0.983108449, 0.990408527, 0.983244674, 0.980594608, 0.964541133, 0.984730801, 0.987986468, 0.980510705, 0.978470913, 0.994775532, 0.971637208, 0.977639065, 0.973273506, 0.992074509;0.977283432, 0.991450292, 0.985902708, 0.949308008, 0.980345743, 0.983474243, 0.980885462, 0.953125535, 0.977026423, 0.974459686, 0.967961911, 0.952514342, 0.993913719, 0.940759226, 0.978100968, 0.97915889, 0.990980507;0.951120026, 0.974895829, 0.959917876, 0.935178152, 0.94718171, 0.93997224, 0.947344153, 0.94027863, 0.936970932, 0.939089681, 0.933154404, 0.934031934, 0.972247271, 0.929942812, 0.947581378, 0.924205234, 0.970840235;0.974082395, 0.990214208, 0.978507548, 0.960534569, 0.981035249, 0.974777221, 0.962364867, 0.951720893, 0.977764252, 0.972031901, 0.961514689, 0.947739043, 0.988555895, 0.924173435, 0.964042719, 0.95585599, 0.985222395;0.956440587, 0.985846733, 0.975225418, 0.955507591, 0.980801536, 0.952916292, 0.960819096, 0.894015901, 0.952863769, 0.973834961, 0.952453517, 0.936082466, 0.984609467, 0.955606869, 0.942803279, 0.946564602, 0.980535997;0.97607961, 0.986899025, 0.985861993, 0.943779855, 0.981584276, 0.972764287, 0.981264127, 0.938534465, 0.967074419, 0.967765515, 0.950344101, 0.940296172, 0.992787696, 0.939511003, 0.965142216, 0.957772231, 0.983143318;0.956267395, 0.990798612, 0.979745007, 0.974598056, 0.974002208, 0.966973386, 0.97165191, 0.958519061, 0.971439833, 0.977744678, 0.960734696, 0.959250021, 0.985036543, 0.966548369, 0.965282356, 0.951496675, 0.97880667;0.957623685, 0.985717325, 0.980647083, 0.973969523, 0.972062531, 0.93888066, 0.969426569, 0.936628277, 0.959173651, 0.964157077, 0.93455094, 0.939605703, 0.966103025, 0.973493215, 0.944896, 0.935258633, 0.970436911;0.924630246, 0.979814346, 0.970356511, 0.949948454, 0.959775307, 0.960437574, 0.972547649, 0.940593434, 0.953868966, 0.954600938, 0.89946324, 0.907773393, 0.972903013, 0.947303234, 0.956501854, 0.951218422, 0.957236114];
kernel_data_test = [0.1891293, 0.9373993, 0.0103034, 0.4126197, 0.9267478, 0.3844182, 0.0931093, 0.3028949, 0.4980104, 0.1851517, 0.4665617, 0.8363432, 0.872618, 0.0492607, 0.1609034, 0.2752901, 0.5948659;0.3609948, 0.8440409, 0.7166719, 0.100456, 0.6245575, 0.1130126, 0.2550357, 0.1778706, 0.1730619, 0.6163955, 0.5636049, 0.1760282, 0.9901728, 0.4218367, 0.0970693, 0.120569, 0.5838937;0.9790694, 0.5719511, 0.9490415, 0.4441329, 0.4358411, 0.5000074, 0.6974255, 0.367616, 0.863886, 0.0292814, 0.4397642, 0.5109918, 0.6070322, 0.2760719, 0.42748, 0.4845378, 0.68691;0.7735442, 0.7378273, 0.3415831, 0.9994505, 0.8486653, 0.2600234, 0.1951058, 0.3140213, 0.4523449, 0.8507994, 0.7783623, 0.8512461, 0.2719571, 0.5934612, 0.2832491, 0.1090232, 0.6841977;0.1429976, 0.6676978, 0.6479643, 0.8102484, 0.1395546, 0.7834801, 0.9992765, 0.8510424, 0.7518121, 0.6621654, 0.4217815, 0.7305002, 0.724178, 0.6314983, 0.7962784, 0.4487639, 0.1212527;0.5590677, 0.2650435, 0.3844331, 0.0174149, 0.3827906, 0.8088011, 0.5427224, 0.0098005, 0.4698438, 0.2914516, 0.4775507, 0.4046927, 0.9319792, 0.0411773, 0.683588, 0.8510266, 0.9592386;0.1776362, 0.5313048, 0.0435896, 0.4991835, 0.1254581, 0.8378967, 0.11387, 0.5132884, 0.5210961, 0.9716505, 0.6549807, 0.2878403, 0.2407993, 0.1282482, 0.7565147, 0.6907567, 0.6098771;0.0408404, 0.7628289, 0.6418876, 0.9638889, 0.5872021, 0.3039519, 0.3815206, 0.1758407, 0.7229142, 0.7077217, 0.20065, 0.1584893, 0.0770049, 0.9119757, 0.2330698, 0.3441635, 0.2805045;0.4136246, 0.7140488, 0.8705956, 0.1825987, 0.6864123, 0.3525621, 0.9805272, 0.2989192, 0.007193, 0.51564, 0.1507311, 0.0444944, 0.6982692, 0.7322593, 0.460699, 0.6768855, 0.5382394;0.6298011, 0.596704, 0.6658228, 0.1996306, 0.2687066, 0.4399631, 0.446128, 0.7744117, 0.3673937, 0.1625052, 0.251466, 0.2147335, 0.73166, 0.4703396, 0.7086307, 0.4162197, 0.8897356;0.9835203, 0.6698425, 0.8638126, 0.5079333, 0.9346208, 0.8315865, 0.9917786, 0.6230937, 0.7792067, 0.5428681, 0.2591201, 0.3547552, 0.8940054, 0.0559479, 0.5914799, 0.372484, 0.3866925];
