kernel_arg0_size = 10;
init_random = 42;
kernel_arg1_gamma = 0.5;
kernel_arg2_coef0 = 0.7;
kernel_feature_type = 'Real';
kernel_accuracy = 1e-09;
kernel_data_train = [0.0965872303, 0.803407827, 0.866126059, 0.583761421, 0.366000548, 0.652629636, 0.305664073, 0.238385692, 0.48814521, 0.216153828, 0.483703608;0.956606505, 0.839784036, 0.94163092, 0.806328975, 0.354750936, 0.812045239, 0.922915744, 0.947035788, 0.683197851, 0.211366644, 0.0397291534;0.147200228, 0.965546918, 0.462096824, 0.854986015, 0.465044154, 0.660817583, 0.0241407771, 0.249864943, 0.43626928, 0.630631047, 0.171521188;0.764551464, 0.364404706, 0.817435269, 0.0979690904, 0.679756588, 0.293328333, 0.795383174, 0.402170427, 0.665349632, 0.934305269, 0.020626632;0.0111167823, 0.770279252, 0.646393052, 0.292979721, 0.494396703, 0.0419356656, 0.192445605, 0.424496375, 0.834044416, 0.479667183, 0.586362505;0.873753792, 0.308818914, 0.700699321, 0.861667259, 0.202615701, 0.356478165, 0.979810174, 0.983218565, 0.22322993, 0.0664458389, 0.270921611;0.397731957, 0.441005601, 0.618806307, 0.89950276, 0.330348012, 0.849984535, 0.0934789209, 0.041874699, 0.504045183, 0.0596622233, 0.392489801;0.896778117, 0.241483036, 0.705975775, 0.302365392, 0.0449200552, 0.556690581, 0.834853491, 0.409468448, 0.617293826, 0.900023598, 0.789694513;0.193876399, 0.733383959, 0.501893025, 0.745966808, 0.494515551, 0.127958164, 0.569909447, 0.492133992, 0.517921734, 0.878902454, 0.894837047;0.453537107, 0.455732041, 0.515186959, 0.519589278, 0.950387144, 0.649400467, 0.277456995, 0.531536797, 0.627223583, 0.639771721, 0.585254226;0.177736155, 0.0335931891, 0.337843052, 0.427522155, 0.0618042396, 0.814967338, 0.344077438, 0.913632746, 0.154410108, 0.0569349569, 0.482316104];
kernel_matrix_train = [0.985671716, 0.952995583, 0.986169334, 0.972416643, 0.92570278, 0.969709263, 0.98470424, 0.976212176, 0.96555986, 0.956029142, 0.918438842;0.952995583, 0.991891641, 0.99103034, 0.988662286, 0.966958716, 0.97621896, 0.963436061, 0.969157056, 0.983400892, 0.972482619, 0.957644575;0.986169334, 0.99103034, 0.996478158, 0.991776545, 0.972638269, 0.988411025, 0.989011226, 0.987266303, 0.989967841, 0.981249656, 0.971461866;0.972416643, 0.988662286, 0.991776545, 0.994367872, 0.959660561, 0.987427849, 0.975130261, 0.982375485, 0.978648378, 0.958866883, 0.965343642;0.92570278, 0.966958716, 0.972638269, 0.959660561, 0.959785775, 0.944868244, 0.930217833, 0.939002678, 0.963664536, 0.957892341, 0.923408929;0.969709263, 0.97621896, 0.988411025, 0.987427849, 0.944868244, 0.989781128, 0.965184371, 0.975557146, 0.971674661, 0.945409992, 0.949303306;0.98470424, 0.963436061, 0.989011226, 0.975130261, 0.930217833, 0.965184371, 0.989042359, 0.983770807, 0.969967909, 0.965136338, 0.942371106;0.976212176, 0.969157056, 0.987266303, 0.982375485, 0.939002678, 0.975557146, 0.983770807, 0.989597732, 0.967927181, 0.949315691, 0.949397935;0.96555986, 0.983400892, 0.989967841, 0.978648378, 0.963664536, 0.971674661, 0.969967909, 0.967927181, 0.983741688, 0.976040989, 0.959993929;0.956029142, 0.972482619, 0.981249656, 0.958866883, 0.957892341, 0.945409992, 0.965136338, 0.949315691, 0.976040989, 0.986549482, 0.958821223;0.918438842, 0.957644575, 0.971461866, 0.965343642, 0.923408929, 0.949303306, 0.942371106, 0.949397935, 0.959993929, 0.958821223, 0.971486415];
kernel_name = 'Sigmoid';
kernel_feature_class = 'simple';
kernel_matrix_test = [0.948694749, 0.980268757, 0.96567746, 0.950256553, 0.968453484, 0.944402704, 0.931963424, 0.884635826, 0.950196925, 0.970903376, 0.951546207, 0.91880575, 0.974315283, 0.94574657, 0.93663282, 0.936325451, 0.979095777;0.966640242, 0.991987085, 0.983899091, 0.961592386, 0.977570061, 0.969399795, 0.977339445, 0.955485262, 0.972472652, 0.966570936, 0.964024649, 0.964679551, 0.991561033, 0.956486546, 0.964790103, 0.961273799, 0.984001346;0.977492643, 0.996149684, 0.987157237, 0.983108448, 0.990408526, 0.983244674, 0.980594604, 0.96454113, 0.984730799, 0.987986466, 0.980510702, 0.978470911, 0.994775532, 0.97163721, 0.977639063, 0.973273505, 0.992074509;0.977283431, 0.991450292, 0.985902706, 0.949308008, 0.980345742, 0.983474242, 0.980885458, 0.953125533, 0.977026421, 0.974459683, 0.967961907, 0.952514342, 0.993913719, 0.94075923, 0.978100966, 0.979158888, 0.990980507;0.951120026, 0.974895829, 0.959917872, 0.935178156, 0.947181714, 0.939972245, 0.94734415, 0.940278632, 0.936970928, 0.939089677, 0.933154401, 0.934031937, 0.972247276, 0.929942811, 0.947581377, 0.924205229, 0.970840237;0.974082397, 0.990214208, 0.978507544, 0.96053457, 0.981035251, 0.97477722, 0.962364861, 0.951720894, 0.977764253, 0.972031902, 0.961514689, 0.947739044, 0.988555896, 0.924173441, 0.964042717, 0.955855988, 0.985222395;0.956440588, 0.985846734, 0.975225417, 0.955507593, 0.980801538, 0.952916295, 0.960819093, 0.894015908, 0.952863767, 0.973834963, 0.952453514, 0.936082465, 0.984609469, 0.955606875, 0.942803282, 0.946564604, 0.980535999;0.976079612, 0.986899026, 0.985861992, 0.943779862, 0.981584279, 0.972764289, 0.981264125, 0.938534471, 0.967074423, 0.967765517, 0.9503441, 0.940296172, 0.992787697, 0.939511011, 0.965142217, 0.957772232, 0.98314332;0.956267395, 0.990798612, 0.979745005, 0.974598059, 0.97400221, 0.96697339, 0.971651909, 0.958519062, 0.971439832, 0.977744677, 0.960734695, 0.959250023, 0.985036545, 0.966548373, 0.965282357, 0.951496675, 0.978806672;0.957623686, 0.985717324, 0.980647082, 0.973969524, 0.972062534, 0.938880665, 0.969426565, 0.936628274, 0.959173648, 0.964157072, 0.93455094, 0.939605709, 0.966103031, 0.973493216, 0.944896, 0.935258633, 0.970436915;0.924630253, 0.979814346, 0.970356511, 0.949948459, 0.959775313, 0.960437579, 0.972547649, 0.940593438, 0.953868965, 0.954600937, 0.899463239, 0.907773398, 0.972903017, 0.94730324, 0.956501856, 0.951218426, 0.957236119];
