accuracy = 1e-09
kernel_arg2_coef0 = 1.3
kernel_arg0_size = 10
init_random = 42
name = 'Sigmoid'
data_type = 'double'
km_train = [0.999925041, 0.999713689, 0.998175989, 0.999691663, 0.999944131, 0.999767748, 0.998938733, 0.992922598, 0.999720396, 0.999602602, 0.999715935;0.999713689, 0.999992929, 0.999691981, 0.999964263, 0.999985625, 0.999961586, 0.999299766, 0.999513416, 0.999911995, 0.999920013, 0.999276655;0.998175989, 0.999691981, 0.999540008, 0.999557492, 0.999893282, 0.999668538, 0.99780905, 0.997343058, 0.998807758, 0.999324231, 0.999086333;0.999691663, 0.999964263, 0.999557492, 0.999991603, 0.999969647, 0.999888053, 0.999663327, 0.998248994, 0.999960496, 0.999715273, 0.999872436;0.999944131, 0.999985625, 0.999893282, 0.999969647, 0.999997669, 0.999975977, 0.999855701, 0.999569355, 0.999948726, 0.999949423, 0.999934595;0.999767748, 0.999961586, 0.999668538, 0.999888053, 0.999975977, 0.99999484, 0.999567308, 0.999276294, 0.999962089, 0.99976606, 0.999708567;0.998938733, 0.999299766, 0.99780905, 0.999663327, 0.999855701, 0.999567308, 0.999774012, 0.997065347, 0.999699366, 0.997182155, 0.998948569;0.992922598, 0.999513416, 0.997343058, 0.998248994, 0.999569355, 0.999276294, 0.997065347, 0.999264156, 0.99873737, 0.996659216, 0.992846312;0.999720396, 0.999911995, 0.998807758, 0.999960496, 0.999948726, 0.999962089, 0.999699366, 0.99873737, 0.999986295, 0.999209785, 0.999818058;0.999602602, 0.999920013, 0.999324231, 0.999715273, 0.999949423, 0.99976606, 0.997182155, 0.996659216, 0.999209785, 0.999912044, 0.998925537;0.999715935, 0.999276655, 0.999086333, 0.999872436, 0.999934595, 0.999708567, 0.998948569, 0.992846312, 0.999818058, 0.998925537, 0.999963566]
data_train = [0.134152203, 0.705888648, 0.375634854, 0.894838728, 0.385823245, 0.998242396, 0.734964515, 0.417410766, 0.807690228, 0.138522514, 0.380207217;0.435371352, 0.903827749, 0.446280381, 0.667043415, 0.803448905, 0.404959592, 0.180964269, 0.0623733445, 0.377230395, 0.65980232, 0.61857561;0.00773787906, 0.180323912, 0.443844033, 0.191024086, 0.691935633, 0.377001761, 0.715410102, 0.850963122, 0.367788672, 0.0114711801, 0.538092607;0.232386344, 0.761129334, 0.0628584854, 0.935154714, 0.339707064, 0.149840376, 0.15740159, 0.622606004, 0.924123648, 0.231453009, 0.318184006;0.425852961, 0.904166639, 0.777588127, 0.176963911, 0.86652667, 0.72823384, 0.225917242, 0.802583739, 0.204683767, 0.564088024, 0.069387499;0.0725074203, 0.549488317, 0.797111666, 0.759714478, 0.486594145, 0.765948125, 0.262577351, 0.292392823, 0.585187784, 0.538506825, 0.357957059;0.565556813, 0.431320507, 0.209399618, 0.290371124, 0.689046402, 0.756707365, 0.714604067, 0.285526774, 0.933478712, 0.533342203, 0.321080199;0.720088443, 0.0216148492, 0.141429266, 0.159844476, 0.320130911, 0.859259361, 0.00958278469, 0.0140851481, 0.716543542, 0.0301988834, 0.951840472;0.460369911, 0.451453636, 0.641827466, 0.562123908, 0.721675324, 0.328147503, 0.0475169654, 0.202179062, 0.142557167, 0.943696895, 0.8411701;0.983163139, 0.997151972, 0.334116847, 0.551194564, 0.868841853, 0.884158857, 0.534446175, 0.519791256, 0.522378038, 0.990151158, 0.152861928;0.992780336, 0.304709243, 0.507281265, 0.975188831, 0.894006084, 0.157160556, 0.959679151, 0.00894138646, 0.613864166, 0.324560173, 0.993856661]
feature_class = 'simple'
data_test = [0.183252666, 0.52130845, 0.507710725, 0.877859227, 0.471609937, 0.281499253, 0.523034472, 0.930405968, 0.860139491, 0.245283109, 0.62469585, 0.346356211, 0.429924059, 0.117344684, 0.884304411, 0.176656942, 0.175516143;0.804059291, 0.853503205, 0.00765695768, 0.901092247, 0.754822788, 0.305305537, 0.690929635, 0.763489624, 0.165953378, 0.890837747, 0.714365723, 0.323528902, 0.552682008, 0.180291388, 0.940932465, 0.772517936, 0.537534988;0.409316103, 0.0566110479, 0.166492783, 0.793567566, 0.858405787, 0.881060494, 0.882022126, 0.596414505, 0.478495317, 0.668694758, 0.714522515, 0.5166701, 0.230928777, 0.716654208, 0.910141085, 0.964744144, 0.217478603;0.334441328, 0.158097166, 0.268964095, 0.876520679, 0.025217563, 0.78943842, 0.500746469, 0.782036889, 0.0312661835, 0.398114718, 0.0567014712, 0.831824534, 0.660260859, 0.266289814, 0.597637413, 0.457722796, 0.790560054;0.114553809, 0.285116502, 0.579961847, 0.659814839, 0.20744358, 0.565218807, 0.0927712101, 0.301324286, 0.407102142, 0.0496628879, 0.0974388909, 0.505740102, 0.00489560801, 0.311489191, 0.537883925, 0.556439798, 0.570553304;0.00119388367, 0.0958755512, 0.0997172807, 0.449401866, 0.538077051, 0.813051458, 0.318396074, 0.28517078, 0.425888412, 0.128626759, 0.343321861, 0.468466342, 0.401093894, 0.291020375, 0.607700349, 0.16636859, 0.665800506;0.0636511405, 0.26343061, 0.346190305, 0.369313861, 0.613504406, 0.230868985, 0.307841691, 0.498001238, 0.535837404, 0.98850378, 0.233727827, 0.218168074, 0.473988396, 0.68703003, 0.214479595, 0.720704937, 0.133021283;0.834715075, 0.416812218, 0.655335658, 0.192648695, 0.607691816, 0.280715636, 0.646464241, 0.531162782, 0.943241991, 0.094294987, 0.9946411, 0.614486585, 0.622361868, 0.140395637, 0.180350585, 0.448631666, 0.551849673;0.559012629, 0.313483562, 0.414904828, 0.185003523, 0.540314712, 0.112637586, 0.738119125, 0.975970714, 0.885609891, 0.665701584, 0.523340268, 0.692292082, 0.524568106, 0.704451939, 0.989775034, 0.947972115, 0.956037698;0.639866066, 0.517324164, 0.514844243, 0.837651582, 0.838847192, 0.665439593, 0.721439843, 0.704603221, 0.748410851, 0.944634092, 0.149254374, 0.0245672394, 0.786654515, 0.729197844, 0.54478389, 0.125635379, 0.398961403;0.98638566, 0.714328828, 0.381304255, 0.165013965, 0.665336699, 0.338727516, 0.795908221, 0.827960393, 0.487317334, 0.851632438, 0.582200331, 0.795638944, 0.673465843, 0.928088728, 0.99319399, 0.503074869, 0.2782085]
kernel_arg1_gamma_ = 1.1
km_test = [0.999801108, 0.999273653, 0.998639429, 0.999327919, 0.999819114, 0.998315384, 0.999813177, 0.999919921, 0.999803394, 0.999885086, 0.999045309, 0.999122988, 0.999739447, 0.999663166, 0.999862747, 0.999410114, 0.999089212;0.999425765, 0.999488881, 0.998717026, 0.999986212, 0.999879034, 0.999843264, 0.999879397, 0.999982051, 0.999804686, 0.999924562, 0.99887709, 0.999577575, 0.999805081, 0.999560335, 0.999988504, 0.999782678, 0.999843415;0.997850104, 0.996915501, 0.995729718, 0.999510135, 0.999578556, 0.999107782, 0.999429528, 0.999762719, 0.9994897, 0.999152019, 0.998519071, 0.999081392, 0.998194224, 0.998979861, 0.999930908, 0.999460307, 0.999276927;0.999744427, 0.999532708, 0.998238037, 0.999954802, 0.999883101, 0.999775511, 0.99994666, 0.999991325, 0.999833707, 0.999924543, 0.999586236, 0.999866348, 0.999904958, 0.999694666, 0.999994337, 0.999739367, 0.999822419;0.999909612, 0.99974974, 0.999387274, 0.999978804, 0.999984369, 0.999901874, 0.999980497, 0.999994283, 0.999962296, 0.999988112, 0.999833302, 0.999890658, 0.999913065, 0.99995453, 0.999997366, 0.999975455, 0.999893388;0.999347291, 0.999279764, 0.99949997, 0.999962757, 0.999954432, 0.999790665, 0.999898839, 0.999973561, 0.999976523, 0.999826235, 0.999775142, 0.999502466, 0.999805232, 0.999525865, 0.999967701, 0.999740467, 0.999688912;0.998258135, 0.997530806, 0.995685872, 0.999574653, 0.999716586, 0.998855768, 0.999637641, 0.999835396, 0.999412712, 0.999792814, 0.998405082, 0.998265088, 0.99889595, 0.999540435, 0.999893898, 0.999089524, 0.993712625;0.990750003, 0.986706146, 0.994280308, 0.999740956, 0.998363502, 0.999407264, 0.998599315, 0.999360598, 0.998120954, 0.998049893, 0.993144829, 0.99770995, 0.995687262, 0.997724296, 0.999641804, 0.998817473, 0.997656871;0.999525673, 0.999103132, 0.998959172, 0.99994565, 0.999894124, 0.999786919, 0.999915593, 0.999980848, 0.999892573, 0.99990328, 0.999650527, 0.99978982, 0.999889433, 0.999608665, 0.999964205, 0.999762735, 0.999606142;0.998933589, 0.99846516, 0.996843211, 0.999688108, 0.999741378, 0.998817455, 0.999634909, 0.999898522, 0.999649481, 0.999866635, 0.99719914, 0.998431702, 0.999471108, 0.999508815, 0.999922976, 0.999548882, 0.999625904;0.999887301, 0.999235567, 0.998139345, 0.999460279, 0.99990489, 0.998890994, 0.999947996, 0.999974212, 0.999893553, 0.999850911, 0.999889661, 0.999841045, 0.999778872, 0.999636405, 0.999977435, 0.999891575, 0.999653929]
data_class = 'rand'
feature_type = 'Real'
