name = 'Sigmoid'
feature_type = 'Real'
data_type = 'double'
km_train = [0.999941338, 0.999511506, 0.999896557, 0.99960008, 0.999572726, 0.999725241, 0.999868989, 0.999379066, 0.99974495, 0.996321974, 0.999528203;0.999511506, 0.999985093, 0.999983277, 0.999797037, 0.999662351, 0.999859698, 0.999686108, 0.998979446, 0.999908071, 0.998669201, 0.999802244;0.999896557, 0.999983277, 0.999999388, 0.999957521, 0.999838731, 0.99996132, 0.999948392, 0.99984245, 0.999983181, 0.99981315, 0.999959869;0.99960008, 0.999797037, 0.999957521, 0.999968186, 0.999550658, 0.999614471, 0.999893788, 0.9950661, 0.999918486, 0.998591977, 0.999833665;0.999572726, 0.999662351, 0.999838731, 0.999550658, 0.99995071, 0.999679313, 0.99977154, 0.997842139, 0.999745988, 0.987400526, 0.996934429;0.999725241, 0.999859698, 0.99996132, 0.999614471, 0.999679313, 0.999973323, 0.999697959, 0.999159298, 0.99984793, 0.997676757, 0.999737468;0.999868989, 0.999686108, 0.999948392, 0.999893788, 0.99977154, 0.999697959, 0.999954241, 0.999024567, 0.999946662, 0.997212881, 0.999584736;0.999379066, 0.998979446, 0.99984245, 0.9950661, 0.997842139, 0.999159298, 0.999024567, 0.999525718, 0.999136695, 0.996459102, 0.998506128;0.99974495, 0.999908071, 0.999983181, 0.999918486, 0.999745988, 0.99984793, 0.999946662, 0.999136695, 0.99998585, 0.998992548, 0.999722364;0.996321974, 0.998669201, 0.99981315, 0.998591977, 0.987400526, 0.997676757, 0.997212881, 0.996459102, 0.998992548, 0.9992383, 0.999511346;0.999528203, 0.999802244, 0.999959869, 0.999833665, 0.996934429, 0.999737468, 0.999584736, 0.998506128, 0.999722364, 0.999511346, 0.999949601]
data_train = [0.633085126, 0.899023983, 0.623743726, 0.134024894, 0.115760046, 0.844185896, 0.139302339, 0.520231961, 0.03711332, 0.0806697674, 0.672348268;0.68918141, 0.341469407, 0.215609765, 0.813710271, 0.217103229, 0.54202707, 0.968208841, 0.147852438, 0.940876267, 0.182893053, 0.567443208;0.377007712, 0.964928602, 0.273542029, 0.399658002, 0.982860118, 0.536470391, 0.502630116, 0.257778488, 0.70136356, 0.0143729518, 0.0495126297;0.599358587, 0.341674574, 0.953316372, 0.903190691, 0.713706259, 0.818145581, 0.66733185, 0.125582103, 0.76554337, 0.210191969, 0.323442855;0.819234212, 0.536525608, 0.859940714, 0.21303532, 0.607778439, 0.0837909725, 0.643060994, 0.762534038, 0.584930894, 0.266231501, 0.0313426689;0.119448884, 0.622302979, 0.934420217, 0.206534404, 0.735026149, 0.866451063, 0.520882178, 0.669265796, 0.815015317, 0.260675158, 0.296895674;0.000627516628, 0.963094131, 0.917544895, 0.764568264, 0.079076021, 0.44750289, 0.101891754, 0.0159202673, 0.616182965, 0.960829417, 0.902868023;0.696754815, 0.0966405842, 0.274164038, 0.320056727, 0.763150058, 0.802249179, 0.385106123, 0.417883997, 0.0445090393, 0.289136718, 0.451285177;0.116983046, 0.453267461, 0.853175812, 0.58132102, 0.078929855, 0.191671319, 0.47454435, 0.36148715, 0.35872702, 0.529267448, 0.584395922;0.79686157, 0.340966563, 0.805466283, 0.338611229, 0.0554329889, 0.554187651, 0.587902325, 0.934540246, 0.726061326, 0.917772652, 0.90834721;0.60457411, 0.527762065, 0.557440967, 0.978330808, 0.773167692, 0.106265905, 0.778428407, 0.170538049, 0.447350549, 0.210459672, 0.689583066]
feature_class = 'simple'
data_test = [0.877309736, 0.290361885, 0.0820107412, 0.298493098, 0.672361858, 0.328760128, 0.278112168, 0.184435191, 0.497516427, 0.275948828, 0.731010349, 0.076622402, 0.664033033, 0.237560015, 0.489279261, 0.286089922, 0.722768676;0.94530704, 0.917076779, 0.583426215, 0.462610303, 0.818300509, 0.683326363, 0.183564114, 0.820919214, 0.428884389, 0.18898566, 0.28179735, 0.26752703, 0.519206975, 0.234370091, 0.123566487, 0.123690851, 0.583276197;0.734759289, 0.321533009, 0.0346507098, 0.127224887, 0.91469456, 0.49354366, 0.45357281, 0.0380491783, 0.728637022, 0.528068081, 0.202080936, 0.11007376, 0.383387864, 0.837161964, 0.865294559, 0.60284638, 0.727536427;0.115155787, 0.588126065, 0.666965703, 0.200712843, 0.880154733, 0.194996738, 0.31347736, 0.620556847, 0.638350065, 0.699384741, 0.112011713, 0.84946443, 0.532847132, 0.471321794, 0.981097625, 0.740378297, 0.118006027;0.756539167, 0.095248934, 0.0274705625, 0.403625895, 0.993578173, 0.174883936, 0.672644344, 0.173396066, 0.724786975, 0.505353668, 0.67997171, 0.202873176, 0.745628333, 0.99561906, 0.665650501, 0.493479998, 0.923173989;0.0158518422, 0.729923519, 0.888746517, 0.0616745836, 0.45006417, 0.204719454, 0.566518166, 0.649542959, 0.302623183, 0.45998167, 0.279339485, 0.369391164, 0.159539957, 0.885559444, 0.0100104106, 0.882409186, 0.571678878;0.331657844, 0.723057125, 0.507752152, 0.499108658, 0.110142283, 0.389516026, 0.241064346, 0.0156959056, 0.360099631, 0.0898221294, 0.256830038, 0.0925166212, 0.100941626, 0.199011294, 0.999849244, 0.00218414286, 0.638672636;0.141243698, 0.920628137, 0.0936328933, 0.955063187, 0.610926387, 0.00126807692, 0.894007198, 0.521711801, 0.262669735, 0.767279178, 0.926665554, 0.483690823, 0.315553474, 0.788945124, 0.681785498, 0.888752484, 0.692514013;0.243528339, 0.93165925, 0.104835747, 0.26794275, 0.520194608, 0.565742026, 0.0153105866, 0.780572726, 0.361607318, 0.406418541, 0.809369544, 0.379283392, 0.0472248765, 0.17643977, 0.955903172, 0.0704053624, 0.354931201;0.503179167, 0.493280827, 0.00395994301, 0.501162731, 0.383772458, 0.972079335, 0.159159084, 0.354154197, 0.419481485, 0.390693537, 0.665830828, 0.215512858, 0.221071553, 0.729210949, 0.500290519, 0.415155676, 0.169203052;0.187527223, 0.0105516368, 0.0914262689, 0.556838695, 0.89187313, 0.287164765, 0.327747226, 0.115605611, 0.388630946, 0.0372217046, 0.917600696, 0.673111348, 0.990748809, 0.882823163, 0.472990594, 0.519685031, 0.190576047]
km_test = [0.999697164, 0.999518407, 0.987757175, 0.999318376, 0.999980436, 0.998732975, 0.998901072, 0.99852253, 0.999602628, 0.999074661, 0.999874524, 0.99798387, 0.999732597, 0.999935167, 0.999847459, 0.99962556, 0.99968878;0.999793269, 0.999785167, 0.996456372, 0.998300878, 0.999971027, 0.999256488, 0.998611612, 0.997129849, 0.999787149, 0.998588766, 0.99976964, 0.995909466, 0.999483106, 0.999918035, 0.999971972, 0.999370997, 0.99992384;0.999677768, 0.999972425, 0.999081343, 0.999490205, 0.999992189, 0.999685212, 0.999436852, 0.999701885, 0.99991283, 0.99972712, 0.999961413, 0.999462158, 0.999736336, 0.999985246, 0.999994896, 0.999884582, 0.999938045;0.998932223, 0.9998647, 0.997528516, 0.999067719, 0.999965671, 0.999037288, 0.996947781, 0.999068648, 0.99950448, 0.997990078, 0.999685164, 0.99912996, 0.999499378, 0.999796006, 0.999957848, 0.999082473, 0.999312954;0.997773114, 0.999294708, 0.994618983, 0.997928863, 0.999974685, 0.993484666, 0.999433802, 0.997368228, 0.999475795, 0.999262791, 0.999491807, 0.998584833, 0.999453837, 0.999968742, 0.999842871, 0.999880356, 0.999653339;0.999285377, 0.999939941, 0.998390448, 0.998826824, 0.999950753, 0.99859189, 0.999122536, 0.999379386, 0.999516672, 0.999497575, 0.999648958, 0.998153257, 0.998875382, 0.999887638, 0.999899281, 0.999821514, 0.999802018;0.999537902, 0.999835127, 0.99670543, 0.998955144, 0.99998619, 0.999257602, 0.998556937, 0.999485082, 0.999656729, 0.999003042, 0.999800855, 0.998927599, 0.999658546, 0.99994841, 0.999867281, 0.999656047, 0.999649271;0.998338914, 0.998826979, 0.981464405, 0.996461864, 0.999707465, 0.997536691, 0.997220122, 0.996651991, 0.998367369, 0.997870644, 0.99956957, 0.991018507, 0.997105659, 0.999803969, 0.99911395, 0.998961771, 0.999191635;0.999632564, 0.999913103, 0.998890608, 0.99831181, 0.999978454, 0.999606484, 0.998375793, 0.999436274, 0.999766384, 0.999057683, 0.999430501, 0.998451336, 0.999327079, 0.999949114, 0.999925585, 0.999629604, 0.999770411;0.994210825, 0.999313535, 0.986478647, 0.99685018, 0.997636377, 0.997856754, 0.988701475, 0.993766207, 0.995756518, 0.992499341, 0.998654918, 0.988351367, 0.987731029, 0.998319478, 0.999594195, 0.99254178, 0.99712325;0.999098742, 0.999872568, 0.994499573, 0.999311768, 0.999820533, 0.99942739, 0.995659757, 0.998530697, 0.998917823, 0.996794737, 0.999858676, 0.997064287, 0.998684805, 0.999601037, 0.999902817, 0.998133214, 0.999353812]
kparam1_gamma_ = 1.1
kparam2_coef0 = 1.3
accuracy = 1e-09
kparam0_size = 10
data_class = 'rand'
