init_random = 42
accuracy = 1e-15
data_type = ''
km_train = [0.59049, 2.45376239e-14, 1.0992742e-18, 1.03094734e-16, 7.76141218e-17, 2.25837795e-18, 2.16987594e-16, 3.39960906e-16, 2.15229007e-17, 1.01740444e-17, 2.62145093e-11;2.45376239e-14, 0.59049, 2.05575832e-18, 4.67833335e-08, 1.18847871e-19, 1.22931775e-12, 2.76805121e-14, 2.01741169e-15, 1.04181769e-09, 4.05100206e-21, 1.36038208e-16;1.0992742e-18, 2.05575832e-18, 0.59049, 4.00606116e-20, 2.255758e-15, 3.10906784e-14, 1.4897455e-17, 3.24947008e-15, 1.29237014e-17, 7.42044244e-16, 1.61084992e-13;1.03094734e-16, 4.67833335e-08, 4.00606116e-20, 0.59049, 5.6273511e-15, 9.29369302e-11, 4.67403682e-16, 2.8274132e-17, 1.24513852e-16, 9.19524512e-15, 1.4836704e-17;7.76141218e-17, 1.18847871e-19, 2.255758e-15, 5.6273511e-15, 0.59049, 5.37922756e-18, 3.49798638e-16, 5.80028673e-17, 3.86929395e-24, 2.03221873e-14, 1.13243051e-13;2.25837795e-18, 1.22931775e-12, 3.10906784e-14, 9.29369302e-11, 5.37922756e-18, 0.59049, 2.36445489e-14, 8.34304203e-16, 6.5066007e-17, 4.47791022e-19, 3.8217431e-20;2.16987594e-16, 2.76805121e-14, 1.4897455e-17, 4.67403682e-16, 3.49798638e-16, 2.36445489e-14, 0.59049, 3.58351496e-20, 1.26735355e-11, 6.24349651e-18, 1.10232837e-17;3.39960906e-16, 2.01741169e-15, 3.24947008e-15, 2.8274132e-17, 5.80028673e-17, 8.34304203e-16, 3.58351496e-20, 0.59049, 2.22468021e-16, 4.16595913e-19, 1.37060937e-17;2.15229007e-17, 1.04181769e-09, 1.29237014e-17, 1.24513852e-16, 3.86929395e-24, 6.5066007e-17, 1.26735355e-11, 2.22468021e-16, 0.59049, 1.79116131e-21, 1.84546177e-14;1.01740444e-17, 4.05100206e-21, 7.42044244e-16, 9.19524512e-15, 2.03221873e-14, 4.47791022e-19, 6.24349651e-18, 4.16595913e-19, 1.79116131e-21, 0.59049, 4.26841803e-14;2.62145093e-11, 1.36038208e-16, 1.61084992e-13, 1.4836704e-17, 1.13243051e-13, 3.8217431e-20, 1.10232837e-17, 1.37060937e-17, 1.84546177e-14, 4.26841803e-14, 0.59049]
kernel_arg0_length = 5
seqlen = 60
data_test = {'GCCAGTAACTAAGCATGGGCCGCTAGCCGCGTCATGCGCACGTAAGTGGCGGCATCGTCG', 'CTGTTACTCTACTCGATCAGTACAGATCACGCAGCATTTTGATTAATAAGTGCTCAAATT'}
feature_type = 'Char'
name = 'SimpleLocalityImprovedString'
data_train = {'CAATTGTACTCGGTAGTAACGACTTTCTAAATCATGGCCAATACCCTACCGTAGGAAACT', 'GGACTTCTGGTAATCGTGATTCCGTGCATTTTTAACGCCCGGCGGCTGTGACATGGCTCG', 'AGCTCACTGAGAGAGGATGTCATCTTAAGGAGTTGAATGGGTGTAGGTGGCCAGGCAAGG', 'CTACCTAGAAGAATAACCAGGCGAGATTTCGGGAACGCCCCGGGACTCGAGCCGATACCG', 'CGGTCGGCACCATTTAAAAGTCTAATACGCACCGTGTGGGTCGAGCCTCGCTCTTTTGGC', 'GCCTTAGGGAATGCCACCATGCCATCTGCCTAGTATGGCTTGCGATGTTGCGATGTCCAG', 'TCCATTGGGACTATATGTCGTAATCGGGTCACCCGCGTGAGGACCTCCTGACACAGTTCT', 'AACATGGTTCCCTACTGAGTCCCTTAAAACTAAGCGACCCTAAAAAAACAGGCTCTAGCA', 'CATCCCCGGGGCATATGATTTAAGTGCCTGTTGTGTCCAATTTCAGACGTACTTGGGACA', 'TATCGATTTACACAACAGGCAGGCAGATTAGCCAATCAGGTGGACGGAAAAACGCACCTG', 'TGGACCTCATCGCTAGTGTAGCATAAAGGGAGCGATGATGCTAACGTTGTACTCATAGGG'}
feature_class = 'string'
km_test = [1.74705818e-10, 4.03868239e-18;2.71386804e-18, 1.44754715e-18;6.65882905e-22, 4.88803548e-18;4.01509559e-15, 5.50000149e-11;2.21757141e-12, 2.25857003e-14;4.50116134e-19, 5.35196076e-15;9.32942568e-20, 7.91416383e-21;7.40457316e-14, 6.1624046e-13;5.68643098e-16, 3.56025971e-23;9.46694006e-13, 1.95445821e-19;9.44323764e-17, 3.64713324e-27]
kernel_arg1_inner_degree = 7
alphabet = 'DNA'
kernel_arg2_outer_degree = 5
data_class = 'dna'
