kernel_alphabet = 'DNA';
kernel_arg0_size = 10;
init_random = 42;
kernel_arg3_outer_degree = 5;
kernel_feature_type = 'Char';
kernel_seqlen = 60;
kernel_accuracy = 1e-15;
kernel_data_train = {'CCCATATAAGGCGCGGCTGCTTGATAACGTGTAAGTGAAACATGGAAGTGTTAAGCCCCT', 'ACGGGTTGACGTTGGAAAACCGGGCCTATCGAACGCGCCTTGAATATCTCCGTTGTGTTC', 'GGGTCACACTGTATGAGTAGTAGCCGATACGCCTTTGTTCCACTGGAACTCTAGGTAAAT', 'AAGGTTGTGCTGCGCAGTGATACCACGTTTCGTCTCCGGGCGTTAAGCACTTCCGAGACC', 'GGCACGAAGTCCTTCTGTCTTCTCACTGGGACGTACAACGAATTCGCTGTAGGCCGGAGA', 'AGCCCGCTCGCGGCCCAAGTCCAATGACTACGGCTAGAGTCGTAGTGAACAGAACCGGAA', 'ACAGATCCTGGTCTCTCCGAACGTGTGAAGCACGCTGGTCGTGTCGATTTGAATCCGCGC', 'GTACCTCCGCTTGGAGGCATCGACTCGACTGTTTTATAAACGCACCTCACCGCCCCTATG', 'ATTGCGCATTATGACCTTAGTTAGTCCTATCAAAAGATGCCGCATCAGGCTGGCTCGCGA', 'ATCCGGAATGCTGAACTAATAGAGCAGGGGGGGGGGAACTTGCATTATCCGGTACCCGCC', 'CGGGACAACAGTATAGGTACACTTGGTCATCAAGGCGTTGTTCCCACCAACGTGCCAATC'};
kernel_matrix_train = [0.59049, 1.47404383e-17, 3.90219857e-16, 3.66759981e-20, 4.16074879e-22, 3.20473331e-15, 2.84050801e-21, 1.2791568e-15, 8.52816628e-18, 1.37438128e-19, 5.60740673e-17;1.47404383e-17, 0.59049, 1.8369369e-16, 4.02462333e-19, 1.34287018e-25, 6.92322908e-18, 2.30002077e-22, 6.14624217e-14, 5.20116727e-19, 8.28453644e-12, 3.39016466e-13;3.90219857e-16, 1.8369369e-16, 0.59049, 1.04983308e-13, 2.55304798e-17, 8.28020661e-21, 7.836153e-14, 8.43745595e-20, 2.78528177e-15, 1.58439613e-23, 1.88885496e-11;3.66759981e-20, 4.02462333e-19, 1.04983308e-13, 0.59049, 6.27155064e-15, 1.58032718e-12, 9.47795299e-20, 1.92803658e-14, 1.08298995e-16, 1.00362517e-27, 8.52116871e-21;4.16074879e-22, 1.34287018e-25, 2.55304798e-17, 6.27155064e-15, 0.59049, 1.69508266e-20, 6.44716676e-16, 1.03361937e-20, 1.34970951e-17, 2.17710736e-15, 1.12943886e-17;3.20473331e-15, 6.92322908e-18, 8.28020661e-21, 1.58032718e-12, 1.69508266e-20, 0.59049, 2.51869551e-21, 4.81969983e-14, 2.22859213e-17, 4.35591844e-14, 6.93905665e-20;2.84050801e-21, 2.30002077e-22, 7.836153e-14, 9.47795299e-20, 6.44716676e-16, 2.51869551e-21, 0.59049, 1.26026491e-20, 1.90162995e-19, 4.83358623e-20, 4.19335848e-13;1.2791568e-15, 6.14624217e-14, 8.43745595e-20, 1.92803658e-14, 1.03361937e-20, 4.81969983e-14, 1.26026491e-20, 0.59049, 4.78531855e-14, 2.28090377e-14, 6.28736774e-14;8.52816628e-18, 5.20116727e-19, 2.78528177e-15, 1.08298995e-16, 1.34970951e-17, 2.22859213e-17, 1.90162995e-19, 4.78531855e-14, 0.59049, 2.77082228e-11, 4.36432065e-13;1.37438128e-19, 8.28453644e-12, 1.58439613e-23, 1.00362517e-27, 2.17710736e-15, 4.35591844e-14, 4.83358623e-20, 2.28090377e-14, 2.77082228e-11, 0.59049, 4.41594197e-19;5.60740673e-17, 3.39016466e-13, 1.88885496e-11, 8.52116871e-21, 1.12943886e-17, 6.93905665e-20, 4.19335848e-13, 6.28736774e-14, 4.36432065e-13, 4.41594197e-19, 0.59049];
kernel_name = 'SimpleLocalityImprovedString';
kernel_feature_class = 'string';
kernel_arg1_length = 5;
kernel_matrix_test = [7.98983856e-19, 2.97848436e-10, 4.66040548e-17, 8.44842762e-21, 1.79001375e-16, 2.55471259e-18, 6.23080569e-19, 1.30443682e-09, 5.08454228e-11, 1.30206014e-14, 1.18139665e-17, 2.00666596e-15, 2.2396821e-13, 8.49812519e-18, 8.07123684e-16, 5.13456526e-18, 2.22431377e-16;7.37113003e-23, 2.14901497e-21, 1.12401786e-11, 4.22220354e-14, 1.45028215e-15, 2.46621295e-21, 7.12454358e-21, 8.36569336e-18, 2.55106054e-17, 1.79022896e-10, 2.53090208e-14, 2.84533204e-10, 2.24080129e-11, 2.0623133e-16, 7.57115985e-14, 5.16830004e-12, 1.44228392e-17;5.61426588e-18, 2.0803961e-17, 1.01254808e-14, 4.82056415e-13, 1.19934948e-13, 4.38298177e-18, 5.40487411e-15, 2.42420967e-14, 2.86951573e-16, 2.40757926e-14, 3.00028364e-15, 8.67951641e-21, 2.42660353e-16, 1.11772226e-16, 2.17846355e-16, 2.53007828e-15, 1.68441013e-15;6.0675208e-11, 3.27552962e-17, 1.97935287e-17, 1.56786461e-13, 2.02902238e-15, 5.90604026e-15, 2.6258696e-15, 1.03269629e-16, 5.03652006e-14, 5.47512417e-12, 5.41785684e-19, 4.08284165e-19, 2.40402796e-18, 7.94139951e-17, 2.63332505e-16, 2.42026643e-12, 5.63458458e-16;4.83133183e-15, 6.64408975e-15, 2.98367691e-12, 1.43411678e-22, 8.68718631e-17, 6.57565117e-13, 2.77920528e-14, 1.64050499e-15, 2.98914999e-16, 3.2451521e-19, 2.56666677e-15, 1.78399913e-13, 1.60018801e-11, 1.28922069e-16, 2.61759715e-14, 7.11925122e-13, 1.7328231e-14;4.21010578e-20, 5.81106567e-17, 9.66518262e-13, 2.1630959e-15, 6.13918692e-10, 9.08547408e-20, 5.82180782e-19, 1.04844424e-18, 2.65630886e-14, 8.88812503e-13, 1.88600568e-08, 2.53609068e-12, 8.11720499e-16, 2.94890858e-13, 1.16602487e-17, 3.08812717e-17, 3.56528733e-13;6.01174168e-13, 1.75928443e-15, 6.23437781e-20, 1.10316697e-25, 3.28189255e-17, 3.71876892e-14, 5.28512683e-14, 1.01651803e-15, 9.18020788e-18, 3.64973203e-12, 5.20410403e-17, 3.36352392e-17, 5.77619465e-19, 1.21742222e-17, 2.00594941e-17, 5.11751715e-16, 1.54723927e-18;7.02809692e-15, 2.07361177e-17, 5.70939492e-14, 6.46884508e-14, 6.4676351e-16, 2.22025013e-15, 6.30506404e-15, 4.15361292e-17, 2.70590348e-15, 4.47002312e-13, 9.83258165e-18, 7.78612651e-12, 3.30822346e-17, 4.32893889e-16, 6.29009576e-12, 7.81855286e-16, 4.6734242e-16;1.4297762e-16, 2.36002398e-10, 2.161844e-15, 1.26040636e-18, 2.21215216e-19, 6.16461975e-17, 1.84195841e-11, 4.93554632e-21, 4.32803599e-15, 9.87638089e-19, 3.01649078e-17, 5.40662534e-14, 9.11737346e-17, 1.75430957e-13, 9.79034904e-16, 8.77793109e-16, 1.67684904e-22;1.42435716e-23, 1.77971365e-15, 8.59045108e-15, 1.05507731e-18, 3.31916265e-21, 2.52829041e-20, 8.05982489e-12, 1.75949501e-16, 1.61088821e-13, 2.6275973e-18, 4.93535092e-19, 1.01262563e-12, 1.08854813e-16, 1.51823705e-11, 2.35285618e-19, 6.74697449e-17, 1.55001014e-18;2.74859768e-16, 3.79376834e-14, 1.46845164e-14, 5.24659201e-17, 8.23511502e-12, 2.84690873e-14, 6.72361857e-14, 1.27989817e-19, 2.88852229e-21, 1.44883804e-12, 9.65051668e-14, 4.58561874e-17, 1.00025683e-12, 3.0987724e-18, 3.45734693e-21, 6.12436786e-18, 6.46738358e-18];
kernel_arg2_inner_degree = 7;
kernel_data_test = {'TGAGCCGTTTAAACCGGTTATCCTATGTTGAACATCTGACCCGAGCTTAAGTCCACCCGC', 'ACTCTGCAGGGTGATGCGGACCCAAACTACCTAAATGACAATCGCGCCGAGTATACGGAT', 'TATGTATATGCATGCCTCATCCATAGTATCGCGCATATACTATCCGCCGCATTCGGGCTA', 'GTGTCCTCGATGCCGAGGATCCCGTACATCGCTGTAGTGATCACGTCCGCTTCATAAAAT', 'GTACTTGATCGGGGGACGCCACTCGGATCTAACCTAGATTCAGAAGTTGGTGCTAAGACC', 'GTACAGGCAGGACCTTGTGTACGGACCCCGTGTTCCATAGCTCTCCGTGTTTCCATTGCA', 'TATCCTACTGTTAACCCTAGAACTAGGAGTGAGGAAAACCCTGTGACTAACCCACGCGGG', 'AGACGACAACTCCGGTTTTAGTGTACTCGAGTCAATGAATTACTGTCGGTCACTCCGAAC', 'GGTTCGAAACACGCGCAAAAGTCCTAAGGGGACATTCACACGTCAAAATATGGCGCCCTC', 'CCAAAGCTGAGGGGGAGCGATCGTTGATGGTAAGTCGCGTAGTCCATCCCCGTCGGCATG', 'GATGTTTTATATCGATACTGACAGTGACTAGCTTCGGCCGATAACACCGTTATCCCCTCG', 'ATTCGGGGGAGCCTACAACTCGAGTCTTGCGTACCCTCCGAAGCCAGTTAGTCTTACAAT', 'TAGGCGTAAACCCGTCCTTACTACCAACTTTAATGCACCATATTCGGACGGGCCCCGTGG', 'GGGATACAATCTCCCGTCCTACCACATGTGGGTACGTTGAATCATAGGACAGCATCCAAT', 'CCTGCTGAGTCGTGAAGCTCCGGCAGTGCATTCGCGTAGACGAGCGAGGTTCAGGAAGTT', 'ACACTTCACTACGGTCGCTTTATCAAGCTGAGACGTCTTCGGATTATATCTCGACATCGT', 'TATAGGAACCTCTCTGTAGACGGAGGAGGATGTATACATGAACAGGTTGACGCGTTACTT'};
