init_random = 42;
accuracy = 1e-15;
data_type = '';
km_train = [0.59049, 3.30846583e-15, 2.59368955e-14, 5.58997272e-21, 2.6060445e-16, 1.08270442e-13, 1.26405758e-18, 3.75723324e-17, 1.75339159e-21, 2.25188649e-16, 4.77709891e-14;3.30846583e-15, 0.59049, 2.4816538e-12, 1.67651747e-26, 5.00704816e-17, 2.77620094e-19, 8.90597538e-18, 4.56773394e-15, 3.3402947e-20, 1.42673784e-18, 1.18882148e-14;2.59368955e-14, 2.4816538e-12, 0.59049, 1.99954789e-18, 3.02193344e-15, 8.07813025e-18, 1.37504999e-12, 2.5655616e-21, 3.76276889e-10, 9.06455949e-21, 9.6331416e-15;5.58997272e-21, 1.67651747e-26, 1.99954789e-18, 0.59049, 1.12303665e-13, 4.74048639e-13, 2.14791618e-20, 2.0377783e-12, 6.86835361e-16, 3.78338836e-14, 4.39767678e-16;2.6060445e-16, 5.00704816e-17, 3.02193344e-15, 1.12303665e-13, 0.59049, 1.64540844e-17, 1.20318453e-13, 2.30200201e-15, 1.49467135e-23, 2.69409173e-13, 7.20703819e-16;1.08270442e-13, 2.77620094e-19, 8.07813025e-18, 4.74048639e-13, 1.64540844e-17, 0.59049, 2.79422224e-17, 1.33947301e-11, 9.02179126e-19, 1.97994745e-15, 7.22442935e-15;1.26405758e-18, 8.90597538e-18, 1.37504999e-12, 2.14791618e-20, 1.20318453e-13, 2.79422224e-17, 0.59049, 1.8089643e-12, 7.24098121e-19, 3.72185041e-17, 2.52952841e-14;3.75723324e-17, 4.56773394e-15, 2.5655616e-21, 2.0377783e-12, 2.30200201e-15, 1.33947301e-11, 1.8089643e-12, 0.59049, 2.64752302e-18, 5.12965659e-14, 4.12728589e-12;1.75339159e-21, 3.3402947e-20, 3.76276889e-10, 6.86835361e-16, 1.49467135e-23, 9.02179126e-19, 7.24098121e-19, 2.64752302e-18, 0.59049, 9.1460172e-20, 3.22983521e-12;2.25188649e-16, 1.42673784e-18, 9.06455949e-21, 3.78338836e-14, 2.69409173e-13, 1.97994745e-15, 3.72185041e-17, 5.12965659e-14, 9.1460172e-20, 0.59049, 6.58800448e-17;4.77709891e-14, 1.18882148e-14, 9.6331416e-15, 4.39767678e-16, 7.20703819e-16, 7.22442935e-15, 2.52952841e-14, 4.12728589e-12, 3.22983521e-12, 6.58800448e-17, 0.59049];
kernel_arg0_length = 5;
seqlen = 60;
data_test = {'ATAGAACTTATACAGGGGCAACCGTTATTCCATATATATTGTATCACGTGACCCCAATCA', 'TGTGGGTACGTTGAATCATAGGACAGCATCCAATCCTGCTGAGTCGTGAAGCTCCGGCAG'};
feature_type = 'Char';
name = 'SimpleLocalityImprovedString';
data_train = {'TGCCGGCTATGGGCTATATGCTCAGAGAGAATGGATATGAAGATATTCGAGGGTAACGGC', 'CGAAGCAAAACGGACCACCTTAGGGCGTGTAGGAGGACTGATTAGCCAGGTAGTGAACGC', 'TTGAGGCTATTTCTGGTGGCCCGAGGATGCAAGCTGTCCGACCAGAAAGTGGTCCGGTCA', 'GTCTTCGCTAGATCGGCGCCAGCTCGCTTATGAGAACATCCGAGCGGACCCCCGCAGCAT', 'ATCGTGGCTGGAAACGAAAACTGCCCGAGGGACCCGTGGCATGACGGGACCGTGAGACAT', 'GCGTTTACCCTACCCTTATCCTAGCTATATCACAAAGCCTAGTGTGGACGATCGATAAAC', 'GGGGGACTCTACGTCCCCGAACGAAGAATGTACAGGTTCCCACTCATTACGTAACGTTCA', 'GTACTTACGGTAGCACGATTCGGGTCGCCACACAAGCACCCGGAAGATTTTTCTCTACAA', 'TTGGAAATTCCGATGGTGGCTGTCGGACCTCTGTTGGTAGCGTCTAAGATGTGGGCCATG', 'ACACTGTCGATGTCAGCGAAGAGCTGGAGACCTTCAACCCGGTCATCTTCATTACCAACA', 'GGGGAACCGGCACCCCGAAGCATCGTTGGATGGCAGATCGCGCCCGAGTCAAAGGAAGCT'};
feature_class = 'string';
km_test = [2.35601225e-27, 4.85522767e-20;2.80479265e-22, 2.56384315e-24;9.37289268e-14, 9.12423537e-16;8.47116065e-13, 6.25486442e-17;4.06232293e-19, 1.49894573e-14;1.26560072e-11, 2.3369508e-18;4.63545137e-16, 5.2413133e-13;2.27133019e-17, 4.74088831e-16;3.46687625e-17, 4.4664491e-20;2.56924253e-18, 2.71864082e-14;2.09282039e-17, 6.76769876e-22];
kernel_arg1_inner_degree = 7;
alphabet = 'DNA';
kernel_arg2_outer_degree = 5;
data_class = 'dna';
