init_random = 42
accuracy = 1e-15
data_type = ''
km_train = [0.59049, 6.81172141e-12, 2.15948516e-17, 2.42906975e-22, 2.3802099e-16, 1.26588636e-18, 3.82693721e-12, 3.23495765e-14, 1.44443982e-20, 2.18771162e-11, 5.39555051e-20;6.81172141e-12, 0.59049, 4.77876558e-19, 1.05918273e-18, 1.93800647e-17, 9.65355225e-26, 1.32658798e-11, 4.8835117e-22, 3.74198362e-14, 8.68511776e-17, 3.22108255e-22;2.15948516e-17, 4.77876558e-19, 0.59049, 7.40455584e-18, 1.55395548e-19, 7.75083857e-17, 1.76081373e-18, 1.00986645e-17, 1.71894665e-21, 5.27305527e-17, 2.75814181e-19;2.42906975e-22, 1.05918273e-18, 7.40455584e-18, 0.59049, 2.19934427e-20, 6.11522653e-13, 8.44145293e-14, 4.07724474e-16, 4.81926319e-21, 2.22270594e-13, 1.31849783e-20;2.3802099e-16, 1.93800647e-17, 1.55395548e-19, 2.19934427e-20, 0.59049, 9.73221988e-24, 3.8990255e-22, 1.79483473e-16, 9.55976772e-16, 2.83596167e-18, 2.77754206e-17;1.26588636e-18, 9.65355225e-26, 7.75083857e-17, 6.11522653e-13, 9.73221988e-24, 0.59049, 9.27909121e-17, 3.93111735e-19, 3.79391171e-17, 2.69740132e-14, 5.52509163e-19;3.82693721e-12, 1.32658798e-11, 1.76081373e-18, 8.44145293e-14, 3.8990255e-22, 9.27909121e-17, 0.59049, 7.09699656e-21, 1.29000413e-13, 2.15287753e-12, 5.54184129e-14;3.23495765e-14, 4.8835117e-22, 1.00986645e-17, 4.07724474e-16, 1.79483473e-16, 3.93111735e-19, 7.09699656e-21, 0.59049, 2.04113021e-13, 1.1210674e-18, 5.62706244e-11;1.44443982e-20, 3.74198362e-14, 1.71894665e-21, 4.81926319e-21, 9.55976772e-16, 3.79391171e-17, 1.29000413e-13, 2.04113021e-13, 0.59049, 1.68430366e-21, 2.62920918e-22;2.18771162e-11, 8.68511776e-17, 5.27305527e-17, 2.22270594e-13, 2.83596167e-18, 2.69740132e-14, 2.15287753e-12, 1.1210674e-18, 1.68430366e-21, 0.59049, 7.987342e-19;5.39555051e-20, 3.22108255e-22, 2.75814181e-19, 1.31849783e-20, 2.77754206e-17, 5.52509163e-19, 5.54184129e-14, 5.62706244e-11, 2.62920918e-22, 7.987342e-19, 0.59049]
kernel_arg0_length = 5
seqlen = 60
data_test = ['TGTAGGACTACGACAGCTCCTGTGAAAAGAAACATCCCTTGCCCGACCTTAAAGAACTTA', 'ACTACGAGCCGAGTGTGACATGAGCAGTAAGCTCCCAAATTGGCATTCAGAACCAGTGGA']
feature_type = 'Char'
name = 'SimpleLocalityImprovedString'
data_train = ['AAACGCTTCGGTTACCTTGCTGCTATCTCGCCGCTATGAGGTGGTGAAGATTAAATAACA', 'TTTCATGGTATATTGGCGACGGCTAACAACCCATCCTATTTTTGGACGCTATAGTTCGGA', 'TTAGTATGGCGACAGAAATCCATGTTACCGTCCAAGATTGGGTGCTTGCACAGCAATCAA', 'ATAAAATACCTATCTCGACCCTAAAAAGTCAGTCATATCCTAACACGGGTAAGGCATAGG', 'AATAATCGCGCACATTTGCTGTTGAGCAGTTTCCTTGGTAGTCCAACCACGTTATGGACA', 'GTAGACGCGCGCAGGCTGTACCACCTGTCAAGTCCGACCTGGGCGCATAGCACATCTGTG', 'TAGCTGAATACGTGCACTACGAGCACCGCGAGGCAATATTTATCCTGCTTAATTGGCCAG', 'TCGACTCGCCACCTTAGAATCACACCTAGACGTAGACGACTAGAAACAGATCGAACAGAT', 'CCGGGATAAGAGCTTCCGAAGCGAACGTGACTCTATTAGTGACATACACGGTGGAGTAAT', 'CCGCTCATCCGCTGTGTATACGTTACCCCTACGTTATTCCCAATTGGGGCCTCTCATTTA', 'GTGTTTCCAATCAAAGTCTGATGGGCTAGCAGGAGAGAATACGCCGTGTAGCAATGGGTG']
feature_class = 'string'
km_test = [1.8121012e-15, 1.43241141e-20;5.43381584e-13, 6.90728258e-14;1.22742789e-17, 4.60347264e-16;4.08147705e-15, 5.49603167e-16;9.65624366e-12, 4.53480231e-18;6.27616045e-16, 7.60426913e-11;6.34879055e-13, 4.95758284e-15;3.75943718e-17, 3.82315354e-16;8.21076542e-16, 5.71137501e-20;1.7815487e-20, 2.19232168e-19;9.23708155e-16, 7.35222149e-15]
kernel_arg1_inner_degree = 7
alphabet = 'DNA'
kernel_arg2_outer_degree = 5
data_class = 'dna'
