init_random = 42;
accuracy = 1e-15;
data_type = '';
km_train = [0.59049, 3.98311059e-17, 8.8927919e-17, 5.38452968e-16, 1.83687085e-13, 1.24170367e-15, 1.27922868e-19, 1.16645407e-14, 1.68403388e-15, 1.81707113e-14, 6.98874848e-18;3.98311059e-17, 0.59049, 1.96932487e-15, 1.88597118e-19, 9.89321663e-16, 1.08075903e-18, 9.01192762e-22, 3.18275025e-19, 3.33648702e-14, 4.79420231e-21, 9.57767458e-15;8.8927919e-17, 1.96932487e-15, 0.59049, 1.10871611e-20, 8.69247038e-14, 3.09197298e-19, 7.64049227e-15, 8.56945561e-17, 2.74210741e-12, 2.14419996e-18, 4.03581793e-17;5.38452968e-16, 1.88597118e-19, 1.10871611e-20, 0.59049, 3.84192292e-18, 3.48869366e-19, 1.30509955e-15, 9.87310561e-12, 8.33079425e-16, 3.84672379e-16, 4.50612034e-18;1.83687085e-13, 9.89321663e-16, 8.69247038e-14, 3.84192292e-18, 0.59049, 9.39244635e-21, 2.98946675e-20, 8.20320123e-19, 7.87598057e-16, 1.395305e-16, 1.1856916e-15;1.24170367e-15, 1.08075903e-18, 3.09197298e-19, 3.48869366e-19, 9.39244635e-21, 0.59049, 2.78695595e-21, 8.76169157e-13, 1.00334213e-18, 4.00861388e-12, 1.17104221e-13;1.27922868e-19, 9.01192762e-22, 7.64049227e-15, 1.30509955e-15, 2.98946675e-20, 2.78695595e-21, 0.59049, 2.1908083e-11, 4.87293912e-15, 1.44042006e-13, 7.9316325e-09;1.16645407e-14, 3.18275025e-19, 8.56945561e-17, 9.87310561e-12, 8.20320123e-19, 8.76169157e-13, 2.1908083e-11, 0.59049, 1.47903731e-17, 6.48265064e-15, 1.79262821e-14;1.68403388e-15, 3.33648702e-14, 2.74210741e-12, 8.33079425e-16, 7.87598057e-16, 1.00334213e-18, 4.87293912e-15, 1.47903731e-17, 0.59049, 1.98157061e-20, 1.77265259e-16;1.81707113e-14, 4.79420231e-21, 2.14419996e-18, 3.84672379e-16, 1.395305e-16, 4.00861388e-12, 1.44042006e-13, 6.48265064e-15, 1.98157061e-20, 0.59049, 3.65983185e-19;6.98874848e-18, 9.57767458e-15, 4.03581793e-17, 4.50612034e-18, 1.1856916e-15, 1.17104221e-13, 7.9316325e-09, 1.79262821e-14, 1.77265259e-16, 3.65983185e-19, 0.59049];
kernel_arg0_length = 5;
seqlen = 60;
data_test = {'GTGCAGAAAAATTTAAGTGCACGATCGTGTTCCCACATTCTAGGTCGGACCTGTGCTGCG', 'GCGCTCGTCAGCTTCCCCTTCACCTATGGCGGTCCGACTACCGAGAAGCTACACTTAGGA'};
feature_type = 'Char';
name = 'SimpleLocalityImprovedString';
data_train = {'CACTGTTGGGCAGCTTCGAAAGCTCCACGCCGGACCATGGTTGTATCTATGTGTAGGTAG', 'TGCCGAGCCTTGCGAATGCAGGTACAGTGCATCGACAATTCTCGCGTGGCTCTCGCTATT', 'ACCTTAGAGCGGATAATAGGGGATCCCATGGTGGCGTCGTGCCCGCTTCTGCTAGGGCCG', 'TCCCGTCCGGACACCCGAGTTACCTTGTCTGCGTCCGGCACTACCAAAGTATGCAAGTAT', 'TTGGGAATAGTGGCTGACAGCTTCAGCAAGGTTAATATTTGAACCTCGGGGTGTCGGTCT', 'AGCCGCCCAATTTGCTATCTTCTTAGTGTATGCTGAACCGATGTTCGCGTTGTAGTACGG', 'CTTTCACGACGCAAAGAAACGAGACCTACGTGTCCCTGCCGCAGAAATACCGCTTACGTT', 'ACGGAACAACGTCTGTTTTCAGGCATGGGTCGTTCCTCCACCATTTCCGTTCTTTTAAGC', 'TTGGTTAATAGAGCTGCTTTCACTAAGTGAGTTCGGTCTCGCCATATATGAGAGAATAAT', 'CAGGATGGAGAAGGCCACGTGCAGAGTACAGGCACCTAGAAGAGATGATCTTAACCCTTG', 'TTTCCGTGAGGTTTGCGTCTTGTACTCGCGTGTCTCATCTGCTAGGGATGCCCAGCACGG'};
feature_class = 'string';
km_test = [2.21990767e-15, 7.31133352e-16;9.6236586e-13, 1.10702047e-19;1.76803233e-18, 8.40790458e-17;1.21441531e-14, 2.98979995e-13;4.29253986e-15, 2.43542858e-19;6.20647768e-17, 3.23804554e-19;2.32366681e-16, 2.91942858e-15;2.35366264e-15, 8.43748296e-13;1.82331497e-17, 5.28217166e-10;1.18576378e-20, 2.84675715e-17;1.13246469e-13, 2.41956277e-15];
kernel_arg1_inner_degree = 7;
alphabet = 'DNA';
kernel_arg2_outer_degree = 5;
data_class = 'dna';
