kernel_arg0_size = 10;
init_random = 42;
kernel_feature_type = 'Real';
kernel_accuracy = 1e-08;
kernel_data_train = [0.0965872303, 0.803407827, 0.866126059, 0.583761421, 0.366000548, 0.652629636, 0.305664073, 0.238385692, 0.48814521, 0.216153828, 0.483703608;0.956606505, 0.839784036, 0.94163092, 0.806328975, 0.354750936, 0.812045239, 0.922915744, 0.947035788, 0.683197851, 0.211366644, 0.0397291534;0.147200228, 0.965546918, 0.462096824, 0.854986015, 0.465044154, 0.660817583, 0.0241407771, 0.249864943, 0.43626928, 0.630631047, 0.171521188;0.764551464, 0.364404706, 0.817435269, 0.0979690904, 0.679756588, 0.293328333, 0.795383174, 0.402170427, 0.665349632, 0.934305269, 0.020626632;0.0111167823, 0.770279252, 0.646393052, 0.292979721, 0.494396703, 0.0419356656, 0.192445605, 0.424496375, 0.834044416, 0.479667183, 0.586362505;0.873753792, 0.308818914, 0.700699321, 0.861667259, 0.202615701, 0.356478165, 0.979810174, 0.983218565, 0.22322993, 0.0664458389, 0.270921611;0.397731957, 0.441005601, 0.618806307, 0.89950276, 0.330348012, 0.849984535, 0.0934789209, 0.041874699, 0.504045183, 0.0596622233, 0.392489801;0.896778117, 0.241483036, 0.705975775, 0.302365392, 0.0449200552, 0.556690581, 0.834853491, 0.409468448, 0.617293826, 0.900023598, 0.789694513;0.193876399, 0.733383959, 0.501893025, 0.745966808, 0.494515551, 0.127958164, 0.569909447, 0.492133992, 0.517921734, 0.878902454, 0.894837047;0.453537107, 0.455732041, 0.515186959, 0.519589278, 0.950387144, 0.649400467, 0.277456995, 0.531536797, 0.627223583, 0.639771721, 0.585254226;0.177736155, 0.0335931891, 0.337843052, 0.427522155, 0.0618042396, 0.814967338, 0.344077438, 0.913632746, 0.154410108, 0.0569349569, 0.482316104];
kernel_matrix_train = [1, 0.173093949, 0.455319995, 0.264404495, 0.257280343, 0.336133004, 0.789618291, 0.453147445, 0.379530733, 0.253014476, 0.186833717;0.173093949, 1, 0.542718198, 0.542592631, 0.488662309, 0.32031153, 0.199706815, 0.237387749, 0.646449751, 0.316707449, 0.295350827;0.455319995, 0.542718198, 1, 0.484989651, 0.374305326, 0.459587063, 0.510058783, 0.415443991, 0.717598878, 0.305701097, 0.289769295;0.264404495, 0.542592631, 0.484989651, 1, 0.310262715, 0.550456006, 0.255231856, 0.37272852, 0.38659367, 0.157875155, 0.30299341;0.257280343, 0.488662309, 0.374305326, 0.310262715, 1, 0.302709985, 0.236966516, 0.270641012, 0.658223372, 0.492884082, 0.373157202;0.336133004, 0.32031153, 0.459587063, 0.550456006, 0.302709985, 1, 0.242801988, 0.359182485, 0.392489816, 0.159573487, 0.272696501;0.789618291, 0.199706815, 0.510058783, 0.255231856, 0.236966516, 0.242801988, 1, 0.608979823, 0.381432732, 0.285199162, 0.24339009;0.453147445, 0.237387749, 0.415443991, 0.37272852, 0.270641012, 0.359182485, 0.608979823, 1, 0.341931672, 0.176393331, 0.276201898;0.379530733, 0.646449751, 0.717598878, 0.38659367, 0.658223372, 0.392489816, 0.381432732, 0.341931672, 1, 0.563778213, 0.477403825;0.253014476, 0.316707449, 0.305701097, 0.157875155, 0.492884082, 0.159573487, 0.285199162, 0.176393331, 0.563778213, 1, 0.412120062;0.186833717, 0.295350827, 0.289769295, 0.30299341, 0.373157202, 0.272696501, 0.24339009, 0.276201898, 0.477403825, 0.412120062, 1];
kernel_name = 'SparseGaussian';
kernel_arg1_width = 1.7;
kernel_feature_class = 'simple';
kernel_matrix_test = [0.206515916, 0.262861283, 0.204769967, 0.224900334, 0.279521117, 0.195773312, 0.104911877, 0.15242098, 0.22346477, 0.391421763, 0.464697394, 0.204074785, 0.160436811, 0.348914467, 0.218908057, 0.285609207, 0.418288195;0.247353797, 0.545660612, 0.360142234, 0.21920176, 0.299772263, 0.286501412, 0.280653941, 0.34850018, 0.324860419, 0.23678507, 0.47459645, 0.398939508, 0.428735834, 0.325083455, 0.317413218, 0.371653513, 0.410337779;0.241859172, 0.792187847, 0.287877486, 0.356858778, 0.501791585, 0.358767019, 0.206357321, 0.279994518, 0.400269903, 0.488821117, 0.60277828, 0.44035028, 0.461727563, 0.331884951, 0.333657649, 0.354091792, 0.576079721;0.315496125, 0.407608054, 0.33999893, 0.126599455, 0.282873394, 0.480986996, 0.277091865, 0.264108918, 0.324981151, 0.263338871, 0.439701089, 0.225477187, 0.508588104, 0.180640698, 0.451126166, 0.627962943, 0.652152136;0.404875963, 0.364989614, 0.314410735, 0.301813177, 0.278305134, 0.329916576, 0.264730058, 0.632854145, 0.31073341, 0.297750535, 0.581992129, 0.486324593, 0.270516436, 0.473069201, 0.5093885, 0.427097782, 0.520321614;0.38334818, 0.493985729, 0.293010415, 0.243252578, 0.419564864, 0.413650526, 0.175571632, 0.362336727, 0.480297325, 0.335948638, 0.50186064, 0.285545548, 0.342886805, 0.190149231, 0.3548702, 0.364077165, 0.516881092;0.214612233, 0.332641654, 0.257839433, 0.219489962, 0.430930732, 0.204153922, 0.174346239, 0.144531306, 0.20374042, 0.379066531, 0.405617373, 0.233163945, 0.251584496, 0.379172229, 0.21148661, 0.30136332, 0.388481973;0.426236121, 0.353478112, 0.486792557, 0.160489181, 0.439054302, 0.381460783, 0.407657268, 0.273424243, 0.303907982, 0.286546733, 0.373272433, 0.245616604, 0.597993138, 0.253036703, 0.372211991, 0.388093528, 0.446854887;0.269812799, 0.69941314, 0.413912653, 0.542293623, 0.379512, 0.394718335, 0.324385949, 0.572582851, 0.469232604, 0.580628519, 0.644964246, 0.507237287, 0.328589036, 0.672596202, 0.487219676, 0.427901225, 0.443521497;0.250448707, 0.371517347, 0.390502838, 0.470748359, 0.311288644, 0.168133822, 0.264897736, 0.306743217, 0.273426264, 0.293824394, 0.311042553, 0.281998069, 0.110959115, 0.793698234, 0.249783562, 0.269611379, 0.266621364;0.194860056, 0.38512893, 0.36727696, 0.336035189, 0.314500325, 0.444045956, 0.470758075, 0.518473165, 0.368920904, 0.345726116, 0.287105508, 0.262650458, 0.226579261, 0.544041733, 0.519200406, 0.593535387, 0.267752303];
