kernel_arg1_degree = 3;
kernel_arg0_size = 10;
init_random = 42;
kernel_feature_type = 'Real';
kernel_accuracy = 1e-08;
kernel_data_train = [0.5838937, 0.9790694, 0.5719511, 0.9490415, 0.4441329, 0.4358411, 0.5000074, 0.6974255, 0.367616, 0.863886, 0.0292814;0.4397642, 0.5109918, 0.6070322, 0.2760719, 0.42748, 0.4845378, 0.68691, 0.7735442, 0.7378273, 0.3415831, 0.9994505;0.8486653, 0.2600234, 0.1951058, 0.3140213, 0.4523449, 0.8507994, 0.7783623, 0.8512461, 0.2719571, 0.5934612, 0.2832491;0.1090232, 0.6841977, 0.1429976, 0.6676978, 0.6479643, 0.8102484, 0.1395546, 0.7834801, 0.9992765, 0.8510424, 0.7518121;0.6621654, 0.4217815, 0.7305002, 0.724178, 0.6314983, 0.7962784, 0.4487639, 0.1212527, 0.5590677, 0.2650435, 0.3844331;0.0174149, 0.3827906, 0.8088011, 0.5427224, 0.0098005, 0.4698438, 0.2914516, 0.4775507, 0.4046927, 0.9319792, 0.0411773;0.683588, 0.8510266, 0.9592386, 0.1776362, 0.5313048, 0.0435896, 0.4991835, 0.1254581, 0.8378967, 0.11387, 0.5132884;0.5210961, 0.9716505, 0.6549807, 0.2878403, 0.2407993, 0.1282482, 0.7565147, 0.6907567, 0.6098771, 0.0408404, 0.7628289;0.6418876, 0.9638889, 0.5872021, 0.3039519, 0.3815206, 0.1758407, 0.7229142, 0.7077217, 0.20065, 0.1584893, 0.0770049;0.9119757, 0.2330698, 0.3441635, 0.2805045, 0.4136246, 0.7140488, 0.8705956, 0.1825987, 0.6864123, 0.3525621, 0.9805272;0.2989192, 0.007193, 0.51564, 0.1507311, 0.0444944, 0.6982692, 0.7322593, 0.460699, 0.6768855, 0.5382394, 0.6298011];
kernel_matrix_train = [1, 0.554577599, 0.59626616, 0.481066736, 0.730262125, 0.549069959, 0.866552001, 0.502318155, 0.546826878, 0.324496818, 0.513221905;0.554577599, 1, 0.689590995, 0.626149091, 0.653142469, 0.297749777, 0.550151242, 0.642496854, 0.565592293, 0.377371919, 0.354592804;0.59626616, 0.689590995, 1, 0.569175903, 0.554079137, 0.413656615, 0.675736076, 0.489210443, 0.667520968, 0.42793857, 0.435721437;0.481066736, 0.626149091, 0.569175903, 1, 0.708074387, 0.650668419, 0.451970034, 0.600813027, 0.557514424, 0.759138454, 0.312476742;0.730262125, 0.653142469, 0.554079137, 0.708074387, 1, 0.636431851, 0.585006578, 0.569957415, 0.712584575, 0.467446943, 0.555571228;0.549069959, 0.297749777, 0.413656615, 0.650668419, 0.636431851, 1, 0.599105148, 0.589703817, 0.646344913, 0.722124383, 0.537675078;0.866552001, 0.550151242, 0.675736076, 0.451970034, 0.585006578, 0.599105148, 1, 0.665026634, 0.633842114, 0.406904564, 0.635097144;0.502318155, 0.642496854, 0.489210443, 0.600813027, 0.569957415, 0.589703817, 0.665026634, 1, 0.566651015, 0.64499376, 0.452968082;0.546826878, 0.565592293, 0.667520968, 0.557514424, 0.712584575, 0.646344913, 0.633842114, 0.566651015, 1, 0.5290818, 0.825472501;0.324496818, 0.377371919, 0.42793857, 0.759138454, 0.467446943, 0.722124383, 0.406904564, 0.64499376, 0.5290818, 1, 0.295553003;0.513221905, 0.354592804, 0.435721437, 0.312476742, 0.555571228, 0.537675078, 0.635097144, 0.452968082, 0.825472501, 0.295553003, 1];
kernel_name = 'SparsePoly';
kernel_arg2_inhomogene = 'True';
kernel_feature_class = 'simple';
kernel_matrix_test = [0.528870939, 0.667805654, 0.563620666, 0.532668902, 0.415620167, 0.363021061, 0.452062805, 0.468660315, 0.661685627, 0.749600845, 0.428491223, 0.588939596, 0.31062806, 0.894362347, 0.525858049, 0.577923929, 0.492153227;0.613068334, 0.719156311, 0.372417052, 0.372990717, 0.60064925, 0.565239692, 0.711046199, 0.440385364, 0.509461369, 0.335868522, 0.569074953, 0.428493717, 0.284198241, 0.440767566, 0.68688658, 0.455401514, 0.528109955;0.579980372, 0.799888385, 0.449145622, 0.610259106, 0.61261015, 0.732888967, 0.605729784, 0.580428226, 0.62628506, 0.424208173, 0.745455017, 0.374897691, 0.626074585, 0.470281037, 0.749413639, 0.456016841, 0.457134418;0.547776035, 0.704283335, 0.624694921, 0.42590981, 0.651694239, 0.477172762, 0.423542596, 0.592631597, 0.324106994, 0.515635276, 0.618657568, 0.504548527, 0.461942976, 0.519516954, 0.678551694, 0.531073708, 0.527930905;0.539687381, 0.716012377, 0.761852919, 0.422888284, 0.530853864, 0.49493109, 0.454532532, 0.741273452, 0.56285148, 0.626645145, 0.561062139, 0.602937288, 0.304371101, 0.754828293, 0.649014259, 0.446194739, 0.450606112;0.632491796, 0.623142921, 0.782635264, 0.538480147, 0.581919039, 0.43856488, 0.31524057, 0.701891836, 0.446108054, 0.69830612, 0.617937346, 0.61853602, 0.394028152, 0.685582281, 0.636273142, 0.376293807, 0.35902362;0.742383478, 0.703089155, 0.537665887, 0.68190396, 0.597676194, 0.511232654, 0.630603193, 0.491534292, 0.812736797, 0.676783696, 0.559926743, 0.664713924, 0.406602478, 0.768111738, 0.641129176, 0.595856187, 0.573084758;0.915733656, 0.649281871, 0.444781936, 0.516730229, 0.809172373, 0.606300331, 0.646259889, 0.539957837, 0.55118647, 0.442311103, 0.599151591, 0.636833655, 0.291321651, 0.539657787, 0.722933612, 0.383412416, 0.676552303;0.660490815, 0.755708335, 0.644874331, 0.459538183, 0.627017444, 0.801330431, 0.578251378, 0.830001065, 0.712369722, 0.481741282, 0.786592716, 0.585263876, 0.39479536, 0.54737541, 0.743265329, 0.416994696, 0.332227127;0.618661535, 0.570564806, 0.467598159, 0.463496085, 0.570321776, 0.519880208, 0.324409035, 0.548616857, 0.321743798, 0.462149216, 0.63047593, 0.533640651, 0.45686798, 0.452950538, 0.603610426, 0.374513363, 0.382309422;0.502467137, 0.550180597, 0.580802258, 0.406549669, 0.526520545, 0.572556749, 0.445319362, 0.606075208, 0.70991519, 0.493242581, 0.507265819, 0.608025824, 0.206324335, 0.49092782, 0.467292198, 0.426263749, 0.307943809];
kernel_data_test = [0.596704, 0.6658228, 0.1996306, 0.2687066, 0.4399631, 0.446128, 0.7744117, 0.3673937, 0.1625052, 0.251466, 0.2147335, 0.73166, 0.4703396, 0.7086307, 0.4162197, 0.8897356, 0.9835203;0.6698425, 0.8638126, 0.5079333, 0.9346208, 0.8315865, 0.9917786, 0.6230937, 0.7792067, 0.5428681, 0.2591201, 0.3547552, 0.8940054, 0.0559479, 0.5914799, 0.372484, 0.3866925, 0.8845712;0.8538224, 0.5988424, 0.2729188, 0.4754563, 0.4082934, 0.353618, 0.1027856, 0.5431139, 0.3018313, 0.6608079, 0.3192039, 0.4311635, 0.0523604, 0.9925381, 0.5076104, 0.0242376, 0.5412307;0.870354, 0.7725521, 0.7009067, 0.1394647, 0.6577371, 0.7662984, 0.5724191, 0.892749, 0.2769898, 0.2421447, 0.8695697, 0.6253982, 0.0014472, 0.3531314, 0.857856, 0.0273195, 0.0032479;0.2812593, 0.914, 0.9014776, 0.5187619, 0.5532369, 0.332008, 0.2437367, 0.8152219, 0.1062949, 0.4873544, 0.6343973, 0.1036803, 0.5196071, 0.5775213, 0.7424961, 0.234836, 0.2933275;0.5695211, 0.9831264, 0.2174932, 0.9859038, 0.7143425, 0.8260821, 0.0896413, 0.3004202, 0.0577363, 0.371547, 0.9812897, 0.1052731, 0.5623728, 0.0060706, 0.7126828, 0.1971927, 0.1295845;0.3370178, 0.7710443, 0.1066131, 0.229839, 0.0084644, 0.9684149, 0.5921456, 0.7198996, 0.6513832, 0.1443646, 0.5949399, 0.1314156, 0.4012365, 0.5689631, 0.5588811, 0.1190734, 0.034436;0.7982343, 0.7259224, 0.0818189, 0.1274155, 0.8925838, 0.7691289, 0.9961603, 0.2539874, 0.487803, 0.2364596, 0.6228001, 0.1154142, 0.1272432, 0.0718879, 0.6935861, 0.4940726, 0.6177312;0.879301, 0.7403285, 0.4617229, 0.984356, 0.4562561, 0.1124507, 0.9926547, 0.0228207, 0.5498836, 0.3090955, 0.5035522, 0.558713, 0.2400959, 0.5568588, 0.7560611, 0.2665098, 0.3834261;0.2682427, 0.8205597, 0.7249823, 0.8711964, 0.1700499, 0.0735796, 0.1193835, 0.1610183, 0.5330827, 0.9709121, 0.3572354, 0.9585083, 0.0382008, 0.9268722, 0.1811526, 0.912475, 0.0562274;0.9482194, 0.2007983, 0.3027141, 0.4909423, 0.3807209, 0.667528, 0.9748078, 0.6064265, 0.7214854, 0.0880053, 0.6278124, 0.4538498, 0.8857824, 0.3882111, 0.6794541, 0.2281537, 0.2593725];
