kernel_arg1_degree = 3
kernel_arg0_size = 10
init_random = 42
name = 'SparsePoly'
data_type = 'double'
km_train = [1, 0.465047847, 0.416257748, 0.462698765, 0.693236895, 0.481614634, 0.464077514, 0.228348018, 0.510065361, 0.585312078, 0.579589485;0.465047847, 1, 0.61615369, 0.665041481, 0.732296531, 0.613673107, 0.3977748, 0.570307826, 0.541383929, 0.726667814, 0.294991787;0.416257748, 0.61615369, 1, 0.551267444, 0.772645111, 0.577512882, 0.457640207, 0.51984384, 0.394942335, 0.649847979, 0.504588819;0.462698765, 0.665041481, 0.551267444, 1, 0.610891033, 0.45359658, 0.536354095, 0.343177694, 0.702865547, 0.487929431, 0.56169512;0.693236895, 0.732296531, 0.772645111, 0.610891033, 1, 0.614041746, 0.616657326, 0.523741239, 0.559342055, 0.731814891, 0.594360023;0.481614634, 0.613673107, 0.577512882, 0.45359658, 0.614041746, 1, 0.460733815, 0.470360384, 0.669968702, 0.492418923, 0.399741151;0.464077514, 0.3977748, 0.457640207, 0.536354095, 0.616657326, 0.460733815, 1, 0.435764942, 0.594742284, 0.305873696, 0.418769997;0.228348018, 0.570307826, 0.51984384, 0.343177694, 0.523741239, 0.470360384, 0.435764942, 1, 0.42208338, 0.350070209, 0.203988547;0.510065361, 0.541383929, 0.394942335, 0.702865547, 0.559342055, 0.669968702, 0.594742284, 0.42208338, 1, 0.35311868, 0.531807904;0.585312078, 0.726667814, 0.649847979, 0.487929431, 0.731814891, 0.492418923, 0.305873696, 0.350070209, 0.35311868, 1, 0.355503139;0.579589485, 0.294991787, 0.504588819, 0.56169512, 0.594360023, 0.399741151, 0.418769997, 0.203988547, 0.531807904, 0.355503139, 1]
data_train = [0.134152203, 0.705888648, 0.375634854, 0.894838728, 0.385823245, 0.998242396, 0.734964515, 0.417410766, 0.807690228, 0.138522514, 0.380207217;0.435371352, 0.903827749, 0.446280381, 0.667043415, 0.803448905, 0.404959592, 0.180964269, 0.0623733445, 0.377230395, 0.65980232, 0.61857561;0.00773787906, 0.180323912, 0.443844033, 0.191024086, 0.691935633, 0.377001761, 0.715410102, 0.850963122, 0.367788672, 0.0114711801, 0.538092607;0.232386344, 0.761129334, 0.0628584854, 0.935154714, 0.339707064, 0.149840376, 0.15740159, 0.622606004, 0.924123648, 0.231453009, 0.318184006;0.425852961, 0.904166639, 0.777588127, 0.176963911, 0.86652667, 0.72823384, 0.225917242, 0.802583739, 0.204683767, 0.564088024, 0.069387499;0.0725074203, 0.549488317, 0.797111666, 0.759714478, 0.486594145, 0.765948125, 0.262577351, 0.292392823, 0.585187784, 0.538506825, 0.357957059;0.565556813, 0.431320507, 0.209399618, 0.290371124, 0.689046402, 0.756707365, 0.714604067, 0.285526774, 0.933478712, 0.533342203, 0.321080199;0.720088443, 0.0216148492, 0.141429266, 0.159844476, 0.320130911, 0.859259361, 0.00958278469, 0.0140851481, 0.716543542, 0.0301988834, 0.951840472;0.460369911, 0.451453636, 0.641827466, 0.562123908, 0.721675324, 0.328147503, 0.0475169654, 0.202179062, 0.142557167, 0.943696895, 0.8411701;0.983163139, 0.997151972, 0.334116847, 0.551194564, 0.868841853, 0.884158857, 0.534446175, 0.519791256, 0.522378038, 0.990151158, 0.152861928;0.992780336, 0.304709243, 0.507281265, 0.975188831, 0.894006084, 0.157160556, 0.959679151, 0.00894138646, 0.613864166, 0.324560173, 0.993856661]
feature_class = 'simple'
data_test = [0.183252666, 0.52130845, 0.507710725, 0.877859227, 0.471609937, 0.281499253, 0.523034472, 0.930405968, 0.860139491, 0.245283109, 0.62469585, 0.346356211, 0.429924059, 0.117344684, 0.884304411, 0.176656942, 0.175516143;0.804059291, 0.853503205, 0.00765695768, 0.901092247, 0.754822788, 0.305305537, 0.690929635, 0.763489624, 0.165953378, 0.890837747, 0.714365723, 0.323528902, 0.552682008, 0.180291388, 0.940932465, 0.772517936, 0.537534988;0.409316103, 0.0566110479, 0.166492783, 0.793567566, 0.858405787, 0.881060494, 0.882022126, 0.596414505, 0.478495317, 0.668694758, 0.714522515, 0.5166701, 0.230928777, 0.716654208, 0.910141085, 0.964744144, 0.217478603;0.334441328, 0.158097166, 0.268964095, 0.876520679, 0.025217563, 0.78943842, 0.500746469, 0.782036889, 0.0312661835, 0.398114718, 0.0567014712, 0.831824534, 0.660260859, 0.266289814, 0.597637413, 0.457722796, 0.790560054;0.114553809, 0.285116502, 0.579961847, 0.659814839, 0.20744358, 0.565218807, 0.0927712101, 0.301324286, 0.407102142, 0.0496628879, 0.0974388909, 0.505740102, 0.00489560801, 0.311489191, 0.537883925, 0.556439798, 0.570553304;0.00119388367, 0.0958755512, 0.0997172807, 0.449401866, 0.538077051, 0.813051458, 0.318396074, 0.28517078, 0.425888412, 0.128626759, 0.343321861, 0.468466342, 0.401093894, 0.291020375, 0.607700349, 0.16636859, 0.665800506;0.0636511405, 0.26343061, 0.346190305, 0.369313861, 0.613504406, 0.230868985, 0.307841691, 0.498001238, 0.535837404, 0.98850378, 0.233727827, 0.218168074, 0.473988396, 0.68703003, 0.214479595, 0.720704937, 0.133021283;0.834715075, 0.416812218, 0.655335658, 0.192648695, 0.607691816, 0.280715636, 0.646464241, 0.531162782, 0.943241991, 0.094294987, 0.9946411, 0.614486585, 0.622361868, 0.140395637, 0.180350585, 0.448631666, 0.551849673;0.559012629, 0.313483562, 0.414904828, 0.185003523, 0.540314712, 0.112637586, 0.738119125, 0.975970714, 0.885609891, 0.665701584, 0.523340268, 0.692292082, 0.524568106, 0.704451939, 0.989775034, 0.947972115, 0.956037698;0.639866066, 0.517324164, 0.514844243, 0.837651582, 0.838847192, 0.665439593, 0.721439843, 0.704603221, 0.748410851, 0.944634092, 0.149254374, 0.0245672394, 0.786654515, 0.729197844, 0.54478389, 0.125635379, 0.398961403;0.98638566, 0.714328828, 0.381304255, 0.165013965, 0.665336699, 0.338727516, 0.795908221, 0.827960393, 0.487317334, 0.851632438, 0.582200331, 0.795638944, 0.673465843, 0.928088728, 0.99319399, 0.503074869, 0.2782085]
km_test = [0.750582634, 0.730002185, 0.685634578, 0.335113187, 0.624268369, 0.339471886, 0.60756231, 0.588485775, 0.596780345, 0.632410867, 0.438969718, 0.458467879, 0.75187912, 0.663282794, 0.432270977, 0.413728652, 0.445537078;0.369565737, 0.605513125, 0.508663797, 0.837064537, 0.515458728, 0.611734867, 0.507650319, 0.653695142, 0.432578084, 0.521863029, 0.296610591, 0.440931367, 0.601094658, 0.434912592, 0.640305864, 0.430862194, 0.616518231;0.39686928, 0.522800476, 0.540565227, 0.515046652, 0.629388077, 0.606492096, 0.552077485, 0.560957633, 0.575861183, 0.418455737, 0.49484226, 0.611719906, 0.472954358, 0.586370164, 0.729708857, 0.582283572, 0.665268074;0.508574135, 0.639969941, 0.451646688, 0.616403112, 0.532413182, 0.553458096, 0.66714634, 0.806207764, 0.466504019, 0.533091694, 0.450085937, 0.672207237, 0.776341875, 0.507690428, 0.780605184, 0.413234251, 0.603935937;0.615719748, 0.689203412, 0.604219904, 0.654798308, 0.820446927, 0.624225685, 0.760964682, 0.767238562, 0.63330183, 0.76911011, 0.532069694, 0.615715474, 0.685401937, 0.805378439, 0.802456183, 0.73797301, 0.612612311;0.338312059, 0.509795764, 0.716892001, 0.614021062, 0.668986304, 0.534035614, 0.516716911, 0.566159599, 0.79338353, 0.384379642, 0.527383283, 0.39900478, 0.578613346, 0.406831446, 0.466573836, 0.389846893, 0.468323473;0.384604401, 0.512475619, 0.473061986, 0.477846816, 0.639580852, 0.480961606, 0.576027971, 0.558912502, 0.48000041, 0.622572299, 0.421287617, 0.409148078, 0.516212635, 0.707644659, 0.561908734, 0.416180382, 0.211450845;0.200528343, 0.249989585, 0.50609738, 0.711700928, 0.396629567, 0.782143634, 0.418057552, 0.426245439, 0.366371303, 0.319717178, 0.251826028, 0.448144088, 0.338889086, 0.450004156, 0.462507521, 0.464367589, 0.437551143;0.432415005, 0.527238707, 0.604725112, 0.621617038, 0.585034099, 0.599898056, 0.618044923, 0.698713533, 0.572611033, 0.525433974, 0.50984593, 0.61524834, 0.787869614, 0.49392439, 0.51216994, 0.454612983, 0.485768105;0.408052805, 0.546316906, 0.475267835, 0.45851995, 0.565902179, 0.406297045, 0.49212547, 0.560197366, 0.499185721, 0.617787919, 0.277643893, 0.366738404, 0.594536195, 0.591187006, 0.532040498, 0.469785477, 0.645091777;0.81366773, 0.642869171, 0.536008142, 0.328069553, 0.691545109, 0.366144161, 0.817726787, 0.736224983, 0.656230853, 0.522331005, 0.862514313, 0.77246788, 0.715506287, 0.5798424, 0.665602482, 0.67395775, 0.58199949]
accuracy = 1e-08
kernel_arg2_inhomogene = 'True'
data_class = 'rand'
kernel_arg3_use_normalization = 'True'
feature_type = 'Real'
