kernel_arg0_size = 10;
init_random = 42;
kernel_feature_type = 'Real';
kernel_accuracy = 1e-08;
kernel_data_train = [0.0965872, 0.8034078, 0.8661261, 0.5837614, 0.3660005, 0.6526296, 0.3056641, 0.2383857, 0.4881452, 0.2161538, 0.4837036;0.9566065, 0.839784, 0.9416309, 0.806329, 0.3547509, 0.8120452, 0.9229157, 0.9470358, 0.6831979, 0.2113666, 0.0397292;0.1472002, 0.9655469, 0.4620968, 0.854986, 0.4650442, 0.6608176, 0.0241408, 0.2498649, 0.4362693, 0.630631, 0.1715212;0.7645515, 0.3644047, 0.8174353, 0.0979691, 0.6797566, 0.2933283, 0.7953832, 0.4021704, 0.6653496, 0.9343053, 0.0206266;0.0111168, 0.7702793, 0.6463931, 0.2929797, 0.4943967, 0.0419357, 0.1924456, 0.4244964, 0.8340444, 0.4796672, 0.5863625;0.8737538, 0.3088189, 0.7006993, 0.8616673, 0.2026157, 0.3564782, 0.9798102, 0.9832186, 0.2232299, 0.0664458, 0.2709216;0.397732, 0.4410056, 0.6188063, 0.8995028, 0.330348, 0.8499845, 0.0934789, 0.0418747, 0.5040452, 0.0596622, 0.3924898;0.8967781, 0.241483, 0.7059758, 0.3023654, 0.0449201, 0.5566906, 0.8348535, 0.4094684, 0.6172938, 0.9000236, 0.7896945;0.1938764, 0.733384, 0.501893, 0.7459668, 0.4945156, 0.1279582, 0.5699094, 0.492134, 0.5179217, 0.8789025, 0.894837;0.4535371, 0.455732, 0.515187, 0.5195893, 0.9503871, 0.6494005, 0.277457, 0.5315368, 0.6272236, 0.6397717, 0.5852542;0.1777362, 0.0335932, 0.3378431, 0.4275222, 0.0618042, 0.8149673, 0.3440774, 0.9136327, 0.1544101, 0.056935, 0.4823161];
kernel_matrix_train = [1, 0.173093927, 0.455319965, 0.264404496, 0.257280345, 0.336133024, 0.789618302, 0.453147446, 0.379530731, 0.253014444, 0.186833725;0.173093927, 1, 0.542718146, 0.542592571, 0.488662323, 0.320311535, 0.199706808, 0.237387749, 0.646449767, 0.316707415, 0.295350855;0.455319965, 0.542718146, 1, 0.4849896, 0.374305313, 0.459587074, 0.510058761, 0.415443976, 0.717598869, 0.305701061, 0.289769304;0.264404496, 0.542592571, 0.4849896, 1, 0.310262696, 0.550456056, 0.255231849, 0.372728529, 0.386593659, 0.157875119, 0.302993409;0.257280345, 0.488662323, 0.374305313, 0.310262696, 1, 0.302709999, 0.236966528, 0.270641007, 0.658223392, 0.492884111, 0.373157226;0.336133024, 0.320311535, 0.459587074, 0.550456056, 0.302709999, 1, 0.242802002, 0.359182492, 0.392489869, 0.159573489, 0.272696559;0.789618302, 0.199706808, 0.510058761, 0.255231849, 0.236966528, 0.242802002, 1, 0.608979802, 0.381432717, 0.285199154, 0.243390094;0.453147446, 0.237387749, 0.415443976, 0.372728529, 0.270641007, 0.359182492, 0.608979802, 1, 0.341931668, 0.17639331, 0.27620191;0.379530731, 0.646449767, 0.717598869, 0.386593659, 0.658223392, 0.392489869, 0.381432717, 0.341931668, 1, 0.563778152, 0.477403823;0.253014444, 0.316707415, 0.305701061, 0.157875119, 0.492884111, 0.159573489, 0.285199154, 0.17639331, 0.563778152, 1, 0.412120056;0.186833725, 0.295350855, 0.289769304, 0.302993409, 0.373157226, 0.272696559, 0.243390094, 0.27620191, 0.477403823, 0.412120056, 1];
kernel_name = 'SparseGaussian';
kernel_arg1_width = 1.7;
kernel_feature_class = 'simple';
kernel_matrix_test = [0.206515916, 0.262861264, 0.204769969, 0.224900332, 0.279521125, 0.195773321, 0.10491188, 0.152420987, 0.223464773, 0.391421771, 0.4646974, 0.204074784, 0.160436814, 0.348914441, 0.218908052, 0.285609203, 0.418288185;0.247353802, 0.545660593, 0.360142224, 0.219201753, 0.299772271, 0.286501411, 0.280653963, 0.348500199, 0.324860425, 0.236785085, 0.474596443, 0.398939512, 0.428735832, 0.325083458, 0.31741324, 0.371653527, 0.410337766;0.241859161, 0.792187852, 0.287877484, 0.356858774, 0.501791606, 0.358767005, 0.206357322, 0.279994522, 0.400269929, 0.488821117, 0.602778262, 0.44035029, 0.46172756, 0.331884917, 0.333657647, 0.354091762, 0.576079687;0.31549611, 0.407608023, 0.339998913, 0.126599442, 0.282873396, 0.480986989, 0.277091863, 0.26410891, 0.324981137, 0.263338859, 0.439701076, 0.225477166, 0.5085881, 0.180640677, 0.451126148, 0.62796293, 0.652152143;0.404875978, 0.364989602, 0.314410745, 0.301813167, 0.278305143, 0.329916561, 0.264730052, 0.632854162, 0.310733442, 0.297750554, 0.581992139, 0.486324582, 0.270516425, 0.473069249, 0.509388517, 0.427097814, 0.520321605;0.383348184, 0.49398573, 0.293010465, 0.243252595, 0.419564882, 0.413650573, 0.175571661, 0.362336757, 0.480297345, 0.335948631, 0.501860636, 0.285545566, 0.342886841, 0.190149237, 0.354870236, 0.364077203, 0.516881133;0.214612232, 0.332641625, 0.257839418, 0.21948996, 0.430930735, 0.204153915, 0.174346235, 0.144531304, 0.20374043, 0.379066496, 0.405617384, 0.233163959, 0.251584492, 0.379172207, 0.2114866, 0.301363301, 0.388481971;0.426236098, 0.353478073, 0.486792527, 0.160489162, 0.439054273, 0.381460762, 0.407657265, 0.273424225, 0.303907947, 0.286546701, 0.373272434, 0.245616611, 0.597993154, 0.253036683, 0.372211987, 0.38809351, 0.446854872;0.269812806, 0.699413134, 0.413912649, 0.542293556, 0.379511995, 0.394718306, 0.324385925, 0.572582868, 0.469232632, 0.580628538, 0.64496425, 0.50723728, 0.328589038, 0.672596164, 0.487219671, 0.427901217, 0.443521486;0.250448696, 0.371517324, 0.390502815, 0.470748337, 0.311288633, 0.168133808, 0.264897735, 0.30674324, 0.273426276, 0.29382442, 0.311042532, 0.281998034, 0.110959102, 0.793698222, 0.249783553, 0.269611364, 0.266621321;0.194860054, 0.385128949, 0.367276947, 0.336035182, 0.314500331, 0.444045941, 0.470758072, 0.518473188, 0.368920952, 0.345726141, 0.287105521, 0.262650467, 0.226579275, 0.544041742, 0.519200405, 0.593535363, 0.267752304];
kernel_data_test = [0.1891293, 0.9373993, 0.0103034, 0.4126197, 0.9267478, 0.3844182, 0.0931093, 0.3028949, 0.4980104, 0.1851517, 0.4665617, 0.8363432, 0.872618, 0.0492607, 0.1609034, 0.2752901, 0.5948659;0.3609948, 0.8440409, 0.7166719, 0.100456, 0.6245575, 0.1130126, 0.2550357, 0.1778706, 0.1730619, 0.6163955, 0.5636049, 0.1760282, 0.9901728, 0.4218367, 0.0970693, 0.120569, 0.5838937;0.9790694, 0.5719511, 0.9490415, 0.4441329, 0.4358411, 0.5000074, 0.6974255, 0.367616, 0.863886, 0.0292814, 0.4397642, 0.5109918, 0.6070322, 0.2760719, 0.42748, 0.4845378, 0.68691;0.7735442, 0.7378273, 0.3415831, 0.9994505, 0.8486653, 0.2600234, 0.1951058, 0.3140213, 0.4523449, 0.8507994, 0.7783623, 0.8512461, 0.2719571, 0.5934612, 0.2832491, 0.1090232, 0.6841977;0.1429976, 0.6676978, 0.6479643, 0.8102484, 0.1395546, 0.7834801, 0.9992765, 0.8510424, 0.7518121, 0.6621654, 0.4217815, 0.7305002, 0.724178, 0.6314983, 0.7962784, 0.4487639, 0.1212527;0.5590677, 0.2650435, 0.3844331, 0.0174149, 0.3827906, 0.8088011, 0.5427224, 0.0098005, 0.4698438, 0.2914516, 0.4775507, 0.4046927, 0.9319792, 0.0411773, 0.683588, 0.8510266, 0.9592386;0.1776362, 0.5313048, 0.0435896, 0.4991835, 0.1254581, 0.8378967, 0.11387, 0.5132884, 0.5210961, 0.9716505, 0.6549807, 0.2878403, 0.2407993, 0.1282482, 0.7565147, 0.6907567, 0.6098771;0.0408404, 0.7628289, 0.6418876, 0.9638889, 0.5872021, 0.3039519, 0.3815206, 0.1758407, 0.7229142, 0.7077217, 0.20065, 0.1584893, 0.0770049, 0.9119757, 0.2330698, 0.3441635, 0.2805045;0.4136246, 0.7140488, 0.8705956, 0.1825987, 0.6864123, 0.3525621, 0.9805272, 0.2989192, 0.007193, 0.51564, 0.1507311, 0.0444944, 0.6982692, 0.7322593, 0.460699, 0.6768855, 0.5382394;0.6298011, 0.596704, 0.6658228, 0.1996306, 0.2687066, 0.4399631, 0.446128, 0.7744117, 0.3673937, 0.1625052, 0.251466, 0.2147335, 0.73166, 0.4703396, 0.7086307, 0.4162197, 0.8897356;0.9835203, 0.6698425, 0.8638126, 0.5079333, 0.9346208, 0.8315865, 0.9917786, 0.6230937, 0.7792067, 0.5428681, 0.2591201, 0.3547552, 0.8940054, 0.0559479, 0.5914799, 0.372484, 0.3866925];
