name = 'SparseGaussian'
feature_type = 'Real'
data_type = 'double'
km_train = [1, 0.140666534, 0.136403449, 0.210903556, 0.234675838, 0.257846171, 0.522695318, 0.39879688, 0.217608898, 0.135515876, 0.220667383;0.140666534, 1, 0.302142778, 0.209923059, 0.171372979, 0.255541579, 0.175718539, 0.174482312, 0.275152671, 0.171022349, 0.251082459;0.136403449, 0.302142778, 1, 0.205218213, 0.0940852089, 0.206026569, 0.203371477, 0.211077763, 0.295505151, 0.221105769, 0.250811981;0.210903556, 0.209923059, 0.205218213, 1, 0.182917186, 0.164269358, 0.488723175, 0.0754582718, 0.390134802, 0.214303925, 0.36939432;0.234675838, 0.171372979, 0.0940852089, 0.182917186, 1, 0.217758638, 0.3333611, 0.156955807, 0.205343123, 0.0537344797, 0.0560464811;0.257846171, 0.255541579, 0.206026569, 0.164269358, 0.217758638, 1, 0.221251099, 0.244925059, 0.237182972, 0.141925762, 0.252425547;0.522695318, 0.175718539, 0.203371477, 0.488723175, 0.3333611, 0.221251099, 1, 0.266567818, 0.595967679, 0.15088363, 0.221201797;0.39879688, 0.174482312, 0.211077763, 0.0754582718, 0.156955807, 0.244925059, 0.266567818, 1, 0.19260992, 0.289036132, 0.204617976;0.217608898, 0.275152671, 0.295505151, 0.390134802, 0.205343123, 0.237182972, 0.595967679, 0.19260992, 1, 0.204043649, 0.19446823;0.135515876, 0.171022349, 0.221105769, 0.214303925, 0.0537344797, 0.141925762, 0.15088363, 0.289036132, 0.204043649, 1, 0.527760552;0.220667383, 0.251082459, 0.250811981, 0.36939432, 0.0560464811, 0.252425547, 0.221201797, 0.204617976, 0.19446823, 0.527760552, 1]
data_train = [0.633085126, 0.899023983, 0.623743726, 0.134024894, 0.115760046, 0.844185896, 0.139302339, 0.520231961, 0.03711332, 0.0806697674, 0.672348268;0.68918141, 0.341469407, 0.215609765, 0.813710271, 0.217103229, 0.54202707, 0.968208841, 0.147852438, 0.940876267, 0.182893053, 0.567443208;0.377007712, 0.964928602, 0.273542029, 0.399658002, 0.982860118, 0.536470391, 0.502630116, 0.257778488, 0.70136356, 0.0143729518, 0.0495126297;0.599358587, 0.341674574, 0.953316372, 0.903190691, 0.713706259, 0.818145581, 0.66733185, 0.125582103, 0.76554337, 0.210191969, 0.323442855;0.819234212, 0.536525608, 0.859940714, 0.21303532, 0.607778439, 0.0837909725, 0.643060994, 0.762534038, 0.584930894, 0.266231501, 0.0313426689;0.119448884, 0.622302979, 0.934420217, 0.206534404, 0.735026149, 0.866451063, 0.520882178, 0.669265796, 0.815015317, 0.260675158, 0.296895674;0.000627516628, 0.963094131, 0.917544895, 0.764568264, 0.079076021, 0.44750289, 0.101891754, 0.0159202673, 0.616182965, 0.960829417, 0.902868023;0.696754815, 0.0966405842, 0.274164038, 0.320056727, 0.763150058, 0.802249179, 0.385106123, 0.417883997, 0.0445090393, 0.289136718, 0.451285177;0.116983046, 0.453267461, 0.853175812, 0.58132102, 0.078929855, 0.191671319, 0.47454435, 0.36148715, 0.35872702, 0.529267448, 0.584395922;0.79686157, 0.340966563, 0.805466283, 0.338611229, 0.0554329889, 0.554187651, 0.587902325, 0.934540246, 0.726061326, 0.917772652, 0.90834721;0.60457411, 0.527762065, 0.557440967, 0.978330808, 0.773167692, 0.106265905, 0.778428407, 0.170538049, 0.447350549, 0.210459672, 0.689583066]
feature_class = 'simple'
data_test = [0.877309736, 0.290361885, 0.0820107412, 0.298493098, 0.672361858, 0.328760128, 0.278112168, 0.184435191, 0.497516427, 0.275948828, 0.731010349, 0.076622402, 0.664033033, 0.237560015, 0.489279261, 0.286089922, 0.722768676;0.94530704, 0.917076779, 0.583426215, 0.462610303, 0.818300509, 0.683326363, 0.183564114, 0.820919214, 0.428884389, 0.18898566, 0.28179735, 0.26752703, 0.519206975, 0.234370091, 0.123566487, 0.123690851, 0.583276197;0.734759289, 0.321533009, 0.0346507098, 0.127224887, 0.91469456, 0.49354366, 0.45357281, 0.0380491783, 0.728637022, 0.528068081, 0.202080936, 0.11007376, 0.383387864, 0.837161964, 0.865294559, 0.60284638, 0.727536427;0.115155787, 0.588126065, 0.666965703, 0.200712843, 0.880154733, 0.194996738, 0.31347736, 0.620556847, 0.638350065, 0.699384741, 0.112011713, 0.84946443, 0.532847132, 0.471321794, 0.981097625, 0.740378297, 0.118006027;0.756539167, 0.095248934, 0.0274705625, 0.403625895, 0.993578173, 0.174883936, 0.672644344, 0.173396066, 0.724786975, 0.505353668, 0.67997171, 0.202873176, 0.745628333, 0.99561906, 0.665650501, 0.493479998, 0.923173989;0.0158518422, 0.729923519, 0.888746517, 0.0616745836, 0.45006417, 0.204719454, 0.566518166, 0.649542959, 0.302623183, 0.45998167, 0.279339485, 0.369391164, 0.159539957, 0.885559444, 0.0100104106, 0.882409186, 0.571678878;0.331657844, 0.723057125, 0.507752152, 0.499108658, 0.110142283, 0.389516026, 0.241064346, 0.0156959056, 0.360099631, 0.0898221294, 0.256830038, 0.0925166212, 0.100941626, 0.199011294, 0.999849244, 0.00218414286, 0.638672636;0.141243698, 0.920628137, 0.0936328933, 0.955063187, 0.610926387, 0.00126807692, 0.894007198, 0.521711801, 0.262669735, 0.767279178, 0.926665554, 0.483690823, 0.315553474, 0.788945124, 0.681785498, 0.888752484, 0.692514013;0.243528339, 0.93165925, 0.104835747, 0.26794275, 0.520194608, 0.565742026, 0.0153105866, 0.780572726, 0.361607318, 0.406418541, 0.809369544, 0.379283392, 0.0472248765, 0.17643977, 0.955903172, 0.0704053624, 0.354931201;0.503179167, 0.493280827, 0.00395994301, 0.501162731, 0.383772458, 0.972079335, 0.159159084, 0.354154197, 0.419481485, 0.390693537, 0.665830828, 0.215512858, 0.221071553, 0.729210949, 0.500290519, 0.415155676, 0.169203052;0.187527223, 0.0105516368, 0.0914262689, 0.556838695, 0.89187313, 0.287164765, 0.327747226, 0.115605611, 0.388630946, 0.0372217046, 0.917600696, 0.673111348, 0.990748809, 0.882823163, 0.472990594, 0.519685031, 0.190576047]
km_test = [0.398300711, 0.120570374, 0.0873993673, 0.467531078, 0.477483559, 0.278901385, 0.373307765, 0.225132, 0.532056081, 0.394670984, 0.396784986, 0.308480192, 0.591670361, 0.355949802, 0.138703944, 0.34294528, 0.287999906;0.322206007, 0.131342076, 0.129218405, 0.152834197, 0.224732743, 0.250829855, 0.196326009, 0.0876031609, 0.509968209, 0.181946542, 0.160692469, 0.116414353, 0.231121821, 0.187127855, 0.280937746, 0.147780664, 0.47742213;0.0773485625, 0.180742344, 0.108856808, 0.116185495, 0.184045536, 0.149833069, 0.120861147, 0.139901714, 0.311762744, 0.188058491, 0.18356517, 0.157708172, 0.121187103, 0.203264364, 0.302698372, 0.158409487, 0.180605331;0.133189141, 0.236568958, 0.216790987, 0.303213955, 0.260178332, 0.272896975, 0.147438421, 0.251041906, 0.368118416, 0.185171481, 0.168353862, 0.448450806, 0.308089901, 0.128921503, 0.275292226, 0.14792167, 0.133633672;0.0927996593, 0.0868771939, 0.146481508, 0.202133224, 0.375198616, 0.083350642, 0.558614852, 0.141413801, 0.412453407, 0.435368995, 0.140365707, 0.371855469, 0.337840037, 0.557855769, 0.127835651, 0.716681574, 0.2513041;0.165859696, 0.39253811, 0.275217755, 0.242755182, 0.190079877, 0.196655402, 0.331734539, 0.31356842, 0.352219076, 0.459319842, 0.146695399, 0.249026376, 0.164452214, 0.183955909, 0.140767651, 0.437133411, 0.300000482;0.271722391, 0.233944683, 0.201284768, 0.317911466, 0.558488063, 0.371664664, 0.282849546, 0.431508083, 0.540371566, 0.34344959, 0.263353224, 0.439917507, 0.457200487, 0.382880234, 0.140166672, 0.333657667, 0.242867408;0.251474291, 0.134328961, 0.135514423, 0.306632017, 0.149569297, 0.363713071, 0.404907184, 0.263703196, 0.411165821, 0.457450172, 0.347973834, 0.224823177, 0.232133416, 0.34098735, 0.0841516255, 0.348977807, 0.306782537;0.211604357, 0.242885145, 0.286074947, 0.150753234, 0.271457854, 0.384371588, 0.172735802, 0.26868648, 0.469196267, 0.2370051, 0.0837804374, 0.225661866, 0.188706708, 0.256449437, 0.139359785, 0.210169858, 0.216691189;0.123779608, 0.230634066, 0.199760326, 0.392595053, 0.0409207736, 0.473194343, 0.178709431, 0.201303032, 0.248592196, 0.223395443, 0.18506447, 0.221017114, 0.0994552887, 0.0895247361, 0.1714978, 0.103500353, 0.148921359;0.176135653, 0.289745724, 0.14537138, 0.440377443, 0.0961147532, 0.461008609, 0.135317965, 0.214322353, 0.250341329, 0.156861918, 0.346238993, 0.2248592, 0.184108403, 0.0947199036, 0.180285688, 0.105689823, 0.163834372]
