kernel_arg1_degree = 3;
kernel_arg0_size = 10;
init_random = 42;
kernel_feature_type = 'Real';
kernel_accuracy = 1e-08;
kernel_data_train = [0.0965872, 0.8034078, 0.8661261, 0.5837614, 0.3660005, 0.6526296, 0.3056641, 0.2383857, 0.4881452, 0.2161538, 0.4837036;0.9566065, 0.839784, 0.9416309, 0.806329, 0.3547509, 0.8120452, 0.9229157, 0.9470358, 0.6831979, 0.2113666, 0.0397292;0.1472002, 0.9655469, 0.4620968, 0.854986, 0.4650442, 0.6608176, 0.0241408, 0.2498649, 0.4362693, 0.630631, 0.1715212;0.7645515, 0.3644047, 0.8174353, 0.0979691, 0.6797566, 0.2933283, 0.7953832, 0.4021704, 0.6653496, 0.9343053, 0.0206266;0.0111168, 0.7702793, 0.6463931, 0.2929797, 0.4943967, 0.0419357, 0.1924456, 0.4244964, 0.8340444, 0.4796672, 0.5863625;0.8737538, 0.3088189, 0.7006993, 0.8616673, 0.2026157, 0.3564782, 0.9798102, 0.9832186, 0.2232299, 0.0664458, 0.2709216;0.397732, 0.4410056, 0.6188063, 0.8995028, 0.330348, 0.8499845, 0.0934789, 0.0418747, 0.5040452, 0.0596622, 0.3924898;0.8967781, 0.241483, 0.7059758, 0.3023654, 0.0449201, 0.5566906, 0.8348535, 0.4094684, 0.6172938, 0.9000236, 0.7896945;0.1938764, 0.733384, 0.501893, 0.7459668, 0.4945156, 0.1279582, 0.5699094, 0.492134, 0.5179217, 0.8789025, 0.894837;0.4535371, 0.455732, 0.515187, 0.5195893, 0.9503871, 0.6494005, 0.277457, 0.5315368, 0.6272236, 0.6397717, 0.5852542;0.1777362, 0.0335932, 0.3378431, 0.4275222, 0.0618042, 0.8149673, 0.3440774, 0.9136327, 0.1544101, 0.056935, 0.4823161];
kernel_matrix_train = [1, 0.228341073, 0.622860934, 0.376893849, 0.245318032, 0.422604293, 0.846269838, 0.548495947, 0.443600516, 0.303729849, 0.171380571;0.228341073, 1, 0.702425536, 0.680473132, 0.594843874, 0.434925444, 0.279805739, 0.332995778, 0.741614009, 0.418102164, 0.362862503;0.622860934, 0.702425536, 1, 0.65931106, 0.553738369, 0.627958722, 0.673474836, 0.585532384, 0.85359847, 0.462995698, 0.434594879;0.376893849, 0.680473132, 0.65931106, 1, 0.413316408, 0.682845174, 0.375866268, 0.513196905, 0.516204036, 0.232049479, 0.406720832;0.245318032, 0.594843874, 0.553738369, 0.413316408, 1, 0.338945177, 0.243585381, 0.294355674, 0.705385397, 0.543155645, 0.323729295;0.422604293, 0.434925444, 0.627958722, 0.682845174, 0.338945177, 1, 0.323408855, 0.464905172, 0.480219591, 0.197699651, 0.312793644;0.846269838, 0.279805739, 0.673474836, 0.375866268, 0.243585381, 0.323408855, 1, 0.704678338, 0.463292939, 0.360836583, 0.268256131;0.548495947, 0.332995778, 0.585532384, 0.513196905, 0.294355674, 0.464905172, 0.704678338, 1, 0.422004413, 0.220770971, 0.315778936;0.443600516, 0.741614009, 0.85359847, 0.516204036, 0.705385397, 0.480219591, 0.463292939, 0.422004413, 1, 0.638557963, 0.515658538;0.303729849, 0.418102164, 0.462995698, 0.232049479, 0.543155645, 0.197699651, 0.360836583, 0.220770971, 0.638557963, 1, 0.45844479;0.171380571, 0.362862503, 0.434594879, 0.406720832, 0.323729295, 0.312793644, 0.268256131, 0.315778936, 0.515658538, 0.45844479, 1];
kernel_name = 'SparsePoly';
kernel_arg2_inhomogene = 'False';
kernel_feature_class = 'simple';
kernel_matrix_test = [0.244509962, 0.425037082, 0.296962956, 0.263913844, 0.370390824, 0.225321436, 0.129339979, 0.106093715, 0.262547824, 0.473683097, 0.501978652, 0.186455898, 0.300490077, 0.368408056, 0.228516533, 0.289205903, 0.537561304;0.334329264, 0.715996479, 0.50810456, 0.29323896, 0.422611633, 0.379917062, 0.404773401, 0.423386611, 0.425723431, 0.324102588, 0.581986391, 0.488040166, 0.632121039, 0.395410557, 0.398984553, 0.454324331, 0.549114476;0.38406188, 0.887512167, 0.466960987, 0.520674031, 0.667904948, 0.522863856, 0.355872772, 0.42366787, 0.567335182, 0.654338731, 0.838101685, 0.625422763, 0.669534031, 0.493291669, 0.490890967, 0.522226414, 0.730283607;0.442221381, 0.600529758, 0.501739421, 0.180642582, 0.42231826, 0.615118337, 0.419419024, 0.348261553, 0.450891186, 0.381756199, 0.584925121, 0.297237179, 0.701990897, 0.227827318, 0.582216999, 0.778836487, 0.770984343;0.442072066, 0.567766026, 0.417919918, 0.304314949, 0.330097768, 0.340995024, 0.320747977, 0.598141156, 0.316627176, 0.314276821, 0.532426091, 0.44616508, 0.469015396, 0.423492502, 0.510238909, 0.369393675, 0.648044622;0.480002942, 0.672559599, 0.424252132, 0.309647943, 0.541699185, 0.509219155, 0.254620613, 0.415390259, 0.577634404, 0.430560933, 0.586121233, 0.32374296, 0.545427863, 0.191110544, 0.424875293, 0.421164088, 0.642338734;0.271934844, 0.512692739, 0.378547913, 0.273839145, 0.550433898, 0.253568605, 0.249289128, 0.114566846, 0.253070862, 0.474691941, 0.460950851, 0.247886895, 0.437423583, 0.432324826, 0.238428792, 0.335019274, 0.515155342;0.524615594, 0.536100455, 0.625176621, 0.195124601, 0.560547154, 0.473393497, 0.533746931, 0.296907188, 0.384512235, 0.371169494, 0.426062107, 0.269258694, 0.778737388, 0.275881973, 0.443630396, 0.448694107, 0.576014358;0.319275288, 0.85501849, 0.544763822, 0.615030323, 0.481864542, 0.46175789, 0.425565508, 0.61290152, 0.541826891, 0.659709766, 0.693789906, 0.544036911, 0.528979083, 0.718612636, 0.536845809, 0.451490601, 0.560530011;0.306168266, 0.553120711, 0.524021544, 0.552540536, 0.411637614, 0.190899831, 0.361208951, 0.314542188, 0.3307177, 0.364656339, 0.316545565, 0.293741244, 0.21632626, 0.85355225, 0.273524257, 0.274422644, 0.367204545;0.189050507, 0.57795364, 0.486227988, 0.363629009, 0.387150354, 0.490862999, 0.579058741, 0.494836641, 0.40399021, 0.388766779, 0.210033798, 0.204672933, 0.394841875, 0.533242392, 0.536844825, 0.589154632, 0.340040452];
kernel_data_test = [0.1891293, 0.9373993, 0.0103034, 0.4126197, 0.9267478, 0.3844182, 0.0931093, 0.3028949, 0.4980104, 0.1851517, 0.4665617, 0.8363432, 0.872618, 0.0492607, 0.1609034, 0.2752901, 0.5948659;0.3609948, 0.8440409, 0.7166719, 0.100456, 0.6245575, 0.1130126, 0.2550357, 0.1778706, 0.1730619, 0.6163955, 0.5636049, 0.1760282, 0.9901728, 0.4218367, 0.0970693, 0.120569, 0.5838937;0.9790694, 0.5719511, 0.9490415, 0.4441329, 0.4358411, 0.5000074, 0.6974255, 0.367616, 0.863886, 0.0292814, 0.4397642, 0.5109918, 0.6070322, 0.2760719, 0.42748, 0.4845378, 0.68691;0.7735442, 0.7378273, 0.3415831, 0.9994505, 0.8486653, 0.2600234, 0.1951058, 0.3140213, 0.4523449, 0.8507994, 0.7783623, 0.8512461, 0.2719571, 0.5934612, 0.2832491, 0.1090232, 0.6841977;0.1429976, 0.6676978, 0.6479643, 0.8102484, 0.1395546, 0.7834801, 0.9992765, 0.8510424, 0.7518121, 0.6621654, 0.4217815, 0.7305002, 0.724178, 0.6314983, 0.7962784, 0.4487639, 0.1212527;0.5590677, 0.2650435, 0.3844331, 0.0174149, 0.3827906, 0.8088011, 0.5427224, 0.0098005, 0.4698438, 0.2914516, 0.4775507, 0.4046927, 0.9319792, 0.0411773, 0.683588, 0.8510266, 0.9592386;0.1776362, 0.5313048, 0.0435896, 0.4991835, 0.1254581, 0.8378967, 0.11387, 0.5132884, 0.5210961, 0.9716505, 0.6549807, 0.2878403, 0.2407993, 0.1282482, 0.7565147, 0.6907567, 0.6098771;0.0408404, 0.7628289, 0.6418876, 0.9638889, 0.5872021, 0.3039519, 0.3815206, 0.1758407, 0.7229142, 0.7077217, 0.20065, 0.1584893, 0.0770049, 0.9119757, 0.2330698, 0.3441635, 0.2805045;0.4136246, 0.7140488, 0.8705956, 0.1825987, 0.6864123, 0.3525621, 0.9805272, 0.2989192, 0.007193, 0.51564, 0.1507311, 0.0444944, 0.6982692, 0.7322593, 0.460699, 0.6768855, 0.5382394;0.6298011, 0.596704, 0.6658228, 0.1996306, 0.2687066, 0.4399631, 0.446128, 0.7744117, 0.3673937, 0.1625052, 0.251466, 0.2147335, 0.73166, 0.4703396, 0.7086307, 0.4162197, 0.8897356;0.9835203, 0.6698425, 0.8638126, 0.5079333, 0.9346208, 0.8315865, 0.9917786, 0.6230937, 0.7792067, 0.5428681, 0.2591201, 0.3547552, 0.8940054, 0.0559479, 0.5914799, 0.372484, 0.3866925];
