kernel_arg1_degree = 3;
kernel_arg0_size = 10;
init_random = 42;
name = 'SparsePoly';
data_type = 'double';
km_train = [1, 0.304893128, 0.401045361, 0.384547099, 0.402680021, 0.448392376, 0.689810617, 0.543660656, 0.417603639, 0.190184037, 0.384154975;0.304893128, 1, 0.616119885, 0.41821244, 0.355967152, 0.477454181, 0.363849027, 0.320934013, 0.512269673, 0.309796668, 0.460254082;0.401045361, 0.616119885, 1, 0.506639657, 0.321185525, 0.508314279, 0.503368561, 0.534079708, 0.609775537, 0.563393767, 0.562631311;0.384547099, 0.41821244, 0.506639657, 1, 0.350525563, 0.339296993, 0.673067061, 0.116416157, 0.611666264, 0.33990853, 0.565702474;0.402680021, 0.355967152, 0.321185525, 0.350525563, 1, 0.402659065, 0.521309381, 0.242435757, 0.404842307, 0.054290131, 0.11401732;0.448392376, 0.477454181, 0.508314279, 0.339296993, 0.402659065, 1, 0.408862669, 0.396948635, 0.457191583, 0.234202142, 0.445195975;0.689810617, 0.363849027, 0.503368561, 0.673067061, 0.521309381, 0.408862669, 1, 0.400705206, 0.770480561, 0.225556538, 0.391542708;0.543660656, 0.320934013, 0.534079708, 0.116416157, 0.242435757, 0.396948635, 0.400705206, 1, 0.351411378, 0.312329876, 0.312679875;0.417603639, 0.512269673, 0.609775537, 0.611666264, 0.404842307, 0.457191583, 0.770480561, 0.351411378, 1, 0.364906339, 0.38974645;0.190184037, 0.309796668, 0.563393767, 0.33990853, 0.054290131, 0.234202142, 0.225556538, 0.312329876, 0.364906339, 1, 0.683418148;0.384154975, 0.460254082, 0.562631311, 0.565702474, 0.11401732, 0.445195975, 0.391542708, 0.312679875, 0.38974645, 0.683418148, 1];
data_train = [0.633085126, 0.899023983, 0.623743726, 0.134024894, 0.115760046, 0.844185896, 0.139302339, 0.520231961, 0.03711332, 0.0806697674, 0.672348268;0.68918141, 0.341469407, 0.215609765, 0.813710271, 0.217103229, 0.54202707, 0.968208841, 0.147852438, 0.940876267, 0.182893053, 0.567443208;0.377007712, 0.964928602, 0.273542029, 0.399658002, 0.982860118, 0.536470391, 0.502630116, 0.257778488, 0.70136356, 0.0143729518, 0.0495126297;0.599358587, 0.341674574, 0.953316372, 0.903190691, 0.713706259, 0.818145581, 0.66733185, 0.125582103, 0.76554337, 0.210191969, 0.323442855;0.819234212, 0.536525608, 0.859940714, 0.21303532, 0.607778439, 0.0837909725, 0.643060994, 0.762534038, 0.584930894, 0.266231501, 0.0313426689;0.119448884, 0.622302979, 0.934420217, 0.206534404, 0.735026149, 0.866451063, 0.520882178, 0.669265796, 0.815015317, 0.260675158, 0.296895674;0.000627516628, 0.963094131, 0.917544895, 0.764568264, 0.079076021, 0.44750289, 0.101891754, 0.0159202673, 0.616182965, 0.960829417, 0.902868023;0.696754815, 0.0966405842, 0.274164038, 0.320056727, 0.763150058, 0.802249179, 0.385106123, 0.417883997, 0.0445090393, 0.289136718, 0.451285177;0.116983046, 0.453267461, 0.853175812, 0.58132102, 0.078929855, 0.191671319, 0.47454435, 0.36148715, 0.35872702, 0.529267448, 0.584395922;0.79686157, 0.340966563, 0.805466283, 0.338611229, 0.0554329889, 0.554187651, 0.587902325, 0.934540246, 0.726061326, 0.917772652, 0.90834721;0.60457411, 0.527762065, 0.557440967, 0.978330808, 0.773167692, 0.106265905, 0.778428407, 0.170538049, 0.447350549, 0.210459672, 0.689583066];
feature_class = 'simple';
data_test = [0.877309736, 0.290361885, 0.0820107412, 0.298493098, 0.672361858, 0.328760128, 0.278112168, 0.184435191, 0.497516427, 0.275948828, 0.731010349, 0.076622402, 0.664033033, 0.237560015, 0.489279261, 0.286089922, 0.722768676;0.94530704, 0.917076779, 0.583426215, 0.462610303, 0.818300509, 0.683326363, 0.183564114, 0.820919214, 0.428884389, 0.18898566, 0.28179735, 0.26752703, 0.519206975, 0.234370091, 0.123566487, 0.123690851, 0.583276197;0.734759289, 0.321533009, 0.0346507098, 0.127224887, 0.91469456, 0.49354366, 0.45357281, 0.0380491783, 0.728637022, 0.528068081, 0.202080936, 0.11007376, 0.383387864, 0.837161964, 0.865294559, 0.60284638, 0.727536427;0.115155787, 0.588126065, 0.666965703, 0.200712843, 0.880154733, 0.194996738, 0.31347736, 0.620556847, 0.638350065, 0.699384741, 0.112011713, 0.84946443, 0.532847132, 0.471321794, 0.981097625, 0.740378297, 0.118006027;0.756539167, 0.095248934, 0.0274705625, 0.403625895, 0.993578173, 0.174883936, 0.672644344, 0.173396066, 0.724786975, 0.505353668, 0.67997171, 0.202873176, 0.745628333, 0.99561906, 0.665650501, 0.493479998, 0.923173989;0.0158518422, 0.729923519, 0.888746517, 0.0616745836, 0.45006417, 0.204719454, 0.566518166, 0.649542959, 0.302623183, 0.45998167, 0.279339485, 0.369391164, 0.159539957, 0.885559444, 0.0100104106, 0.882409186, 0.571678878;0.331657844, 0.723057125, 0.507752152, 0.499108658, 0.110142283, 0.389516026, 0.241064346, 0.0156959056, 0.360099631, 0.0898221294, 0.256830038, 0.0925166212, 0.100941626, 0.199011294, 0.999849244, 0.00218414286, 0.638672636;0.141243698, 0.920628137, 0.0936328933, 0.955063187, 0.610926387, 0.00126807692, 0.894007198, 0.521711801, 0.262669735, 0.767279178, 0.926665554, 0.483690823, 0.315553474, 0.788945124, 0.681785498, 0.888752484, 0.692514013;0.243528339, 0.93165925, 0.104835747, 0.26794275, 0.520194608, 0.565742026, 0.0153105866, 0.780572726, 0.361607318, 0.406418541, 0.809369544, 0.379283392, 0.0472248765, 0.17643977, 0.955903172, 0.0704053624, 0.354931201;0.503179167, 0.493280827, 0.00395994301, 0.501162731, 0.383772458, 0.972079335, 0.159159084, 0.354154197, 0.419481485, 0.390693537, 0.665830828, 0.215512858, 0.221071553, 0.729210949, 0.500290519, 0.415155676, 0.169203052;0.187527223, 0.0105516368, 0.0914262689, 0.556838695, 0.89187313, 0.287164765, 0.327747226, 0.115605611, 0.388630946, 0.0372217046, 0.917600696, 0.673111348, 0.990748809, 0.882823163, 0.472990594, 0.519685031, 0.190576047];
km_test = [0.562596928, 0.28509901, 0.0843321965, 0.616647383, 0.767976287, 0.399028031, 0.512888863, 0.332724439, 0.675642101, 0.537365007, 0.602273088, 0.432304546, 0.726950251, 0.612442072, 0.377122405, 0.506365101, 0.467495922;0.528642995, 0.332467487, 0.223382307, 0.277147706, 0.527032899, 0.430832976, 0.347862449, 0.163775501, 0.716679507, 0.325230622, 0.361308795, 0.197773314, 0.410228167, 0.43854295, 0.573208618, 0.302917996, 0.680256047;0.274257861, 0.482572961, 0.361010763, 0.362748134, 0.517471403, 0.432819458, 0.378109249, 0.408889058, 0.672820773, 0.515447327, 0.480497737, 0.485579015, 0.367697822, 0.520296348, 0.631524823, 0.436043742, 0.471779633;0.254001658, 0.464252099, 0.335139318, 0.460205495, 0.564527103, 0.42179938, 0.227264588, 0.395800554, 0.538581262, 0.291848358, 0.354288168, 0.660096205, 0.474621528, 0.338183224, 0.563334908, 0.277960814, 0.276518914;0.169507685, 0.224339942, 0.192644582, 0.298038078, 0.680622238, 0.108843552, 0.726032294, 0.2154048, 0.566227738, 0.592964774, 0.300961643, 0.530452094, 0.490823038, 0.776529598, 0.360201504, 0.827126187, 0.429022224;0.311438354, 0.625631946, 0.43820908, 0.388189007, 0.479563381, 0.323122566, 0.508244711, 0.483496901, 0.529044732, 0.654433495, 0.325589957, 0.397859211, 0.290414892, 0.425191492, 0.389391774, 0.622553575, 0.500700561;0.434314275, 0.455073385, 0.287674308, 0.45915354, 0.821943014, 0.523967695, 0.412297333, 0.589061864, 0.693733865, 0.490526858, 0.469364044, 0.622457562, 0.616270272, 0.637761528, 0.382162403, 0.504083481, 0.420680485;0.341658677, 0.273563488, 0.0773902411, 0.328027752, 0.414586095, 0.404630793, 0.435140293, 0.294669613, 0.474846941, 0.499581376, 0.54011814, 0.190508942, 0.279827268, 0.613860174, 0.24760999, 0.46024443, 0.44953131;0.39833232, 0.486406792, 0.499484476, 0.276003693, 0.578853677, 0.600430757, 0.311312463, 0.457985981, 0.680754776, 0.413962326, 0.227919018, 0.402547336, 0.352494105, 0.523116291, 0.395484328, 0.396454914, 0.420608317;0.146086435, 0.426532753, 0.135131933, 0.409233925, 0.138383199, 0.508965767, 0.13368419, 0.195640678, 0.264271994, 0.197210956, 0.320508965, 0.161572757, 0.0803417713, 0.215601066, 0.431304327, 0.11427019, 0.221267534;0.305735019, 0.518004004, 0.189623263, 0.595936038, 0.317252782, 0.615876244, 0.185761386, 0.324453075, 0.376465684, 0.224807294, 0.556170011, 0.319122772, 0.295430103, 0.266535449, 0.443270168, 0.192467064, 0.311158151];
accuracy = 1e-08;
kernel_arg2_inhomogene = 'False';
data_class = 'rand';
feature_type = 'Real';
