accuracy = 1e-08;
init_random = 42;
kernel_arg0_scale = 1.0;
name = 'SparseLinear';
data_type = 'double';
km_train = [3.53147703, 2.32687809, 3.56707478, 2.8698022, 1.85497273, 2.77479927, 3.46564951, 3.01976341, 2.64430966, 2.39514466, 1.75791389;2.32687809, 4.10394448, 4.0025598, 3.76708283, 2.68648601, 3.02005205, 2.58338884, 2.75645285, 3.3832193, 2.87223039, 2.43340076;3.56707478, 4.0025598, 4.94015573, 4.08979188, 2.87798178, 3.74503687, 3.79851874, 3.65026347, 3.89007791, 3.26027096, 2.83528939;2.8698022, 3.76708283, 4.08979188, 4.46959516, 2.48319692, 3.66311243, 2.97473789, 3.32276032, 3.12904155, 2.4633079, 2.63794119;1.85497273, 2.68648601, 2.87798178, 2.48319692, 2.48636967, 2.16322363, 1.92000965, 2.05909908, 2.58977344, 2.4393942, 1.82337387;2.77479927, 3.02005205, 3.74503687, 3.66311243, 2.16322363, 3.87154372, 2.63327496, 2.99226782, 2.84288177, 2.17337717, 2.24936662;3.46564951, 2.58338884, 3.79851874, 2.97473789, 1.92000965, 2.63327496, 3.80137156, 3.40594311, 2.78350603, 2.63187181, 2.11764064;3.01976341, 2.75645285, 3.65026347, 3.32276032, 2.05909908, 2.99226782, 3.40594311, 3.85366391, 2.71672716, 2.24961729, 2.25128347;2.64430966, 3.3832193, 3.89007791, 3.12904155, 2.58977344, 2.84288177, 2.78350603, 2.71672716, 3.4041358, 3.01250614, 2.49166543;2.39514466, 2.87223039, 3.26027096, 2.4633079, 2.4393942, 2.17337717, 2.63187181, 2.24961729, 3.01250614, 3.59513687, 2.46217516;1.75791389, 2.43340076, 2.83528939, 2.63794119, 1.82337387, 2.24936662, 2.11764064, 2.25128347, 2.49166543, 2.46217516, 2.83616241];
data_train = [0.0965872303, 0.803407827, 0.866126059, 0.583761421, 0.366000548, 0.652629636, 0.305664073, 0.238385692, 0.48814521, 0.216153828, 0.483703608;0.956606505, 0.839784036, 0.94163092, 0.806328975, 0.354750936, 0.812045239, 0.922915744, 0.947035788, 0.683197851, 0.211366644, 0.0397291534;0.147200228, 0.965546918, 0.462096824, 0.854986015, 0.465044154, 0.660817583, 0.0241407771, 0.249864943, 0.43626928, 0.630631047, 0.171521188;0.764551464, 0.364404706, 0.817435269, 0.0979690904, 0.679756588, 0.293328333, 0.795383174, 0.402170427, 0.665349632, 0.934305269, 0.020626632;0.0111167823, 0.770279252, 0.646393052, 0.292979721, 0.494396703, 0.0419356656, 0.192445605, 0.424496375, 0.834044416, 0.479667183, 0.586362505;0.873753792, 0.308818914, 0.700699321, 0.861667259, 0.202615701, 0.356478165, 0.979810174, 0.983218565, 0.22322993, 0.0664458389, 0.270921611;0.397731957, 0.441005601, 0.618806307, 0.89950276, 0.330348012, 0.849984535, 0.0934789209, 0.041874699, 0.504045183, 0.0596622233, 0.392489801;0.896778117, 0.241483036, 0.705975775, 0.302365392, 0.0449200552, 0.556690581, 0.834853491, 0.409468448, 0.617293826, 0.900023598, 0.789694513;0.193876399, 0.733383959, 0.501893025, 0.745966808, 0.494515551, 0.127958164, 0.569909447, 0.492133992, 0.517921734, 0.878902454, 0.894837047;0.453537107, 0.455732041, 0.515186959, 0.519589278, 0.950387144, 0.649400467, 0.277456995, 0.531536797, 0.627223583, 0.639771721, 0.585254226;0.177736155, 0.0335931891, 0.337843052, 0.427522155, 0.0618042396, 0.814967338, 0.344077438, 0.913632746, 0.154410108, 0.0569349569, 0.482316104];
feature_class = 'simple';
data_test = [0.189129337, 0.937399276, 0.0103033985, 0.412619675, 0.926747771, 0.384418207, 0.0931092806, 0.302894943, 0.498010394, 0.185151687, 0.466561705, 0.836343196, 0.87261797, 0.0492607347, 0.160903358, 0.275290136, 0.594865851;0.360994759, 0.844040913, 0.716671868, 0.100456023, 0.624557503, 0.113012625, 0.25503567, 0.177870634, 0.173061949, 0.616395525, 0.563604923, 0.176028153, 0.990172805, 0.421836732, 0.0970693282, 0.120569017, 0.583893714;0.979069403, 0.571951102, 0.949041477, 0.444132851, 0.435841104, 0.500007359, 0.697425458, 0.367615966, 0.863886033, 0.0292813848, 0.439764195, 0.51099185, 0.607032238, 0.276071912, 0.427479971, 0.48453775, 0.686909979;0.773544185, 0.737827327, 0.341583052, 0.999450523, 0.848665312, 0.260023373, 0.195105806, 0.314021251, 0.452344853, 0.850799378, 0.778362264, 0.851246124, 0.271957115, 0.593461222, 0.283249062, 0.109023161, 0.684197743;0.142997551, 0.667697762, 0.647964305, 0.810248444, 0.139554605, 0.783480149, 0.999276526, 0.851042449, 0.751812076, 0.662165355, 0.421781485, 0.730500168, 0.724178035, 0.631498283, 0.796278378, 0.448763888, 0.121252712;0.559067728, 0.265043529, 0.384433097, 0.0174149039, 0.382790588, 0.808801106, 0.542722367, 0.00980052693, 0.46984382, 0.291451648, 0.477550655, 0.404692721, 0.93197922, 0.041177299, 0.683588011, 0.851026596, 0.959238585;0.177636227, 0.531304802, 0.0435895773, 0.499183524, 0.12545809, 0.837896675, 0.113870003, 0.51328836, 0.521096069, 0.971650498, 0.654980694, 0.287840293, 0.24079931, 0.128248206, 0.756514724, 0.690756656, 0.609877127;0.0408404429, 0.762828866, 0.641887577, 0.963888868, 0.58720213, 0.303951907, 0.381520552, 0.175840705, 0.722914182, 0.70772166, 0.200650015, 0.158489323, 0.0770049332, 0.911975744, 0.233069834, 0.344163527, 0.280504508;0.413624603, 0.714048799, 0.870595634, 0.18259875, 0.686412344, 0.352562142, 0.980527168, 0.298919159, 0.00719295601, 0.515639974, 0.150731084, 0.0444944268, 0.698269232, 0.732259283, 0.460699013, 0.676885517, 0.538239448;0.629801108, 0.596703973, 0.665822764, 0.199630649, 0.26870662, 0.43996315, 0.446128009, 0.774411712, 0.367393659, 0.162505156, 0.25146597, 0.214733502, 0.731660019, 0.470339615, 0.708630698, 0.416219681, 0.889735603;0.983520308, 0.669842509, 0.863812557, 0.507933267, 0.93462084, 0.831586486, 0.991778572, 0.623093735, 0.77920674, 0.54286814, 0.259120104, 0.354755171, 0.894005415, 0.0559479466, 0.591479886, 0.372484033, 0.386692538];
km_test = [2.23712197, 3.20878453, 2.64778995, 2.26883747, 2.73354032, 2.15457554, 1.94624664, 1.39339603, 2.26760891, 2.81562511, 2.29576664, 1.76261384, 2.9420808, 2.1797348, 2.01976002, 2.01476242, 3.15044416;2.67673157, 4.11583339, 3.41394371, 2.53325615, 3.07922748, 2.7644774, 3.06888177, 2.38257334, 2.8718632, 2.67462095, 2.59991704, 2.61862235, 4.0638142, 2.40583538, 2.62181349, 2.52483305, 3.4203664;3.07574274, 4.85082016, 3.64167989, 3.36560719, 3.93522064, 3.37377331, 3.22560122, 2.61464055, 3.46740077, 3.70884377, 3.22124455, 3.12067457, 4.54493378, 2.84154148, 3.08234347, 2.90179373, 4.1268476;3.06638461, 4.05072127, 3.54784596, 2.24946177, 3.21273273, 3.387685, 3.24084982, 2.3297131, 3.05500438, 2.9477918, 2.71782812, 2.3164455, 4.39181742, 2.08922454, 3.10345003, 3.15349967, 3.99699436;2.28679107, 2.96523693, 2.48972729, 1.99631203, 2.20728087, 2.0756219, 2.2104444, 2.08089699, 2.02528457, 2.06057123, 1.96452289, 1.97819146, 2.86359491, 1.91593376, 2.21508164, 1.83423898, 2.81342547;2.93293657, 3.91506603, 3.12239607, 2.50554735, 3.24879291, 2.96046334, 2.55396742, 2.2994679, 3.08802109, 2.85575519, 2.53119562, 2.21817497, 3.75768933, 1.83380317, 2.6004286, 2.39112593, 3.50037337;2.40475628, 3.54385524, 2.97861954, 2.38308652, 3.23642667, 2.32515209, 2.51292801, 1.48316566, 2.32401019, 2.92330954, 2.31513419, 2.01082812, 3.45942499, 2.38537123, 2.12539068, 2.19534798, 3.22255612;3.014139, 3.62164382, 3.5449416, 2.14311472, 3.27844723, 2.88266202, 3.26105024, 2.05121103, 2.69005287, 2.71161714, 2.27064388, 2.08119977, 4.22150149, 2.06772982, 2.63204345, 2.43648447, 3.36769137;2.40069962, 3.9769368, 3.1823219, 2.95329457, 2.92980682, 2.68693769, 2.84206732, 2.4547099, 2.8345064, 3.08713119, 2.51073321, 2.47286176, 3.48778171, 2.67393477, 2.6361432, 2.29471954, 3.13656282;2.43289705, 3.53468819, 3.22833567, 2.92853378, 2.85686658, 2.05703784, 2.76536622, 2.01968593, 2.47095031, 2.60367217, 1.98635837, 2.06934541, 2.66048311, 2.91015976, 2.16374147, 1.99759589, 2.79948413;1.84008319, 3.18578618, 2.79672728, 2.26250493, 2.48610419, 2.50304328, 2.87462939, 2.08634441, 2.34608083, 2.36244985, 1.53880317, 1.62944346, 2.88783895, 2.20964676, 2.40619513, 2.28885663, 2.42359476];
data_class = 'rand';
feature_type = 'Real';
