kernel_arg0_size = 10;
init_random = 42;
kernel_feature_type = 'Real';
kernel_accuracy = 1e-08;
kernel_data_train = [0.5838937, 0.9790694, 0.5719511, 0.9490415, 0.4441329, 0.4358411, 0.5000074, 0.6974255, 0.367616, 0.863886, 0.0292814;0.4397642, 0.5109918, 0.6070322, 0.2760719, 0.42748, 0.4845378, 0.68691, 0.7735442, 0.7378273, 0.3415831, 0.9994505;0.8486653, 0.2600234, 0.1951058, 0.3140213, 0.4523449, 0.8507994, 0.7783623, 0.8512461, 0.2719571, 0.5934612, 0.2832491;0.1090232, 0.6841977, 0.1429976, 0.6676978, 0.6479643, 0.8102484, 0.1395546, 0.7834801, 0.9992765, 0.8510424, 0.7518121;0.6621654, 0.4217815, 0.7305002, 0.724178, 0.6314983, 0.7962784, 0.4487639, 0.1212527, 0.5590677, 0.2650435, 0.3844331;0.0174149, 0.3827906, 0.8088011, 0.5427224, 0.0098005, 0.4698438, 0.2914516, 0.4775507, 0.4046927, 0.9319792, 0.0411773;0.683588, 0.8510266, 0.9592386, 0.1776362, 0.5313048, 0.0435896, 0.4991835, 0.1254581, 0.8378967, 0.11387, 0.5132884;0.5210961, 0.9716505, 0.6549807, 0.2878403, 0.2407993, 0.1282482, 0.7565147, 0.6907567, 0.6098771, 0.0408404, 0.7628289;0.6418876, 0.9638889, 0.5872021, 0.3039519, 0.3815206, 0.1758407, 0.7229142, 0.7077217, 0.20065, 0.1584893, 0.0770049;0.9119757, 0.2330698, 0.3441635, 0.2805045, 0.4136246, 0.7140488, 0.8705956, 0.1825987, 0.6864123, 0.3525621, 0.9805272;0.2989192, 0.007193, 0.51564, 0.1507311, 0.0444944, 0.6982692, 0.7322593, 0.460699, 0.6768855, 0.5382394, 0.6298011];
kernel_matrix_train = [1, 0.325018728, 0.400951612, 0.330297466, 0.57159794, 0.363982013, 0.753955559, 0.310860236, 0.338499525, 0.186263687, 0.31717219;0.325018728, 1, 0.472751327, 0.400464803, 0.407996533, 0.127472184, 0.309248742, 0.417194908, 0.32481152, 0.185725663, 0.156364155;0.400951612, 0.472751327, 1, 0.395912156, 0.380708854, 0.232078634, 0.47565268, 0.289855471, 0.465474199, 0.254897597, 0.240195848;0.330297466, 0.400464803, 0.395912156, 1, 0.642411846, 0.501457156, 0.27593261, 0.435195602, 0.367614748, 0.651980199, 0.186642457;0.57159794, 0.407996533, 0.380708854, 0.642411846, 1, 0.482835979, 0.387128038, 0.404012831, 0.506444424, 0.359130253, 0.383301383;0.363982013, 0.127472184, 0.232078634, 0.501457156, 0.482835979, 1, 0.394791565, 0.401039665, 0.448051371, 0.576445054, 0.343189693;0.753955559, 0.309248742, 0.47565268, 0.27593261, 0.387128038, 0.394791565, 1, 0.465569865, 0.417068697, 0.22692583, 0.427149309;0.310860236, 0.417194908, 0.289855471, 0.435195602, 0.404012831, 0.401039665, 0.465569865, 1, 0.354917088, 0.473317787, 0.258561765;0.338499525, 0.32481152, 0.465474199, 0.367614748, 0.506444424, 0.448051371, 0.417068697, 0.354917088, 1, 0.332169555, 0.686401529;0.186263687, 0.185725663, 0.254897597, 0.651980199, 0.359130253, 0.576445054, 0.22692583, 0.473317787, 0.332169555, 1, 0.15831558;0.31717219, 0.156364155, 0.240195848, 0.186642457, 0.383301383, 0.343189693, 0.427149309, 0.258561765, 0.686401529, 0.15831558, 1];
kernel_name = 'SparseGaussian';
kernel_arg1_width = 1.7;
kernel_feature_class = 'simple';
kernel_matrix_test = [0.278704316, 0.354598291, 0.40783398, 0.315768902, 0.250658569, 0.168691834, 0.234792353, 0.292876591, 0.505786486, 0.595007135, 0.245823829, 0.415930159, 0.21320454, 0.81081782, 0.320042957, 0.422921602, 0.338142248;0.34655687, 0.426842328, 0.193428064, 0.157643032, 0.376492719, 0.312662787, 0.485906385, 0.22798387, 0.29312954, 0.173990326, 0.336877032, 0.221851118, 0.146428802, 0.22009107, 0.46557514, 0.252393986, 0.310759861;0.324657046, 0.52725278, 0.289685846, 0.390046333, 0.427493319, 0.532474507, 0.375483925, 0.390457147, 0.450118202, 0.275273824, 0.579656434, 0.211298598, 0.438722769, 0.27160725, 0.574908011, 0.299057917, 0.29333345;0.297388691, 0.351713025, 0.539713708, 0.244242283, 0.518055495, 0.271878916, 0.230652416, 0.449922678, 0.278352829, 0.449854623, 0.452976595, 0.374577138, 0.411119966, 0.354278565, 0.49371571, 0.459647089, 0.434092324;0.280215344, 0.324122695, 0.705531294, 0.245382209, 0.403233486, 0.283221463, 0.253688957, 0.602988033, 0.521307987, 0.591485963, 0.395517246, 0.476417682, 0.320747302, 0.581797923, 0.449183478, 0.415992406, 0.386740113;0.383327193, 0.307851382, 0.654180753, 0.323082375, 0.409154286, 0.22574858, 0.13927305, 0.54464583, 0.311712828, 0.546631986, 0.431743332, 0.451445528, 0.276467558, 0.510315243, 0.438629609, 0.257044559, 0.231973284;0.518450933, 0.402604029, 0.349623588, 0.468582115, 0.398396662, 0.273986069, 0.397608029, 0.291805608, 0.627627172, 0.473827145, 0.347801591, 0.475054666, 0.246785173, 0.601262104, 0.427262981, 0.400514236, 0.382139604;0.793472126, 0.336680948, 0.293011205, 0.297319335, 0.682830153, 0.378787271, 0.423825338, 0.354344348, 0.388392291, 0.296958873, 0.403931301, 0.462364685, 0.193068315, 0.340683301, 0.541490748, 0.250389899, 0.515931938;0.410885161, 0.471682614, 0.453136254, 0.236086295, 0.430509064, 0.629594603, 0.339730808, 0.695921406, 0.51587795, 0.30239176, 0.628681299, 0.386813727, 0.238774947, 0.33414913, 0.559073449, 0.252903255, 0.18569293;0.368498106, 0.256277061, 0.347356566, 0.263437036, 0.412531118, 0.302081712, 0.152427345, 0.386444405, 0.237403608, 0.353537179, 0.456467166, 0.378919949, 0.353289723, 0.279382979, 0.410087182, 0.278555881, 0.269255685;0.251763422, 0.242461287, 0.408683353, 0.201587093, 0.339316064, 0.340752314, 0.223993974, 0.41878128, 0.537125829, 0.330884872, 0.306882823, 0.425232427, 0.136323455, 0.290661734, 0.259549086, 0.276723883, 0.181336395];
kernel_data_test = [0.596704, 0.6658228, 0.1996306, 0.2687066, 0.4399631, 0.446128, 0.7744117, 0.3673937, 0.1625052, 0.251466, 0.2147335, 0.73166, 0.4703396, 0.7086307, 0.4162197, 0.8897356, 0.9835203;0.6698425, 0.8638126, 0.5079333, 0.9346208, 0.8315865, 0.9917786, 0.6230937, 0.7792067, 0.5428681, 0.2591201, 0.3547552, 0.8940054, 0.0559479, 0.5914799, 0.372484, 0.3866925, 0.8845712;0.8538224, 0.5988424, 0.2729188, 0.4754563, 0.4082934, 0.353618, 0.1027856, 0.5431139, 0.3018313, 0.6608079, 0.3192039, 0.4311635, 0.0523604, 0.9925381, 0.5076104, 0.0242376, 0.5412307;0.870354, 0.7725521, 0.7009067, 0.1394647, 0.6577371, 0.7662984, 0.5724191, 0.892749, 0.2769898, 0.2421447, 0.8695697, 0.6253982, 0.0014472, 0.3531314, 0.857856, 0.0273195, 0.0032479;0.2812593, 0.914, 0.9014776, 0.5187619, 0.5532369, 0.332008, 0.2437367, 0.8152219, 0.1062949, 0.4873544, 0.6343973, 0.1036803, 0.5196071, 0.5775213, 0.7424961, 0.234836, 0.2933275;0.5695211, 0.9831264, 0.2174932, 0.9859038, 0.7143425, 0.8260821, 0.0896413, 0.3004202, 0.0577363, 0.371547, 0.9812897, 0.1052731, 0.5623728, 0.0060706, 0.7126828, 0.1971927, 0.1295845;0.3370178, 0.7710443, 0.1066131, 0.229839, 0.0084644, 0.9684149, 0.5921456, 0.7198996, 0.6513832, 0.1443646, 0.5949399, 0.1314156, 0.4012365, 0.5689631, 0.5588811, 0.1190734, 0.034436;0.7982343, 0.7259224, 0.0818189, 0.1274155, 0.8925838, 0.7691289, 0.9961603, 0.2539874, 0.487803, 0.2364596, 0.6228001, 0.1154142, 0.1272432, 0.0718879, 0.6935861, 0.4940726, 0.6177312;0.879301, 0.7403285, 0.4617229, 0.984356, 0.4562561, 0.1124507, 0.9926547, 0.0228207, 0.5498836, 0.3090955, 0.5035522, 0.558713, 0.2400959, 0.5568588, 0.7560611, 0.2665098, 0.3834261;0.2682427, 0.8205597, 0.7249823, 0.8711964, 0.1700499, 0.0735796, 0.1193835, 0.1610183, 0.5330827, 0.9709121, 0.3572354, 0.9585083, 0.0382008, 0.9268722, 0.1811526, 0.912475, 0.0562274;0.9482194, 0.2007983, 0.3027141, 0.4909423, 0.3807209, 0.667528, 0.9748078, 0.6064265, 0.7214854, 0.0880053, 0.6278124, 0.4538498, 0.8857824, 0.3882111, 0.6794541, 0.2281537, 0.2593725];
