accuracy = 1e-10
init_random = 42
name = 'WeightedDegreeString'
data_type = ''
km_train = [1, 0.0433007986, 0.0299911269, 0.0195208518, 0.0436557232, 0.0264418811, 0.0299023957, 0.0379769299, 0.0248447205, 0.0507542147, 0.0194321207;0.0433007986, 1, 0.0281277728, 0.034960071, 0.0352262644, 0.0177462289, 0.0598047915, 0.0229813665, 0.0367346939, 0.0247559894, 0.0247559894;0.0299911269, 0.0281277728, 1, 0.0420585626, 0.0261756877, 0.0469387755, 0.0316770186, 0.0247559894, 0.0229813665, 0.0351375333, 0.0194321207;0.0195208518, 0.034960071, 0.0420585626, 1, 0.028216504, 0.0433895297, 0.0401952085, 0.0384205856, 0.0382431233, 0.0519964508, 0.0209405501;0.0436557232, 0.0352262644, 0.0261756877, 0.028216504, 1, 0.0193433895, 0.0195208518, 0.0430346051, 0.0370008873, 0.0195208518, 0.0397515528;0.0264418811, 0.0177462289, 0.0469387755, 0.0433895297, 0.0193433895, 1, 0.0194321207, 0.0212067436, 0.0246672582, 0.0383318545, 0.043566992;0.0299023957, 0.0598047915, 0.0316770186, 0.0401952085, 0.0195208518, 0.0194321207, 1, 0.0212067436, 0.0317657498, 0.0434782609, 0.0350488021;0.0379769299, 0.0229813665, 0.0247559894, 0.0384205856, 0.0430346051, 0.0212067436, 0.0212067436, 1, 0.0555456965, 0.0264418811, 0.0483584738;0.0248447205, 0.0367346939, 0.0229813665, 0.0382431233, 0.0370008873, 0.0246672582, 0.0317657498, 0.0555456965, 1, 0.0297249335, 0.015971606;0.0507542147, 0.0247559894, 0.0351375333, 0.0519964508, 0.0195208518, 0.0383318545, 0.0434782609, 0.0264418811, 0.0297249335, 1, 0.0247559894;0.0194321207, 0.0247559894, 0.0194321207, 0.0209405501, 0.0397515528, 0.043566992, 0.0350488021, 0.0483584738, 0.015971606, 0.0247559894, 1]
data_train = ['AAACGCTTCGGTTACCTTGCTGCTATCTCGCCGCTATGAGGTGGTGAAGATTAAATAACA', 'TTTCATGGTATATTGGCGACGGCTAACAACCCATCCTATTTTTGGACGCTATAGTTCGGA', 'TTAGTATGGCGACAGAAATCCATGTTACCGTCCAAGATTGGGTGCTTGCACAGCAATCAA', 'ATAAAATACCTATCTCGACCCTAAAAAGTCAGTCATATCCTAACACGGGTAAGGCATAGG', 'AATAATCGCGCACATTTGCTGTTGAGCAGTTTCCTTGGTAGTCCAACCACGTTATGGACA', 'GTAGACGCGCGCAGGCTGTACCACCTGTCAAGTCCGACCTGGGCGCATAGCACATCTGTG', 'TAGCTGAATACGTGCACTACGAGCACCGCGAGGCAATATTTATCCTGCTTAATTGGCCAG', 'TCGACTCGCCACCTTAGAATCACACCTAGACGTAGACGACTAGAAACAGATCGAACAGAT', 'CCGGGATAAGAGCTTCCGAAGCGAACGTGACTCTATTAGTGACATACACGGTGGAGTAAT', 'CCGCTCATCCGCTGTGTATACGTTACCCCTACGTTATTCCCAATTGGGGCCTCTCATTTA', 'GTGTTTCCAATCAAAGTCTGATGGGCTAGCAGGAGAGAATACGCCGTGTAGCAATGGGTG']
feature_class = 'string'
seqlen = 60
data_test = ['TGTAGGACTACGACAGCTCCTGTGAAAAGAAACATCCCTTGCCCGACCTTAAAGAACTTA', 'ACTACGAGCCGAGTGTGACATGAGCAGTAAGCTCCCAAATTGGCATTCAGAACCAGTGGA']
kernel_arg0_degree = 20
km_test = [0.0244897959, 0.0229813665;0.0559006211, 0.0419698314;0.0281277728, 0.0385093168;0.0364685004, 0.0472049689;0.0487133984, 0.0351375333;0.0245785271, 0.0591836735;0.0680567879, 0.02635315;0.0244010648, 0.0402839397;0.0315882875, 0.0279503106;0.0261756877, 0.0262644188;0.0317657498, 0.0226264419]
alphabet = 'DNA'
data_class = 'dna'
feature_type = 'Char'
