accuracy = 1e-07;
init_random = 42;
name = 'WeightedDegreeString';
data_type = '';
km_train = [1, 0.0370008873, 0.0588287489, 0.0211180124, 0.0297249335, 0.0278615794, 0.0229813665, 0.0246672582, 0.0229813665, 0.0327417924, 0.0334516415;0.0370008873, 1, 0.0385980479, 0.015971606, 0.0298136646, 0.0230700976, 0.0244010648, 0.0334516415, 0.0229813665, 0.0246672582, 0.0384205856;0.0588287489, 0.0385980479, 1, 0.0194321207, 0.0299911269, 0.0281277728, 0.0592724046, 0.0212954747, 0.0863354037, 0.0264418811, 0.028216504;0.0211180124, 0.015971606, 0.0194321207, 1, 0.0554569654, 0.050310559, 0.0212067436, 0.0437444543, 0.0228926353, 0.0332741792, 0.0367346939;0.0297249335, 0.0298136646, 0.0299911269, 0.0554569654, 1, 0.0369121562, 0.0316770186, 0.0455190772, 0.0194321207, 0.0401952085, 0.0370896185;0.0278615794, 0.0230700976, 0.0281277728, 0.050310559, 0.0369121562, 1, 0.022715173, 0.0768411713, 0.0299911269, 0.0333629104, 0.0399290151;0.0229813665, 0.0244010648, 0.0592724046, 0.0212067436, 0.0316770186, 0.022715173, 1, 0.0365572316, 0.0316770186, 0.0299023957, 0.0467613132;0.0246672582, 0.0334516415, 0.0212954747, 0.0437444543, 0.0455190772, 0.0768411713, 0.0365572316, 1, 0.0246672582, 0.0542147294, 0.0504880213;0.0229813665, 0.0229813665, 0.0863354037, 0.0228926353, 0.0194321207, 0.0299911269, 0.0316770186, 0.0246672582, 1, 0.0280390417, 0.0567879326;0.0327417924, 0.0246672582, 0.0264418811, 0.0332741792, 0.0401952085, 0.0333629104, 0.0299023957, 0.0542147294, 0.0280390417, 1, 0.0385093168;0.0334516415, 0.0384205856, 0.028216504, 0.0367346939, 0.0370896185, 0.0399290151, 0.0467613132, 0.0504880213, 0.0567879326, 0.0385093168, 1];
data_train = {'TGCCGGCTATGGGCTATATGCTCAGAGAGAATGGATATGAAGATATTCGAGGGTAACGGC', 'CGAAGCAAAACGGACCACCTTAGGGCGTGTAGGAGGACTGATTAGCCAGGTAGTGAACGC', 'TTGAGGCTATTTCTGGTGGCCCGAGGATGCAAGCTGTCCGACCAGAAAGTGGTCCGGTCA', 'GTCTTCGCTAGATCGGCGCCAGCTCGCTTATGAGAACATCCGAGCGGACCCCCGCAGCAT', 'ATCGTGGCTGGAAACGAAAACTGCCCGAGGGACCCGTGGCATGACGGGACCGTGAGACAT', 'GCGTTTACCCTACCCTTATCCTAGCTATATCACAAAGCCTAGTGTGGACGATCGATAAAC', 'GGGGGACTCTACGTCCCCGAACGAAGAATGTACAGGTTCCCACTCATTACGTAACGTTCA', 'GTACTTACGGTAGCACGATTCGGGTCGCCACACAAGCACCCGGAAGATTTTTCTCTACAA', 'TTGGAAATTCCGATGGTGGCTGTCGGACCTCTGTTGGTAGCGTCTAAGATGTGGGCCATG', 'ACACTGTCGATGTCAGCGAAGAGCTGGAGACCTTCAACCCGGTCATCTTCATTACCAACA', 'GGGGAACCGGCACCCCGAAGCATCGTTGGATGGCAGATCGCGCCCGAGTCAAAGGAAGCT'};
feature_class = 'string';
seqlen = 60;
data_test = {'ATAGAACTTATACAGGGGCAACCGTTATTCCATATATATTGTATCACGTGACCCCAATCA', 'TGTGGGTACGTTGAATCATAGGACAGCATCCAATCCTGCTGAGTCGTGAAGCTCCGGCAG'};
kernel_arg0_degree = 20;
km_test = [0.0140195209, 0.0280390417;0.0247559894, 0.0123336291;0.0489795918, 0.0477373558;0.049068323, 0.0314108252;0.0265306122, 0.0440106477;0.041703638, 0.02635315;0.0535936114, 0.0474711624;0.0351375333, 0.0333629104;0.0331854481, 0.0212067436;0.0370896185, 0.0352262644;0.0414374445, 0.0176574978];
alphabet = 'DNA';
data_class = 'dna';
feature_type = 'Char';
