accuracy = 1e-09;
init_random = 42;
name = 'WeightedDegreeString';
data_type = '';
km_train = [1, 0.316666667, 0.216666667, 0.283333333, 0.25, 0.183333333, 0.266666667, 0.3, 0.266666667, 0.216666667, 0.3;0.316666667, 1, 0.266666667, 0.383333333, 0.166666667, 0.383333333, 0.333333333, 0.233333333, 0.366666667, 0.2, 0.2;0.216666667, 0.266666667, 1, 0.2, 0.283333333, 0.283333333, 0.216666667, 0.216666667, 0.283333333, 0.266666667, 0.283333333;0.283333333, 0.383333333, 0.2, 1, 0.25, 0.35, 0.266666667, 0.216666667, 0.266666667, 0.283333333, 0.3;0.25, 0.166666667, 0.283333333, 0.25, 1, 0.233333333, 0.216666667, 0.3, 0.133333333, 0.216666667, 0.333333333;0.183333333, 0.383333333, 0.283333333, 0.35, 0.233333333, 1, 0.266666667, 0.283333333, 0.2, 0.166666667, 0.15;0.266666667, 0.333333333, 0.216666667, 0.266666667, 0.216666667, 0.266666667, 1, 0.183333333, 0.333333333, 0.2, 0.283333333;0.3, 0.233333333, 0.216666667, 0.216666667, 0.3, 0.283333333, 0.183333333, 1, 0.25, 0.216666667, 0.2;0.266666667, 0.366666667, 0.283333333, 0.266666667, 0.133333333, 0.2, 0.333333333, 0.25, 1, 0.183333333, 0.25;0.216666667, 0.2, 0.266666667, 0.283333333, 0.216666667, 0.166666667, 0.2, 0.216666667, 0.183333333, 1, 0.3;0.3, 0.2, 0.283333333, 0.3, 0.333333333, 0.15, 0.283333333, 0.2, 0.25, 0.3, 1];
data_train = {'CAATTGTACTCGGTAGTAACGACTTTCTAAATCATGGCCAATACCCTACCGTAGGAAACT', 'GGACTTCTGGTAATCGTGATTCCGTGCATTTTTAACGCCCGGCGGCTGTGACATGGCTCG', 'AGCTCACTGAGAGAGGATGTCATCTTAAGGAGTTGAATGGGTGTAGGTGGCCAGGCAAGG', 'CTACCTAGAAGAATAACCAGGCGAGATTTCGGGAACGCCCCGGGACTCGAGCCGATACCG', 'CGGTCGGCACCATTTAAAAGTCTAATACGCACCGTGTGGGTCGAGCCTCGCTCTTTTGGC', 'GCCTTAGGGAATGCCACCATGCCATCTGCCTAGTATGGCTTGCGATGTTGCGATGTCCAG', 'TCCATTGGGACTATATGTCGTAATCGGGTCACCCGCGTGAGGACCTCCTGACACAGTTCT', 'AACATGGTTCCCTACTGAGTCCCTTAAAACTAAGCGACCCTAAAAAAACAGGCTCTAGCA', 'CATCCCCGGGGCATATGATTTAAGTGCCTGTTGTGTCCAATTTCAGACGTACTTGGGACA', 'TATCGATTTACACAACAGGCAGGCAGATTAGCCAATCAGGTGGACGGAAAAACGCACCTG', 'TGGACCTCATCGCTAGTGTAGCATAAAGGGAGCGATGATGCTAACGTTGTACTCATAGGG'};
feature_class = 'string';
seqlen = 60;
data_test = {'GCCAGTAACTAAGCATGGGCCGCTAGCCGCGTCATGCGCACGTAAGTGGCGGCATCGTCG', 'CTGTTACTCTACTCGATCAGTACAGATCACGCAGCATTTTGATTAATAAGTGCTCAAATT'};
kernel_arg0_degree = 1;
km_test = [0.333333333, 0.266666667;0.266666667, 0.183333333;0.183333333, 0.233333333;0.283333333, 0.266666667;0.2, 0.283333333;0.233333333, 0.283333333;0.25, 0.166666667;0.283333333, 0.333333333;0.25, 0.166666667;0.3, 0.166666667;0.233333333, 0.133333333];
alphabet = 'DNA';
data_class = 'dna';
feature_type = 'Char';
