accuracy = 1e-08;
init_random = 42;
name = 'WeightedDegreePositionString';
data_type = '';
km_train = [1, 0.075518988, 0.0928291326, 0.0510196553, 0.0690749164, 0.058682012, 0.0576222123, 0.0426880138, 0.0581208157, 0.0620531475, 0.060008635;0.075518988, 1, 0.0627464429, 0.0543737347, 0.056390809, 0.0570570781, 0.0652183926, 0.0617445212, 0.0537071901, 0.0488065647, 0.071597179;0.0928291326, 0.0627464429, 1, 0.0593117171, 0.0573677146, 0.0527625492, 0.0904880912, 0.0593465666, 0.11672049, 0.0596665155, 0.0582103353;0.0510196553, 0.0543737347, 0.0593117171, 1, 0.0934485615, 0.0777372934, 0.0583050816, 0.0782857118, 0.0602721292, 0.0703881565, 0.0740625343;0.0690749164, 0.056390809, 0.0573677146, 0.0934485615, 1, 0.0698974661, 0.0628715207, 0.0687263617, 0.0573783273, 0.0653102391, 0.0738509564;0.058682012, 0.0570570781, 0.0527625492, 0.0777372934, 0.0698974661, 1, 0.0619893239, 0.106787827, 0.0486830362, 0.0680081015, 0.0812557745;0.0576222123, 0.0652183926, 0.0904880912, 0.0583050816, 0.0628715207, 0.0619893239, 1, 0.0659926297, 0.0649378244, 0.0746918752, 0.0915448209;0.0426880138, 0.0617445212, 0.0593465666, 0.0782857118, 0.0687263617, 0.106787827, 0.0659926297, 1, 0.0468634826, 0.10044674, 0.0694623873;0.0581208157, 0.0537071901, 0.11672049, 0.0602721292, 0.0573783273, 0.0486830362, 0.0649378244, 0.0468634826, 1, 0.0544548743, 0.0808882991;0.0620531475, 0.0488065647, 0.0596665155, 0.0703881565, 0.0653102391, 0.0680081015, 0.0746918752, 0.10044674, 0.0544548743, 1, 0.0730470651;0.060008635, 0.071597179, 0.0582103353, 0.0740625343, 0.0738509564, 0.0812557745, 0.0915448209, 0.0694623873, 0.0808882991, 0.0730470651, 1];
data_train = {'TGCCGGCTATGGGCTATATGCTCAGAGAGAATGGATATGAAGATATTCGAGGGTAACGGC', 'CGAAGCAAAACGGACCACCTTAGGGCGTGTAGGAGGACTGATTAGCCAGGTAGTGAACGC', 'TTGAGGCTATTTCTGGTGGCCCGAGGATGCAAGCTGTCCGACCAGAAAGTGGTCCGGTCA', 'GTCTTCGCTAGATCGGCGCCAGCTCGCTTATGAGAACATCCGAGCGGACCCCCGCAGCAT', 'ATCGTGGCTGGAAACGAAAACTGCCCGAGGGACCCGTGGCATGACGGGACCGTGAGACAT', 'GCGTTTACCCTACCCTTATCCTAGCTATATCACAAAGCCTAGTGTGGACGATCGATAAAC', 'GGGGGACTCTACGTCCCCGAACGAAGAATGTACAGGTTCCCACTCATTACGTAACGTTCA', 'GTACTTACGGTAGCACGATTCGGGTCGCCACACAAGCACCCGGAAGATTTTTCTCTACAA', 'TTGGAAATTCCGATGGTGGCTGTCGGACCTCTGTTGGTAGCGTCTAAGATGTGGGCCATG', 'ACACTGTCGATGTCAGCGAAGAGCTGGAGACCTTCAACCCGGTCATCTTCATTACCAACA', 'GGGGAACCGGCACCCCGAAGCATCGTTGGATGGCAGATCGCGCCCGAGTCAAAGGAAGCT'};
feature_class = 'string';
seqlen = 60;
data_test = {'ATAGAACTTATACAGGGGCAACCGTTATTCCATATATATTGTATCACGTGACCCCAATCA', 'TGTGGGTACGTTGAATCATAGGACAGCATCCAATCCTGCTGAGTCGTGAAGCTCCGGCAG'};
kernel_arg0_degree = 20;
km_test = [0.056307437, 0.065923675;0.0511843199, 0.0460008697;0.0892115478, 0.0889734173;0.0780865594, 0.0606262003;0.0457281955, 0.0699654263;0.0649891502, 0.0680671671;0.0775235798, 0.0722677151;0.0576005063, 0.0694316821;0.0744317742, 0.0573115589;0.0738889863, 0.0696241256;0.0699267836, 0.0392153776];
alphabet = 'DNA';
data_class = 'dna';
feature_type = 'Char';
