accuracy = 1e-09;
init_random = 42;
name = 'WeightedDegreeString';
data_type = '';
km_train = [1, 0.0228926353, 0.0384205856, 0.0436557232, 0.0550133097, 0.0262644188, 0.0281277728, 0.0298136646, 0.0309671695, 0.0401952085, 0.0244010648;0.0228926353, 1, 0.0419698314, 0.0331854481, 0.0333629104, 0.0381543922, 0.0211180124, 0.0280390417, 0.0327417924, 0.0212067436, 0.0379769299;0.0384205856, 0.0419698314, 1, 0.0246672582, 0.0366459627, 0.0262644188, 0.0352262644, 0.0351375333, 0.0346938776, 0.0195208518, 0.0332741792;0.0436557232, 0.0331854481, 0.0246672582, 1, 0.034960071, 0.0330967169, 0.0333629104, 0.0399290151, 0.0351375333, 0.0351375333, 0.0246672582;0.0550133097, 0.0333629104, 0.0366459627, 0.034960071, 1, 0.0176574978, 0.0247559894, 0.02635315, 0.056433008, 0.0369121562, 0.0298136646;0.0262644188, 0.0381543922, 0.0262644188, 0.0330967169, 0.0176574978, 1, 0.0158828749, 0.0538598048, 0.0194321207, 0.0385093168, 0.0618456078;0.0281277728, 0.0211180124, 0.0352262644, 0.0333629104, 0.0247559894, 0.0158828749, 1, 0.0468500444, 0.0314995563, 0.0485359361, 0.0657497782;0.0298136646, 0.0280390417, 0.0351375333, 0.0399290151, 0.02635315, 0.0538598048, 0.0468500444, 1, 0.0316770186, 0.0330079858, 0.0352262644;0.0309671695, 0.0327417924, 0.0346938776, 0.0351375333, 0.056433008, 0.0194321207, 0.0314995563, 0.0316770186, 1, 0.0298136646, 0.0330967169;0.0401952085, 0.0212067436, 0.0195208518, 0.0351375333, 0.0369121562, 0.0385093168, 0.0485359361, 0.0330079858, 0.0298136646, 1, 0.0347826087;0.0244010648, 0.0379769299, 0.0332741792, 0.0246672582, 0.0298136646, 0.0618456078, 0.0657497782, 0.0352262644, 0.0330967169, 0.0347826087, 1];
data_train = {'CACTGTTGGGCAGCTTCGAAAGCTCCACGCCGGACCATGGTTGTATCTATGTGTAGGTAG', 'TGCCGAGCCTTGCGAATGCAGGTACAGTGCATCGACAATTCTCGCGTGGCTCTCGCTATT', 'ACCTTAGAGCGGATAATAGGGGATCCCATGGTGGCGTCGTGCCCGCTTCTGCTAGGGCCG', 'TCCCGTCCGGACACCCGAGTTACCTTGTCTGCGTCCGGCACTACCAAAGTATGCAAGTAT', 'TTGGGAATAGTGGCTGACAGCTTCAGCAAGGTTAATATTTGAACCTCGGGGTGTCGGTCT', 'AGCCGCCCAATTTGCTATCTTCTTAGTGTATGCTGAACCGATGTTCGCGTTGTAGTACGG', 'CTTTCACGACGCAAAGAAACGAGACCTACGTGTCCCTGCCGCAGAAATACCGCTTACGTT', 'ACGGAACAACGTCTGTTTTCAGGCATGGGTCGTTCCTCCACCATTTCCGTTCTTTTAAGC', 'TTGGTTAATAGAGCTGCTTTCACTAAGTGAGTTCGGTCTCGCCATATATGAGAGAATAAT', 'CAGGATGGAGAAGGCCACGTGCAGAGTACAGGCACCTAGAAGAGATGATCTTAACCCTTG', 'TTTCCGTGAGGTTTGCGTCTTGTACTCGCGTGTCTCATCTGCTAGGGATGCCCAGCACGG'};
feature_class = 'string';
seqlen = 60;
data_test = {'GTGCAGAAAAATTTAAGTGCACGATCGTGTTCCCACATTCTAGGTCGGACCTGTGCTGCG', 'GCGCTCGTCAGCTTCCCCTTCACCTATGGCGGTCCGACTACCGAGAAGCTACACTTAGGA'};
kernel_arg0_degree = 20;
km_test = [0.0330079858, 0.0176574978;0.0485359361, 0.0229813665;0.0244010648, 0.028216504;0.0246672582, 0.0502218279;0.0364685004, 0.0177462289;0.0367346939, 0.0334516415;0.036823425, 0.036202307;0.0334516415, 0.0522626442;0.0348713398, 0.0618456078;0.0248447205, 0.0246672582;0.0488021295, 0.0385093168];
alphabet = 'DNA';
data_class = 'dna';
feature_type = 'Char';
