kernel_alphabet = 'DNA';
kernel_arg0_size = 10;
init_random = 42;
kernel_feature_type = 'Word';
kernel_gap = 0;
kernel_arg1_use_sign = 'False';
kernel_accuracy = 1e-09;
kernel_data_train = {'CGGCATGAGGTATAGGCCTGCAAATTTAGATCAGCGGGTCCTGATAAAAAACCAGAACCC', 'CGGTGCATACCGTTACTGCGGTGCGTGGTGCGGACGCTCTCACGCAGCGTTCGCTTCAAC', 'GGCGTGAGGTCCGGGAGACGACGGAGACCATATTTCTTACAGGATATAGACGCGTATAAA', 'TATTCGTCACTTAATAGATTCACCCGACTGCGTGAATTGAGTCAGTAGGGGGAAGAGGAG', 'GCCTCGAAATCAGAACCGCCTTTTGGGTGATTTACCGACACGTAGAAGGTCTAAATAAGA', 'AAAGGAATGGCATGACCATTACTAGGGGGTCTACAGATGAGTGATGCCCTCATATCGATG', 'TGACCGTCGTATCGCCATTATGTACGACCACTCAGGGTACTTGACAGAACCCCGCGCCGC', 'GGTCCGACGACGTTCGAATACTTTTGAGCCTCACATGGGGTGTTTGTCTTTTCACTACGG', 'TGTGTCATGGCCGACCGGTGTGGAAGCTGTTACGCCTTTGCGCGATTGTCATTGATAGCT', 'CTCCTAGCTACGCAGGAGTAGGAACTATGCGTACGAAACATTACAACCTCCAATATAGTA', 'CTAGAAATAAGCCAGGCAGTCAAGTACACCTATCTGATAGTAGTTGCGGGTAAGTCTTTT'};
kernel_matrix_train = [1, 0.816223155, 0.933523393, 0.944269472, 0.96660566, 0.965088205, 0.884018633, 0.834233961, 0.851723152, 0.950522397, 0.954659151;0.816223155, 1, 0.866366725, 0.857638405, 0.84621679, 0.829892261, 0.912901161, 0.90763165, 0.935555264, 0.815303563, 0.82896634;0.933523393, 0.866366725, 1, 0.967463603, 0.936174356, 0.949932981, 0.898541764, 0.881546718, 0.894047932, 0.909947849, 0.9213389;0.944269472, 0.857638405, 0.967463603, 1, 0.958460811, 0.965300634, 0.888583315, 0.914529806, 0.915959909, 0.914112701, 0.956605749;0.96660566, 0.84621679, 0.936174356, 0.958460811, 1, 0.949092602, 0.923099576, 0.912395873, 0.883643927, 0.956885237, 0.960974453;0.965088205, 0.829892261, 0.949932981, 0.965300634, 0.949092602, 1, 0.888907253, 0.872498174, 0.890437728, 0.932273523, 0.944221925;0.884018633, 0.912901161, 0.898541764, 0.888583315, 0.923099576, 0.888907253, 1, 0.900041809, 0.879649397, 0.918414098, 0.8750964;0.834233961, 0.90763165, 0.881546718, 0.914529806, 0.912395873, 0.872498174, 0.900041809, 1, 0.939617101, 0.846520655, 0.880651713;0.851723152, 0.935555264, 0.894047932, 0.915959909, 0.883643927, 0.890437728, 0.879649397, 0.939617101, 1, 0.815527765, 0.874457203;0.950522397, 0.815303563, 0.909947849, 0.914112701, 0.956885237, 0.932273523, 0.918414098, 0.846520655, 0.815527765, 1, 0.952714438;0.954659151, 0.82896634, 0.9213389, 0.956605749, 0.960974453, 0.944221925, 0.8750964, 0.880651713, 0.874457203, 0.952714438, 1];
kernel_name = 'WeightedCommWordString';
kernel_order = 3;
kernel_seqlen = 60;
kernel_feature_class = 'string_complex';
kernel_matrix_test = [0.971994317, 0.937724315, 0.937795539, 0.873546115, 0.939104879, 0.890485517, 0.969679432, 0.945333093, 0.926472259, 0.920332162, 0.923592476, 0.7932812, 0.942344208, 0.954825202, 0.9442175, 0.933583834, 0.90901751;0.843942057, 0.918909167, 0.901025517, 0.880564366, 0.858521247, 0.863692716, 0.844094892, 0.859715742, 0.863849572, 0.920795457, 0.926456067, 0.913844141, 0.88205206, 0.851880973, 0.857405857, 0.775041079, 0.895982863;0.933879373, 0.947960455, 0.949417332, 0.876313775, 0.972341959, 0.885523772, 0.94042044, 0.896158043, 0.917990745, 0.92466563, 0.916669094, 0.805097267, 0.957851362, 0.881871641, 0.917996033, 0.893109628, 0.948393494;0.95172355, 0.944371188, 0.962258266, 0.878328814, 0.978991607, 0.851493419, 0.939676278, 0.925066661, 0.959305456, 0.945805904, 0.926635932, 0.841173866, 0.943621985, 0.885342257, 0.945270732, 0.887418658, 0.936232889;0.957011896, 0.934880987, 0.943967321, 0.912278137, 0.94431338, 0.894432042, 0.945478342, 0.942607137, 0.967128771, 0.960529955, 0.92652297, 0.859581383, 0.927438985, 0.924972334, 0.972337485, 0.934504789, 0.886612476;0.964819443, 0.94884804, 0.95290114, 0.888721405, 0.953439443, 0.867473808, 0.949422892, 0.953342006, 0.935018343, 0.921312825, 0.93025816, 0.812696143, 0.936569219, 0.918479701, 0.940679779, 0.920602208, 0.923885634;0.869221411, 0.927862973, 0.886427307, 0.963137313, 0.864071883, 0.933910526, 0.898490789, 0.899027521, 0.911096008, 0.958118263, 0.945353661, 0.907912627, 0.888724522, 0.911096131, 0.923462758, 0.920318856, 0.898409532;0.862088238, 0.906045261, 0.913919713, 0.902700437, 0.892665271, 0.81212499, 0.827445878, 0.88766666, 0.947366922, 0.956703012, 0.903777534, 0.937479747, 0.85917791, 0.802622269, 0.912757333, 0.815189939, 0.846358401;0.889815298, 0.911879019, 0.935641692, 0.861567686, 0.915250078, 0.793343622, 0.857985936, 0.907079058, 0.917584082, 0.92680069, 0.899546755, 0.885950903, 0.882948045, 0.840898034, 0.86966177, 0.767919375, 0.887015483;0.927210006, 0.929049782, 0.908583794, 0.916194366, 0.89341934, 0.896474519, 0.946207702, 0.929953398, 0.917861857, 0.927007188, 0.91498429, 0.828938216, 0.921378935, 0.935811044, 0.969301969, 0.966441584, 0.86522828;0.943070998, 0.922879684, 0.933039449, 0.887777937, 0.93635945, 0.826697396, 0.951546, 0.928906222, 0.94059778, 0.932662271, 0.925557034, 0.83918022, 0.939910531, 0.912124765, 0.960997, 0.906008956, 0.889267891];
kernel_data_test = {'TTGAAAAATGCTCATCGCGTATAGTTAAGACTGACTGGCACGCGGGATGAAGCAAATGGT', 'GGCGACAAACTCTGGATAGGCACTTTCCATCCTGGACTGCACGAGGTATGCTAGCGGAGG', 'TACGAGACTTGTGGTGGCTCAAACTGATGGCTCACGGAAGGCTTAGAGCATTAACGTGGT', 'GGGTACATCCTTTATCACGAGTCCCTACCTACCTAGATGGCCAGTCTATCCCGGCGACCG', 'GGGATAGAGGCGAAGTCCGGCTGAACGATCGATTATCGTGTTTACGGGATTCAAAGTAGG', 'CGGTCGCAACACGGACGCCGACAATCGGAATTCCTCACCACGGACGAACATGCGCAAGAC', 'AAGTGGTAACCCAAGTCAGCACGTGCCATGAGCTTAGCAGGAGGACGATAAAGGCCTACA', 'ACACTATGCGCATGTTAAATTGAATTAACATCGCCATGCCAAGGCTGCATGAGCTTGGAG', 'TCGTAAGTTGTGATAACCCACACTTTCGCAGGTGATGTTCAAAACTTGACGATTCGAGAA', 'GGGCGTTTTGGAATTGCACCCTAGCTTCTGAGAGTTCCACACGTACCACCGTCGATAAAC', 'GTTCGGTGGGGAAGTCTACCTCCAGTCTTATCAGGCATGCCACGGATCGCCAGCAACAGC', 'GTGTTTATTCCTGCTCAGGTCTCGACTATCAAGCGGCCCTCACGGTTCCGTCCTCCTTAC', 'CTTTCAGCGGCTAGCGGACAAGACAGGCGTAGCAGATAAGGGCTTCTGACATAGCGATAT', 'TGAATAAGCAGCAGCGAGCCAATCGTGCCTGGCTGCGCATAGCCCTCAGAAAACCATATG', 'ATCCCGCAAGAACTCCTAGTTACATTAGTAAACTTAACTGGGACTAGCGGGTCGATCTCA', 'ATCAACAGAGACGACCAGGGACAGCCTATATCTACCTTAGGAATCAACGCCACATATCCC', 'GTCAGAGAGGAGCACCATGATCGCGGGACCACGTCATTCAGTAGGCGCGGAGGTCATGTA'};
kernel_reverse = 'False';
