name = 'WeightedCommWordString'
data_type = ''
km_train = [1, 0.854700162, 0.910398872, 0.902412544, 0.934792435, 0.912922644, 0.882239732, 0.922970861, 0.887317046, 0.91111016, 0.936164798;0.854700162, 1, 0.915700166, 0.889350873, 0.874369837, 0.835737738, 0.840083979, 0.871848195, 0.955981758, 0.89544975, 0.891151786;0.910398872, 0.915700166, 1, 0.894932517, 0.963460995, 0.866955139, 0.892877983, 0.918562358, 0.92875606, 0.895731086, 0.958476169;0.902412544, 0.889350873, 0.894932517, 1, 0.890781084, 0.971690802, 0.965047288, 0.95962978, 0.919857785, 0.97971008, 0.929161372;0.934792435, 0.874369837, 0.963460995, 0.890781084, 1, 0.892061048, 0.909456473, 0.920504024, 0.901012242, 0.907442283, 0.945948422;0.912922644, 0.835737738, 0.866955139, 0.971690802, 0.892061048, 1, 0.96685559, 0.938882354, 0.875096116, 0.970156012, 0.922934364;0.882239732, 0.840083979, 0.892877983, 0.965047288, 0.909456473, 0.96685559, 1, 0.949593732, 0.897546001, 0.957236348, 0.929748367;0.922970861, 0.871848195, 0.918562358, 0.95962978, 0.920504024, 0.938882354, 0.949593732, 1, 0.904530301, 0.933553726, 0.928388955;0.887317046, 0.955981758, 0.92875606, 0.919857785, 0.901012242, 0.875096116, 0.897546001, 0.904530301, 1, 0.92275743, 0.940347361;0.91111016, 0.89544975, 0.895731086, 0.97971008, 0.907442283, 0.970156012, 0.957236348, 0.933553726, 0.92275743, 1, 0.932785454;0.936164798, 0.891151786, 0.958476169, 0.929161372, 0.945948422, 0.922934364, 0.929748367, 0.928388955, 0.940347361, 0.932785454, 1]
seqlen = 60
data_test = ['GGTATCAAACCGACTGGAAACATCTAGGTTCGCGAGCTGCCGCAATGAAGAAGCTTCCTC', 'GGACTCCTAAGCGACATCCAACAGCTGCAGGATAAATGTACCTAAATCCCTTGCATCCCT']
gap = 0
feature_obtain = 'Char'
feature_type = 'Word'
reverse = 'False'
data_train = ['ATTCATTTTCTAGACACATTCCCATGGCGCAAAATGCCACCATACTTTATATCCGGCGTC', 'TATAGCGGTTTGTAAATGATTTAGTCGTTGAATGGTCGTCGATAAACAGCTAAGAGTATA', 'CGCAGATGGTCCCTTGATTACGTAGACAAGCCATGAAAACAGCACTAAAATAGCTGTGAG', 'ATTGGTCAACGGGACGCCGAAATCTTCCTCGGTAGGCGCGTGCTTAGCCTCTAGTTTACG', 'CCAAACAGAACCCCGTGTGTGAGAATGTCACAAATTCATGGTCTCACCATAGCTCGATGA', 'GTTTCAGCGTTACTACCGACAATCGGTCATTGCCCTTGAGGTCCTTGGCCGCGGTACCCA', 'TAGAGACATTCCCGTCCTCGGTGGGGACTGTGACTTCACCGGCGATAGGTAACTCGCCCC', 'CAACGCACTCGCGGAGACACGCGGGTCTCGAATACTTGCTTTCGATATTTGACAACGTCC', 'CTACAAAGATGATAGATGTATATCATAATGTTAGGCGGCTGGGCGGTCACTGATCTTGGA', 'AGCAAACGTCCCCTATCGGTGTTTGGGAGTCGTCATCTTAATCCTAGGCCTGGAGCTTTG', 'ACATGGGCGTACCCAGGTAAGTCTGCTACAGATATGCAGCTGCATAACCTACCTGATTCC']
feature_class = 'string_complex'
kparam1_normalization = 2
kparam0_use_sign = 'False'
km_test = [0.902392407, 0.941096404;0.884529312, 0.833652072;0.968174458, 0.954263849;0.941213902, 0.894985879;0.949990405, 0.956248672;0.909158858, 0.895188885;0.938871389, 0.905788723;0.950780502, 0.912463202;0.918597394, 0.87859719;0.930227475, 0.909672635;0.950746791, 0.96159092]
alphabet = 'DNA'
accuracy = 1e-09
order = 3
data_class = 'dna'
