accuracy = 1e-08
init_random = 42
name = 'WeightedDegreePositionString'
data_type = ''
km_train = [1, 0.0718470021, 0.069693315, 0.05547898, 0.0870520331, 0.0589679531, 0.0563835286, 0.0642229497, 0.0630168849, 0.0690041351, 0.0477687802;0.0718470021, 1.01464507, 0.0685733977, 0.0802894555, 0.0556943487, 0.0512577533, 0.0936423156, 0.0565558236, 0.0628876637, 0.0521192281, 0.0488886975;0.069693315, 0.0685733977, 1, 0.0672811854, 0.0677119228, 0.0808494142, 0.0678842178, 0.0603032391, 0.047122674, 0.066505858, 0.0594417643;0.05547898, 0.0802894555, 0.0672811854, 1.01774638, 0.0627153687, 0.0699086837, 0.0763266713, 0.0741299104, 0.0795572019, 0.0852429359, 0.0467350103;0.0870520331, 0.0556943487, 0.0677119228, 0.0627153687, 1, 0.0695640937, 0.0460889042, 0.0707270848, 0.0713731909, 0.046950379, 0.0734407305;0.0589679531, 0.0512577533, 0.0808494142, 0.0699086837, 0.0695640937, 0.98630255, 0.0528514817, 0.0781788422, 0.0496209511, 0.0585802895, 0.0799448656;0.0563835286, 0.0936423156, 0.0678842178, 0.0763266713, 0.0460889042, 0.0528514817, 0.993194349, 0.0493194349, 0.0607770503, 0.0759820813, 0.0731822881;0.0642229497, 0.0565558236, 0.0603032391, 0.0741299104, 0.0707270848, 0.0781788422, 0.0493194349, 0.98630255, 0.0837784287, 0.0677980703, 0.0700379049;0.0630168849, 0.0628876637, 0.047122674, 0.0795572019, 0.0713731909, 0.0496209511, 0.0607770503, 0.0837784287, 0.993194349, 0.0694348725, 0.0369572708;0.0690041351, 0.0521192281, 0.066505858, 0.0852429359, 0.046950379, 0.0585802895, 0.0759820813, 0.0677980703, 0.0694348725, 1.01481737, 0.0412215713;0.0477687802, 0.0488886975, 0.0594417643, 0.0467350103, 0.0734407305, 0.0799448656, 0.0731822881, 0.0700379049, 0.0369572708, 0.0412215713, 1.00155065]
data_train = ['AAACGCTTCGGTTACCTTGCTGCTATCTCGCCGCTATGAGGTGGTGAAGATTAAATAACA', 'TTTCATGGTATATTGGCGACGGCTAACAACCCATCCTATTTTTGGACGCTATAGTTCGGA', 'TTAGTATGGCGACAGAAATCCATGTTACCGTCCAAGATTGGGTGCTTGCACAGCAATCAA', 'ATAAAATACCTATCTCGACCCTAAAAAGTCAGTCATATCCTAACACGGGTAAGGCATAGG', 'AATAATCGCGCACATTTGCTGTTGAGCAGTTTCCTTGGTAGTCCAACCACGTTATGGACA', 'GTAGACGCGCGCAGGCTGTACCACCTGTCAAGTCCGACCTGGGCGCATAGCACATCTGTG', 'TAGCTGAATACGTGCACTACGAGCACCGCGAGGCAATATTTATCCTGCTTAATTGGCCAG', 'TCGACTCGCCACCTTAGAATCACACCTAGACGTAGACGACTAGAAACAGATCGAACAGAT', 'CCGGGATAAGAGCTTCCGAAGCGAACGTGACTCTATTAGTGACATACACGGTGGAGTAAT', 'CCGCTCATCCGCTGTGTATACGTTACCCCTACGTTATTCCCAATTGGGGCCTCTCATTTA', 'GTGTTTCCAATCAAAGTCTGATGGGCTAGCAGGAGAGAATACGCCGTGTAGCAATGGGTG']
feature_class = 'string'
seqlen = 60
data_test = ['TGTAGGACTACGACAGCTCCTGTGAAAAGAAACATCCCTTGCCCGACCTTAAAGAACTTA', 'ACTACGAGCCGAGTGTGACATGAGCAGTAAGCTCCCAAATTGGCATTCAGAACCAGTGGA']
kernel_arg0_degree = 20
km_test = [0.051128532, 0.055306685;0.0911440386, 0.0806340455;0.0786526533, 0.0647398346;0.0889903515, 0.0764989662;0.0776619573, 0.0656443832;0.0660320469, 0.0979927636;0.0968297726, 0.0724931082;0.0550482426, 0.073871468;0.0604324604, 0.072019297;0.0476826327, 0.0564696761;0.0698225362, 0.0611216402]
alphabet = 'DNA'
data_class = 'dna'
feature_type = 'Char'
