accuracy = 1e-08;
init_random = 42;
name = 'WeightedDegreePositionString';
data_type = '';
km_train = [1, 0.0759005888, 0.0933062002, 0.0511343956, 0.0697090405, 0.0589279529, 0.0582351922, 0.0430377555, 0.0583217873, 0.0620020783, 0.0606598545;0.0759005888, 1.01013162, 0.0633875996, 0.054771389, 0.0571960513, 0.0575857291, 0.0662452373, 0.0625649463, 0.0541652234, 0.0490128161, 0.0727398684;0.0933062002, 0.0633875996, 1.01030481, 0.0597506062, 0.0581918947, 0.0532559751, 0.0919206789, 0.060140284, 0.117726013, 0.0599237963, 0.0591444406;0.0511343956, 0.054771389, 0.0597506062, 1.00450294, 0.0945185313, 0.078238656, 0.0590578455, 0.0791046069, 0.060616557, 0.0704883963, 0.075034638;0.0697090405, 0.0571960513, 0.0581918947, 0.0945185313, 1.01844475, 0.0708347766, 0.0641236578, 0.0699255282, 0.0581052996, 0.0658555594, 0.0753377208;0.0589279529, 0.0575857291, 0.0532559751, 0.078238656, 0.0708347766, 1.00839972, 0.0629113266, 0.108113959, 0.0490561136, 0.0682369241, 0.082481815;0.0582351922, 0.0662452373, 0.0919206789, 0.0590578455, 0.0641236578, 0.0629113266, 1.02138899, 0.0672410807, 0.0658555594, 0.0754243159, 0.0935226879;0.0430377555, 0.0625649463, 0.060140284, 0.0791046069, 0.0699255282, 0.108113959, 0.0672410807, 1.01645307, 0.0474108071, 0.101186353, 0.070791479;0.0583217873, 0.0541652234, 0.117726013, 0.060616557, 0.0581052996, 0.0490561136, 0.0658555594, 0.0474108071, 1.00692761, 0.0545981988, 0.0820488396;0.0620020783, 0.0490128161, 0.0599237963, 0.0704883963, 0.0658555594, 0.0682369241, 0.0754243159, 0.101186353, 0.0545981988, 0.998354693, 0.0737790094;0.0606598545, 0.0727398684, 0.0591444406, 0.075034638, 0.0753377208, 0.082481815, 0.0935226879, 0.070791479, 0.0820488396, 0.0737790094, 1.02182196];
data_train = {'TGCCGGCTATGGGCTATATGCTCAGAGAGAATGGATATGAAGATATTCGAGGGTAACGGC', 'CGAAGCAAAACGGACCACCTTAGGGCGTGTAGGAGGACTGATTAGCCAGGTAGTGAACGC', 'TTGAGGCTATTTCTGGTGGCCCGAGGATGCAAGCTGTCCGACCAGAAAGTGGTCCGGTCA', 'GTCTTCGCTAGATCGGCGCCAGCTCGCTTATGAGAACATCCGAGCGGACCCCCGCAGCAT', 'ATCGTGGCTGGAAACGAAAACTGCCCGAGGGACCCGTGGCATGACGGGACCGTGAGACAT', 'GCGTTTACCCTACCCTTATCCTAGCTATATCACAAAGCCTAGTGTGGACGATCGATAAAC', 'GGGGGACTCTACGTCCCCGAACGAAGAATGTACAGGTTCCCACTCATTACGTAACGTTCA', 'GTACTTACGGTAGCACGATTCGGGTCGCCACACAAGCACCCGGAAGATTTTTCTCTACAA', 'TTGGAAATTCCGATGGTGGCTGTCGGACCTCTGTTGGTAGCGTCTAAGATGTGGGCCATG', 'ACACTGTCGATGTCAGCGAAGAGCTGGAGACCTTCAACCCGGTCATCTTCATTACCAACA', 'GGGGAACCGGCACCCCGAAGCATCGTTGGATGGCAGATCGCGCCCGAGTCAAAGGAAGCT'};
feature_class = 'string';
seqlen = 60;
data_test = {'ATAGAACTTATACAGGGGCAACCGTTATTCCATATATATTGTATCACGTGACCCCAATCA', 'TGTGGGTACGTTGAATCATAGGACAGCATCCAATCCTGCTGAGTCGTGAAGCTCCGGCAG'};
kernel_arg0_degree = 20;
km_test = [0.0566331832, 0.0658122619;0.0517405611, 0.0461551784;0.0901887773, 0.0892795289;0.078714929, 0.0606598545;0.0464149636, 0.0704883963;0.0656390717, 0.0682369241;0.0788015241, 0.0729130585;0.0584083824, 0.0698822307;0.0751212331, 0.057412539;0.0742552823, 0.0694492553;0.0710945618, 0.0395739522];
alphabet = 'DNA';
data_class = 'dna';
feature_type = 'Char';
