accuracy = 1e-08
init_random = 42
name = 'WeightedDegreePositionString'
data_type = ''
km_train = [1, 0.402597403, 0.350649351, 0.383116883, 0.38961039, 0.344155844, 0.396103896, 0.480519481, 0.396103896, 0.344155844, 0.363636364;0.402597403, 0.987012987, 0.428571429, 0.5, 0.324675325, 0.493506494, 0.415584416, 0.383116883, 0.506493506, 0.363636364, 0.324675325;0.350649351, 0.428571429, 0.961038961, 0.337662338, 0.396103896, 0.409090909, 0.311688312, 0.337662338, 0.428571429, 0.415584416, 0.467532468;0.383116883, 0.5, 0.337662338, 1.01298701, 0.415584416, 0.480519481, 0.38961039, 0.350649351, 0.37012987, 0.480519481, 0.409090909;0.38961039, 0.324675325, 0.396103896, 0.415584416, 1, 0.428571429, 0.422077922, 0.415584416, 0.344155844, 0.311688312, 0.512987013;0.344155844, 0.493506494, 0.409090909, 0.480519481, 0.428571429, 0.948051948, 0.38961039, 0.376623377, 0.337662338, 0.285714286, 0.298701299;0.396103896, 0.415584416, 0.311688312, 0.38961039, 0.422077922, 0.38961039, 0.948051948, 0.324675325, 0.396103896, 0.37012987, 0.376623377;0.480519481, 0.383116883, 0.337662338, 0.350649351, 0.415584416, 0.376623377, 0.324675325, 1.05194805, 0.37012987, 0.37012987, 0.376623377;0.396103896, 0.506493506, 0.428571429, 0.37012987, 0.344155844, 0.337662338, 0.396103896, 0.37012987, 1.01298701, 0.298701299, 0.363636364;0.344155844, 0.363636364, 0.415584416, 0.480519481, 0.311688312, 0.285714286, 0.37012987, 0.37012987, 0.298701299, 0.987012987, 0.409090909;0.363636364, 0.324675325, 0.467532468, 0.409090909, 0.512987013, 0.298701299, 0.376623377, 0.376623377, 0.363636364, 0.409090909, 0.909090909]
data_train = ['CAATTGTACTCGGTAGTAACGACTTTCTAAATCATGGCCAATACCCTACCGTAGGAAACT', 'GGACTTCTGGTAATCGTGATTCCGTGCATTTTTAACGCCCGGCGGCTGTGACATGGCTCG', 'AGCTCACTGAGAGAGGATGTCATCTTAAGGAGTTGAATGGGTGTAGGTGGCCAGGCAAGG', 'CTACCTAGAAGAATAACCAGGCGAGATTTCGGGAACGCCCCGGGACTCGAGCCGATACCG', 'CGGTCGGCACCATTTAAAAGTCTAATACGCACCGTGTGGGTCGAGCCTCGCTCTTTTGGC', 'GCCTTAGGGAATGCCACCATGCCATCTGCCTAGTATGGCTTGCGATGTTGCGATGTCCAG', 'TCCATTGGGACTATATGTCGTAATCGGGTCACCCGCGTGAGGACCTCCTGACACAGTTCT', 'AACATGGTTCCCTACTGAGTCCCTTAAAACTAAGCGACCCTAAAAAAACAGGCTCTAGCA', 'CATCCCCGGGGCATATGATTTAAGTGCCTGTTGTGTCCAATTTCAGACGTACTTGGGACA', 'TATCGATTTACACAACAGGCAGGCAGATTAGCCAATCAGGTGGACGGAAAAACGCACCTG', 'TGGACCTCATCGCTAGTGTAGCATAAAGGGAGCGATGATGCTAACGTTGTACTCATAGGG']
feature_class = 'string'
seqlen = 60
data_test = ['GCCAGTAACTAAGCATGGGCCGCTAGCCGCGTCATGCGCACGTAAGTGGCGGCATCGTCG', 'CTGTTACTCTACTCGATCAGTACAGATCACGCAGCATTTTGATTAATAAGTGCTCAAATT']
kernel_arg0_degree = 1
km_test = [0.409090909, 0.383116883;0.441558442, 0.272727273;0.363636364, 0.376623377;0.441558442, 0.37012987;0.363636364, 0.37012987;0.422077922, 0.37012987;0.376623377, 0.324675325;0.422077922, 0.441558442;0.337662338, 0.311688312;0.402597403, 0.357142857;0.396103896, 0.37012987]
alphabet = 'DNA'
data_class = 'dna'
feature_type = 'Char'
