accuracy = 1e-07;
init_random = 42;
name = 'WeightedDegreeString';
data_type = '';
km_train = [1, 0.183333333, 0.266666667, 0.3, 0.3, 0.2, 0.216666667, 0.216666667, 0.183333333, 0.283333333, 0.166666667;0.183333333, 1, 0.3, 0.233333333, 0.25, 0.266666667, 0.166666667, 0.216666667, 0.2, 0.183333333, 0.233333333;0.266666667, 0.3, 1, 0.2, 0.25, 0.2, 0.283333333, 0.266666667, 0.216666667, 0.183333333, 0.25;0.3, 0.233333333, 0.2, 1, 0.25, 0.216666667, 0.25, 0.25, 0.266666667, 0.266666667, 0.2;0.3, 0.25, 0.25, 0.25, 1, 0.15, 0.216666667, 0.2, 0.3, 0.283333333, 0.216666667;0.2, 0.266666667, 0.2, 0.216666667, 0.15, 1, 0.133333333, 0.366666667, 0.166666667, 0.283333333, 0.35;0.216666667, 0.166666667, 0.283333333, 0.25, 0.216666667, 0.133333333, 1, 0.283333333, 0.233333333, 0.3, 0.333333333;0.216666667, 0.216666667, 0.266666667, 0.25, 0.2, 0.366666667, 0.283333333, 1, 0.25, 0.216666667, 0.283333333;0.183333333, 0.2, 0.216666667, 0.266666667, 0.3, 0.166666667, 0.233333333, 0.25, 1, 0.216666667, 0.216666667;0.283333333, 0.183333333, 0.183333333, 0.266666667, 0.283333333, 0.283333333, 0.3, 0.216666667, 0.216666667, 1, 0.233333333;0.166666667, 0.233333333, 0.25, 0.2, 0.216666667, 0.35, 0.333333333, 0.283333333, 0.216666667, 0.233333333, 1];
data_train = {'CACTGTTGGGCAGCTTCGAAAGCTCCACGCCGGACCATGGTTGTATCTATGTGTAGGTAG', 'TGCCGAGCCTTGCGAATGCAGGTACAGTGCATCGACAATTCTCGCGTGGCTCTCGCTATT', 'ACCTTAGAGCGGATAATAGGGGATCCCATGGTGGCGTCGTGCCCGCTTCTGCTAGGGCCG', 'TCCCGTCCGGACACCCGAGTTACCTTGTCTGCGTCCGGCACTACCAAAGTATGCAAGTAT', 'TTGGGAATAGTGGCTGACAGCTTCAGCAAGGTTAATATTTGAACCTCGGGGTGTCGGTCT', 'AGCCGCCCAATTTGCTATCTTCTTAGTGTATGCTGAACCGATGTTCGCGTTGTAGTACGG', 'CTTTCACGACGCAAAGAAACGAGACCTACGTGTCCCTGCCGCAGAAATACCGCTTACGTT', 'ACGGAACAACGTCTGTTTTCAGGCATGGGTCGTTCCTCCACCATTTCCGTTCTTTTAAGC', 'TTGGTTAATAGAGCTGCTTTCACTAAGTGAGTTCGGTCTCGCCATATATGAGAGAATAAT', 'CAGGATGGAGAAGGCCACGTGCAGAGTACAGGCACCTAGAAGAGATGATCTTAACCCTTG', 'TTTCCGTGAGGTTTGCGTCTTGTACTCGCGTGTCTCATCTGCTAGGGATGCCCAGCACGG'};
feature_class = 'string';
seqlen = 60;
data_test = {'GTGCAGAAAAATTTAAGTGCACGATCGTGTTCCCACATTCTAGGTCGGACCTGTGCTGCG', 'GCGCTCGTCAGCTTCCCCTTCACCTATGGCGGTCCGACTACCGAGAAGCTACACTTAGGA'};
kernel_arg0_degree = 1;
km_test = [0.216666667, 0.15;0.3, 0.2;0.166666667, 0.233333333;0.2, 0.316666667;0.233333333, 0.166666667;0.266666667, 0.266666667;0.283333333, 0.216666667;0.266666667, 0.35;0.233333333, 0.383333333;0.233333333, 0.2;0.333333333, 0.283333333];
alphabet = 'DNA';
data_class = 'dna';
feature_type = 'Char';
