accuracy = 1e-07;
init_random = 42;
name = 'WeightedDegreeString';
data_type = '';
km_train = [1, 0.0279503106, 0.0383318545, 0.0352262644, 0.0545696539, 0.0299911269, 0.0264418811, 0.0385980479, 0.0434782609, 0.0229813665, 0.0310559006;0.0279503106, 1, 0.0316770186, 0.0385093168, 0.0454303461, 0.0228926353, 0.0299911269, 0.0176574978, 0.0362910382, 0.0211180124, 0.0310559006;0.0383318545, 0.0316770186, 1, 0.0398402839, 0.030079858, 0.0264418811, 0.0264418811, 0.0334516415, 0.02635315, 0.0229813665, 0.0229813665;0.0352262644, 0.0385093168, 0.0398402839, 1, 0.0299911269, 0.0439219166, 0.0194321207, 0.0175687666, 0.0385980479, 0.0299911269, 0.0395740905;0.0545696539, 0.0454303461, 0.030079858, 0.0299911269, 1, 0.0330967169, 0.0421472937, 0.0177462289, 0.0265306122, 0.0265306122, 0.0518189885;0.0299911269, 0.0228926353, 0.0264418811, 0.0439219166, 0.0330967169, 1, 0.0332741792, 0.0212954747, 0.0283052351, 0.0437444543, 0.0247559894;0.0264418811, 0.0299911269, 0.0264418811, 0.0194321207, 0.0421472937, 0.0332741792, 1, 0.0333629104, 0.0451641526, 0.0247559894, 0.0455190772;0.0385980479, 0.0176574978, 0.0334516415, 0.0175687666, 0.0177462289, 0.0212954747, 0.0333629104, 1, 0.028216504, 0.0385093168, 0.0367346939;0.0434782609, 0.0362910382, 0.02635315, 0.0385980479, 0.0265306122, 0.0283052351, 0.0451641526, 0.028216504, 1, 0.0312333629, 0.0369121562;0.0229813665, 0.0211180124, 0.0229813665, 0.0299911269, 0.0265306122, 0.0437444543, 0.0247559894, 0.0385093168, 0.0312333629, 1, 0.0315882875;0.0310559006, 0.0310559006, 0.0229813665, 0.0395740905, 0.0518189885, 0.0247559894, 0.0455190772, 0.0367346939, 0.0369121562, 0.0315882875, 1];
data_train = {'TTGCCCCAGCGCCATGAGTTGAGTGTCATGACTAACTTGGCATACGAGGGACGTATGTAC', 'ACTAGAGAACTAAATGGGAGACGGAATGAATTTCCAGAAAGCGTGCTCATAGCGGAGTCC', 'CTGTAAAAGTCTATATATACCCGTGGAGCTCGACCCCATATAAGGCGCGGCTGCTTGATA', 'ACGTGTAAGTGAAACATGGAAGTGTTAAGCCCCTACGGGTTGACGTTGGAAAACCGGGCC', 'TATCGAACGCGCCTTGAATATCTCCGTTGTGTTCGGGTCACACTGTATGAGTAGTAGCCG', 'ATACGCCTTTGTTCCACTGGAACTCTAGGTAAATAAGGTTGTGCTGCGCAGTGATACCAC', 'GTTTCGTCTCCGGGCGTTAAGCACTTCCGAGACCGGCACGAAGTCCTTCTGTCTTCTCAC', 'TGGGACGTACAACGAATTCGCTGTAGGCCGGAGAAGCCCGCTCGCGGCCCAAGTCCAATG', 'ACTACGGCTAGAGTCGTAGTGAACAGAACCGGAAACAGATCCTGGTCTCTCCGAACGTGT', 'GAAGCACGCTGGTCGTGTCGATTTGAATCCGCGCGTACCTCCGCTTGGAGGCATCGACTC', 'GACTGTTTTATAAACGCACCTCACCGCCCCTATGATTGCGCATTATGACCTTAGTTAGTC'};
feature_class = 'string';
seqlen = 60;
data_test = {'CTATCAAAAGATGCCGCATCAGGCTGGCTCGCGAATCCGGAATGCTGAACTAATAGAGCA', 'GGGGGGGGGGAACTTGCATTATCCGGTACCCGCCCGGGACAACAGTATAGGTACACTTGG', 'TCATCAAGGCGTTGTTCCCACCAACGTGCCAATCTGAGCCGTTTAAACCGGTTATCCTAT', 'GTTGAACATCTGACCCGAGCTTAAGTCCACCCGCACTCTGCAGGGTGATGCGGACCCAAA', 'CTACCTAAATGACAATCGCGCCGAGTATACGGATTATGTATATGCATGCCTCATCCATAG', 'TATCGCGCATATACTATCCGCCGCATTCGGGCTAGTGTCCTCGATGCCGAGGATCCCGTA', 'CATCGCTGTAGTGATCACGTCCGCTTCATAAAATGTACTTGATCGGGGGACGCCACTCGG', 'ATCTAACCTAGATTCAGAAGTTGGTGCTAAGACCGTACAGGCAGGACCTTGTGTACGGAC', 'CCCGTGTTCCATAGCTCTCCGTGTTTCCATTGCATATCCTACTGTTAACCCTAGAACTAG', 'GAGTGAGGAAAACCCTGTGACTAACCCACGCGGGAGACGACAACTCCGGTTTTAGTGTAC', 'TCGAGTCAATGAATTACTGTCGGTCACTCCGAACGGTTCGAAACACGCGCAAAAGTCCTA', 'AGGGGACATTCACACGTCAAAATATGGCGCCCTCCCAAAGCTGAGGGGGAGCGATCGTTG', 'ATGGTAAGTCGCGTAGTCCATCCCCGTCGGCATGGATGTTTTATATCGATACTGACAGTG', 'ACTAGCTTCGGCCGATAACACCGTTATCCCCTCGATTCGGGGGAGCCTACAACTCGAGTC', 'TTGCGTACCCTCCGAAGCCAGTTAGTCTTACAATTAGGCGTAAACCCGTCCTTACTACCA', 'ACTTTAATGCACCATATTCGGACGGGCCCCGTGGGGGATACAATCTCCCGTCCTACCACA', 'TGTGGGTACGTTGAATCATAGGACAGCATCCAATCCTGCTGAGTCGTGAAGCTCCGGCAG'};
kernel_arg0_degree = 20;
km_test = [0.0369121562, 0.0299911269, 0.0297249335, 0.0467613132, 0.0439219166, 0.0315882875, 0.0485359361, 0.0279503106, 0.0281277728, 0.0494232476, 0.0352262644, 0.0472937001, 0.0314108252, 0.034960071, 0.0500443656, 0.0466725821, 0.0385093168;0.0158828749, 0.028216504, 0.0264418811, 0.0229813665, 0.0264418811, 0.0335403727, 0.0245785271, 0.040461402, 0.0195208518, 0.0297249335, 0.0316770186, 0.0419698314, 0.0280390417, 0.0529724933, 0.0193433895, 0.0385093168, 0.0247559894;0.0332741792, 0.0316770186, 0.0334516415, 0.0405501331, 0.055190772, 0.0295474712, 0.0298136646, 0.0400177462, 0.0281277728, 0.0369121562, 0.0554569654, 0.0403726708, 0.0281277728, 0.0377107365, 0.034960071, 0.0401952085, 0.0246672582;0.0369121562, 0.0333629104, 0.0141969831, 0.0314108252, 0.0452528838, 0.0299911269, 0.034960071, 0.0315882875, 0.0176574978, 0.0401952085, 0.0535048802, 0.05891748, 0.030079858, 0.040461402, 0.036823425, 0.028216504, 0.0468500444;0.0246672582, 0.0738243123, 0.0522626442, 0.0211180124, 0.0195208518, 0.063176575, 0.0398402839, 0.0299911269, 0.0244010648, 0.0297249335, 0.0385093168, 0.0402839397, 0.0586512866, 0.0297249335, 0.0369121562, 0.052173913, 0.0367346939;0.0175687666, 0.0175687666, 0.0454303461, 0.028216504, 0.043566992, 0.043566992, 0.0568766637, 0.0401952085, 0.0317657498, 0.0350488021, 0.0448979592, 0.0436557232, 0.034960071, 0.0212067436, 0.041703638, 0.0229813665, 0.0384205856;0.0384205856, 0.0315882875, 0.0386867791, 0.0434782609, 0.0212954747, 0.0283052351, 0.0448979592, 0.0708961846, 0.0433007986, 0.0265306122, 0.0394853594, 0.0401952085, 0.0334516415, 0.0283052351, 0.0369121562, 0.0438331854, 0.0502218279;0.0488021295, 0.0347826087, 0.0265306122, 0.0334516415, 0.0517302573, 0.05581189, 0.0176574978, 0.0334516415, 0.0436557232, 0.0384205856, 0.0489795918, 0.0519077196, 0.0334516415, 0.0522626442, 0.0398402839, 0.0600709849, 0.02635315;0.0333629104, 0.0524401065, 0.0299911269, 0.0401952085, 0.0397515528, 0.0228926353, 0.0402839397, 0.0633540373, 0.0315882875, 0.0335403727, 0.0296362023, 0.0520851819, 0.0369121562, 0.0344276841, 0.0124223602, 0.0451641526, 0.0399290151;0.048447205, 0.0331854481, 0.0316770186, 0.0438331854, 0.048447205, 0.0436557232, 0.0327417924, 0.0496007098, 0.0331854481, 0.0419698314, 0.0467613132, 0.0352262644, 0.0247559894, 0.0450754215, 0.0246672582, 0.0365572316, 0.0315882875;0.0622892635, 0.034960071, 0.0471162378, 0.0488021295, 0.0367346939, 0.0247559894, 0.028216504, 0.0334516415, 0.0522626442, 0.0421472937, 0.0422360248, 0.0332741792, 0.0605146406, 0.0615794144, 0.0331854481, 0.0460514641, 0.0401952085];
alphabet = 'DNA';
data_class = 'dna';
feature_type = 'Char';
