kernel_arg1_degree = 20;
kernel_alphabet = 'DNA';
kernel_arg0_size = 10;
init_random = 42;
kernel_feature_type = 'Char';
kernel_accuracy = 1e-09;
kernel_data_train = {'CCCATATAAGGCGCGGCTGCTTGATAACGTGTAAGTGAAACATGGAAGTGTTAAGCCCCT', 'ACGGGTTGACGTTGGAAAACCGGGCCTATCGAACGCGCCTTGAATATCTCCGTTGTGTTC', 'GGGTCACACTGTATGAGTAGTAGCCGATACGCCTTTGTTCCACTGGAACTCTAGGTAAAT', 'AAGGTTGTGCTGCGCAGTGATACCACGTTTCGTCTCCGGGCGTTAAGCACTTCCGAGACC', 'GGCACGAAGTCCTTCTGTCTTCTCACTGGGACGTACAACGAATTCGCTGTAGGCCGGAGA', 'AGCCCGCTCGCGGCCCAAGTCCAATGACTACGGCTAGAGTCGTAGTGAACAGAACCGGAA', 'ACAGATCCTGGTCTCTCCGAACGTGTGAAGCACGCTGGTCGTGTCGATTTGAATCCGCGC', 'GTACCTCCGCTTGGAGGCATCGACTCGACTGTTTTATAAACGCACCTCACCGCCCCTATG', 'ATTGCGCATTATGACCTTAGTTAGTCCTATCAAAAGATGCCGCATCAGGCTGGCTCGCGA', 'ATCCGGAATGCTGAACTAATAGAGCAGGGGGGGGGGAACTTGCATTATCCGGTACCCGCC', 'CGGGACAACAGTATAGGTACACTTGGTCATCAAGGCGTTGTTCCCACCAACGTGCCAATC'};
kernel_matrix_train = [1, 0.0434152798, 0.0632441108, 0.0590768103, 0.0559940191, 0.0619963038, 0.0650224119, 0.0616534933, 0.0570272168, 0.063392638, 0.0492459324;0.0434152798, 1, 0.0651079848, 0.0707627681, 0.0367075929, 0.0493753536, 0.0629745676, 0.0643208589, 0.0634510134, 0.090127559, 0.0871566443;0.0632441108, 0.0651079848, 1, 0.0739158577, 0.0533800858, 0.0643365696, 0.0608863178, 0.0670310333, 0.0668596137, 0.043882975, 0.094077252;0.0590768103, 0.0707627681, 0.0739158577, 1, 0.0629728171, 0.0715826717, 0.0566803326, 0.0717943957, 0.0591690688, 0.0515780491, 0.0588388192;0.0559940191, 0.0367075929, 0.0533800858, 0.0629728171, 1, 0.0703203661, 0.0656309197, 0.0588399671, 0.0650227301, 0.0780213686, 0.0564355869;0.0619963038, 0.0493753536, 0.0643365696, 0.0715826717, 0.0703203661, 1, 0.0786937952, 0.0760453797, 0.0756673055, 0.0817384493, 0.0453136441;0.0650224119, 0.0629745676, 0.0608863178, 0.0566803326, 0.0656309197, 0.0786937952, 1, 0.0502392706, 0.0655392942, 0.0662936547, 0.0693874204;0.0616534933, 0.0643208589, 0.0670310333, 0.0717943957, 0.0588399671, 0.0760453797, 0.0502392706, 1, 0.0667480183, 0.0744324137, 0.0634835291;0.0570272168, 0.0634510134, 0.0668596137, 0.0591690688, 0.0650227301, 0.0756673055, 0.0655392942, 0.0667480183, 1, 0.0884736574, 0.0704063911;0.063392638, 0.090127559, 0.043882975, 0.0515780491, 0.0780213686, 0.0817384493, 0.0662936547, 0.0744324137, 0.0884736574, 1, 0.058713624;0.0492459324, 0.0871566443, 0.094077252, 0.0588388192, 0.0564355869, 0.0453136441, 0.0693874204, 0.0634835291, 0.0704063911, 0.058713624, 1];
kernel_name = 'WeightedDegreePositionString';
kernel_seqlen = 60;
kernel_feature_class = 'string';
kernel_matrix_test = [0.0672362241, 0.0886322719, 0.0677867465, 0.0563048137, 0.061110193, 0.0806889381, 0.059703583, 0.0868085742, 0.106581166, 0.0823140186, 0.0691507317, 0.0555864008, 0.0744292283, 0.0769171431, 0.0784971407, 0.0685481908, 0.0605354731;0.0387207331, 0.053319989, 0.0731090722, 0.061619322, 0.0779118345, 0.0389502827, 0.0412660718, 0.0570587207, 0.065000732, 0.0947274456, 0.0718575232, 0.0800835812, 0.0655609125, 0.049077972, 0.0855147017, 0.0668790358, 0.0612931524;0.0529350488, 0.0610960409, 0.0635659747, 0.106086981, 0.0644265258, 0.0537191757, 0.0668569894, 0.0808102954, 0.0725210907, 0.0574944204, 0.0520057466, 0.0483145139, 0.0465229133, 0.0786841717, 0.0727771004, 0.0738856807, 0.069203714;0.0812236746, 0.0538501499, 0.0702975456, 0.083776568, 0.0853109643, 0.0824691502, 0.0570465518, 0.0555411843, 0.0733711139, 0.0719291852, 0.0739768135, 0.0586957399, 0.0810377948, 0.0773011684, 0.0651409345, 0.0730577174, 0.0480981891;0.0663528345, 0.0728138678, 0.0782063063, 0.0490170614, 0.0603134995, 0.0823927037, 0.0679535897, 0.0859615201, 0.0970816268, 0.0602495219, 0.0562775224, 0.0732785589, 0.0989327693, 0.0913804905, 0.0715065682, 0.06931103, 0.0927994709;0.0693320478, 0.0889023291, 0.0792042185, 0.0796266451, 0.0866432766, 0.0497139188, 0.077732351, 0.0630560879, 0.0680815685, 0.0649033446, 0.0733736246, 0.0551345217, 0.0681793993, 0.0735503588, 0.0514795535, 0.0610767727, 0.0541646274;0.0681211101, 0.0743460504, 0.0681126342, 0.0464097924, 0.061679337, 0.064927559, 0.0867549373, 0.0647585481, 0.0542367303, 0.0827364452, 0.0839441013, 0.0572244579, 0.0632384033, 0.0596214917, 0.0608040628, 0.0745924929, 0.057748379;0.0693382337, 0.0596821365, 0.0718164661, 0.0902971378, 0.0737351138, 0.0812132894, 0.0781658866, 0.0664041779, 0.0630399519, 0.0883784743, 0.0811649813, 0.0586251241, 0.0817508584, 0.0663726009, 0.0706953263, 0.0666994162, 0.0730486016;0.0829337798, 0.0802262545, 0.0768441557, 0.063865718, 0.0559242722, 0.0606181616, 0.0841936439, 0.0803648625, 0.0730138796, 0.049399161, 0.0686995276, 0.0679851481, 0.0803451587, 0.0655505277, 0.0571718804, 0.0653929806, 0.0566449989;0.059058745, 0.0593126312, 0.0668886545, 0.0383888041, 0.0529578332, 0.0465276587, 0.0937539184, 0.0703015953, 0.104382173, 0.0637949024, 0.0601489617, 0.0679693087, 0.0693705938, 0.0786621305, 0.0512540366, 0.0750366857, 0.0773392315;0.0635985382, 0.0648618695, 0.0635405546, 0.0747857902, 0.0589927674, 0.0493705284, 0.0673375736, 0.0680350797, 0.0612360661, 0.0914352964, 0.0675698947, 0.0580378761, 0.0657165346, 0.0874543073, 0.0589242291, 0.0473646003, 0.0671782884];
kernel_data_test = {'TGAGCCGTTTAAACCGGTTATCCTATGTTGAACATCTGACCCGAGCTTAAGTCCACCCGC', 'ACTCTGCAGGGTGATGCGGACCCAAACTACCTAAATGACAATCGCGCCGAGTATACGGAT', 'TATGTATATGCATGCCTCATCCATAGTATCGCGCATATACTATCCGCCGCATTCGGGCTA', 'GTGTCCTCGATGCCGAGGATCCCGTACATCGCTGTAGTGATCACGTCCGCTTCATAAAAT', 'GTACTTGATCGGGGGACGCCACTCGGATCTAACCTAGATTCAGAAGTTGGTGCTAAGACC', 'GTACAGGCAGGACCTTGTGTACGGACCCCGTGTTCCATAGCTCTCCGTGTTTCCATTGCA', 'TATCCTACTGTTAACCCTAGAACTAGGAGTGAGGAAAACCCTGTGACTAACCCACGCGGG', 'AGACGACAACTCCGGTTTTAGTGTACTCGAGTCAATGAATTACTGTCGGTCACTCCGAAC', 'GGTTCGAAACACGCGCAAAAGTCCTAAGGGGACATTCACACGTCAAAATATGGCGCCCTC', 'CCAAAGCTGAGGGGGAGCGATCGTTGATGGTAAGTCGCGTAGTCCATCCCCGTCGGCATG', 'GATGTTTTATATCGATACTGACAGTGACTAGCTTCGGCCGATAACACCGTTATCCCCTCG', 'ATTCGGGGGAGCCTACAACTCGAGTCTTGCGTACCCTCCGAAGCCAGTTAGTCTTACAAT', 'TAGGCGTAAACCCGTCCTTACTACCAACTTTAATGCACCATATTCGGACGGGCCCCGTGG', 'GGGATACAATCTCCCGTCCTACCACATGTGGGTACGTTGAATCATAGGACAGCATCCAAT', 'CCTGCTGAGTCGTGAAGCTCCGGCAGTGCATTCGCGTAGACGAGCGAGGTTCAGGAAGTT', 'ACACTTCACTACGGTCGCTTTATCAAGCTGAGACGTCTTCGGATTATATCTCGACATCGT', 'TATAGGAACCTCTCTGTAGACGGAGGAGGATGTATACATGAACAGGTTGACGCGTTACTT'};
