accuracy = 1e-08
name = 'WeightedDegreePositionString'
data_type = ''
km_train = [1, 0.0556275934, 0.0832901107, 0.0767202628, 0.0742565698, 0.0614626556, 0.0648340249, 0.059085408, 0.0664764869, 0.0741701245, 0.0620677732;0.0556275934, 0.989799447, 0.0724844398, 0.0579616183, 0.0783627248, 0.0769363762, 0.0532503458, 0.0613329876, 0.0600363071, 0.0548063624, 0.0737811203;0.0832901107, 0.0724844398, 1.01339903, 0.0489280775, 0.0717064315, 0.0512188797, 0.0794865145, 0.0583073997, 0.0662171508, 0.0514349931, 0.0732192254;0.0767202628, 0.0579616183, 0.0489280775, 1.00510028, 0.0529910097, 0.0688969571, 0.0749049101, 0.0620677732, 0.067686722, 0.0643585754, 0.0645314661;0.0742565698, 0.0783627248, 0.0717064315, 0.0529910097, 1.01348548, 0.0587396266, 0.0498789765, 0.0645746888, 0.0972078147, 0.0681621715, 0.059085408;0.0614626556, 0.0769363762, 0.0512188797, 0.0688969571, 0.0587396266, 1, 0.0390733057, 0.0925829876, 0.0637534578, 0.0606846473, 0.097164592;0.0648340249, 0.0532503458, 0.0794865145, 0.0749049101, 0.0498789765, 0.0390733057, 1.0083852, 0.0804374136, 0.0622838866, 0.0737811203, 0.10131397;0.059085408, 0.0613329876, 0.0583073997, 0.0620677732, 0.0645746888, 0.0925829876, 0.0804374136, 1.02351314, 0.0875259336, 0.0528613416, 0.0643585754;0.0664764869, 0.0600363071, 0.0662171508, 0.067686722, 0.0972078147, 0.0637534578, 0.0622838866, 0.0875259336, 0.996628631, 0.0648340249, 0.0730463347;0.0741701245, 0.0548063624, 0.0514349931, 0.0643585754, 0.0681621715, 0.0606846473, 0.0737811203, 0.0528613416, 0.0648340249, 0.998357538, 0.0631051176;0.0620677732, 0.0737811203, 0.0732192254, 0.0645314661, 0.059085408, 0.097164592, 0.10131397, 0.0643585754, 0.0730463347, 0.0631051176, 1.00155602]
data_train = ['CACTGTTGGGCAGCTTCGAAAGCTCCACGCCGGACCATGGTTGTATCTATGTGTAGGTAG', 'TGCCGAGCCTTGCGAATGCAGGTACAGTGCATCGACAATTCTCGCGTGGCTCTCGCTATT', 'ACCTTAGAGCGGATAATAGGGGATCCCATGGTGGCGTCGTGCCCGCTTCTGCTAGGGCCG', 'TCCCGTCCGGACACCCGAGTTACCTTGTCTGCGTCCGGCACTACCAAAGTATGCAAGTAT', 'TTGGGAATAGTGGCTGACAGCTTCAGCAAGGTTAATATTTGAACCTCGGGGTGTCGGTCT', 'AGCCGCCCAATTTGCTATCTTCTTAGTGTATGCTGAACCGATGTTCGCGTTGTAGTACGG', 'CTTTCACGACGCAAAGAAACGAGACCTACGTGTCCCTGCCGCAGAAATACCGCTTACGTT', 'ACGGAACAACGTCTGTTTTCAGGCATGGGTCGTTCCTCCACCATTTCCGTTCTTTTAAGC', 'TTGGTTAATAGAGCTGCTTTCACTAAGTGAGTTCGGTCTCGCCATATATGAGAGAATAAT', 'CAGGATGGAGAAGGCCACGTGCAGAGTACAGGCACCTAGAAGAGATGATCTTAACCCTTG', 'TTTCCGTGAGGTTTGCGTCTTGTACTCGCGTGTCTCATCTGCTAGGGATGCCCAGCACGG']
feature_class = 'string'
seqlen = 60
data_test = ['GTGCAGAAAAATTTAAGTGCACGATCGTGTTCCCACATTCTAGGTCGGACCTGTGCTGCG', 'GCGCTCGTCAGCTTCCCCTTCACCTATGGCGGTCCGACTACCGAGAAGCTACACTTAGGA']
kernel_arg0_degree = 20
km_test = [0.0561894882, 0.0497060858;0.0999740664, 0.053898686;0.0619381051, 0.0497060858;0.0445625864, 0.0959543568;0.0746023513, 0.0378198479;0.091156639, 0.0733056708;0.0649204703, 0.0791407331;0.0703233057, 0.0963865837;0.0588260719, 0.0951331259;0.0599930844, 0.0673841632;0.0865750346, 0.0842842324]
alphabet = 'DNA'
data_class = 'dna'
feature_type = 'Char'
