kernel_alphabet = 'DNA';
init_random = 42;
kernel_feature_type = 'Char';
kernel_accuracy = 1e-09;
kernel_data_train = {'CCCATATAAGGCGCGGCTGCTTGATAACGTGTAAGTGAAACATGGAAGTGTTAAGCCCCT', 'ACGGGTTGACGTTGGAAAACCGGGCCTATCGAACGCGCCTTGAATATCTCCGTTGTGTTC', 'GGGTCACACTGTATGAGTAGTAGCCGATACGCCTTTGTTCCACTGGAACTCTAGGTAAAT', 'AAGGTTGTGCTGCGCAGTGATACCACGTTTCGTCTCCGGGCGTTAAGCACTTCCGAGACC', 'GGCACGAAGTCCTTCTGTCTTCTCACTGGGACGTACAACGAATTCGCTGTAGGCCGGAGA', 'AGCCCGCTCGCGGCCCAAGTCCAATGACTACGGCTAGAGTCGTAGTGAACAGAACCGGAA', 'ACAGATCCTGGTCTCTCCGAACGTGTGAAGCACGCTGGTCGTGTCGATTTGAATCCGCGC', 'GTACCTCCGCTTGGAGGCATCGACTCGACTGTTTTATAAACGCACCTCACCGCCCCTATG', 'ATTGCGCATTATGACCTTAGTTAGTCCTATCAAAAGATGCCGCATCAGGCTGGCTCGCGA', 'ATCCGGAATGCTGAACTAATAGAGCAGGGGGGGGGGAACTTGCATTATCCGGTACCCGCC', 'CGGGACAACAGTATAGGTACACTTGGTCATCAAGGCGTTGTTCCCACCAACGTGCCAATC'};
kernel_matrix_train = [1, 0.0248447205, 0.0387755102, 0.0246672582, 0.0211180124, 0.0385980479, 0.0264418811, 0.0342502218, 0.0316770186, 0.0265306122, 0.0230700976;0.0248447205, 1, 0.0315882875, 0.0336291038, 0.014108252, 0.0247559894, 0.028216504, 0.0402839397, 0.028216504, 0.0519964508, 0.0538598048;0.0387755102, 0.0315882875, 1, 0.0314995563, 0.0335403727, 0.0247559894, 0.0351375333, 0.0265306122, 0.0432120674, 0.0141969831, 0.0620230701;0.0246672582, 0.0336291038, 0.0314995563, 1, 0.0366459627, 0.0419698314, 0.0247559894, 0.0504880213, 0.0334516415, 0.014108252, 0.0298136646;0.0211180124, 0.014108252, 0.0335403727, 0.0366459627, 1, 0.0334516415, 0.0330079858, 0.0265306122, 0.0385093168, 0.0433007986, 0.0334516415;0.0385980479, 0.0247559894, 0.0247559894, 0.0419698314, 0.0334516415, 1, 0.0262644188, 0.0438331854, 0.0437444543, 0.0526175688, 0.0212067436;0.0264418811, 0.028216504, 0.0351375333, 0.0247559894, 0.0330079858, 0.0262644188, 1, 0.0278615794, 0.038065661, 0.0299023957, 0.0456078083;0.0342502218, 0.0402839397, 0.0265306122, 0.0504880213, 0.0265306122, 0.0438331854, 0.0278615794, 1, 0.0468500444, 0.0454303461, 0.0401064774;0.0316770186, 0.028216504, 0.0432120674, 0.0334516415, 0.0385093168, 0.0437444543, 0.038065661, 0.0468500444, 1, 0.0639751553, 0.0425022183;0.0265306122, 0.0519964508, 0.0141969831, 0.014108252, 0.0433007986, 0.0526175688, 0.0299023957, 0.0454303461, 0.0639751553, 1, 0.0333629104;0.0230700976, 0.0538598048, 0.0620230701, 0.0298136646, 0.0334516415, 0.0212067436, 0.0456078083, 0.0401064774, 0.0425022183, 0.0333629104, 1];
kernel_arg0_degree = 20;
kernel_name = 'WeightedDegreeString';
kernel_seqlen = 60;
kernel_feature_class = 'string';
kernel_matrix_test = [0.0262644188, 0.05581189, 0.0345164153, 0.0281277728, 0.0334516415, 0.0314108252, 0.0296362023, 0.0537710736, 0.0756876664, 0.0336291038, 0.0264418811, 0.0297249335, 0.0452528838, 0.0402839397, 0.0334516415, 0.0335403727, 0.030079858;0.0124223602, 0.0246672582, 0.0513753327, 0.0398402839, 0.036823425, 0.014108252, 0.0176574978, 0.0369121562, 0.0384205856, 0.0653948536, 0.0420585626, 0.0473824312, 0.0403726708, 0.0262644188, 0.0397515528, 0.0416149068, 0.0297249335;0.028216504, 0.0400177462, 0.0298136646, 0.0618456078, 0.0385093168, 0.0264418811, 0.0348713398, 0.0535048802, 0.0369121562, 0.0383318545, 0.0228926353, 0.0244010648, 0.0264418811, 0.0415261757, 0.0419698314, 0.0430346051, 0.036823425;0.0557231588, 0.0229813665, 0.0316770186, 0.0501330967, 0.0598935226, 0.0535048802, 0.0283052351, 0.0315882875, 0.0366459627, 0.0506654836, 0.0332741792, 0.0299911269, 0.0418811003, 0.0316770186, 0.036823425, 0.0422360248, 0.0245785271;0.0316770186, 0.0331854481, 0.0508429459, 0.0177462289, 0.034960071, 0.0522626442, 0.0385093168, 0.0420585626, 0.0532386868, 0.0317657498, 0.034960071, 0.0433007986, 0.0599822538, 0.0385980479, 0.0448979592, 0.034960071, 0.0433895297;0.0264418811, 0.0467613132, 0.0466725821, 0.0417923691, 0.0494232476, 0.0247559894, 0.0316770186, 0.0366459627, 0.0452528838, 0.0469387755, 0.0517302573, 0.0297249335, 0.041703638, 0.0469387755, 0.02635315, 0.0317657498, 0.0369121562;0.0472937001, 0.0541259982, 0.0299023957, 0.0106477374, 0.0353149956, 0.0402839397, 0.0471162378, 0.0468500444, 0.0194321207, 0.0400177462, 0.0334516415, 0.0228926353, 0.0330079858, 0.0228926353, 0.0330079858, 0.0434782609, 0.0158828749;0.0334516415, 0.0265306122, 0.0346051464, 0.0472937001, 0.0519964508, 0.0485359361, 0.0437444543, 0.0385980479, 0.036823425, 0.0504880213, 0.0419698314, 0.0415261757, 0.0442768412, 0.0370008873, 0.0471162378, 0.0351375333, 0.0401064774;0.0437444543, 0.0552795031, 0.0471162378, 0.0296362023, 0.0264418811, 0.0299911269, 0.0417923691, 0.0332741792, 0.0503992902, 0.0264418811, 0.0382431233, 0.0360248447, 0.0401952085, 0.0419698314, 0.0346938776, 0.0386867791, 0.0212067436;0.0176574978, 0.0332741792, 0.0397515528, 0.0212067436, 0.0264418811, 0.028216504, 0.0507542147, 0.0316770186, 0.0552795031, 0.02635315, 0.0314995563, 0.0452528838, 0.0334516415, 0.0539485359, 0.0195208518, 0.0317657498, 0.0414374445;0.0332741792, 0.0334516415, 0.0316770186, 0.0316770186, 0.038065661, 0.0281277728, 0.0419698314, 0.0299911269, 0.0246672582, 0.0590062112, 0.0433007986, 0.0314108252, 0.0351375333, 0.0334516415, 0.0247559894, 0.0228926353, 0.0399290151];
kernel_data_test = {'TGAGCCGTTTAAACCGGTTATCCTATGTTGAACATCTGACCCGAGCTTAAGTCCACCCGC', 'ACTCTGCAGGGTGATGCGGACCCAAACTACCTAAATGACAATCGCGCCGAGTATACGGAT', 'TATGTATATGCATGCCTCATCCATAGTATCGCGCATATACTATCCGCCGCATTCGGGCTA', 'GTGTCCTCGATGCCGAGGATCCCGTACATCGCTGTAGTGATCACGTCCGCTTCATAAAAT', 'GTACTTGATCGGGGGACGCCACTCGGATCTAACCTAGATTCAGAAGTTGGTGCTAAGACC', 'GTACAGGCAGGACCTTGTGTACGGACCCCGTGTTCCATAGCTCTCCGTGTTTCCATTGCA', 'TATCCTACTGTTAACCCTAGAACTAGGAGTGAGGAAAACCCTGTGACTAACCCACGCGGG', 'AGACGACAACTCCGGTTTTAGTGTACTCGAGTCAATGAATTACTGTCGGTCACTCCGAAC', 'GGTTCGAAACACGCGCAAAAGTCCTAAGGGGACATTCACACGTCAAAATATGGCGCCCTC', 'CCAAAGCTGAGGGGGAGCGATCGTTGATGGTAAGTCGCGTAGTCCATCCCCGTCGGCATG', 'GATGTTTTATATCGATACTGACAGTGACTAGCTTCGGCCGATAACACCGTTATCCCCTCG', 'ATTCGGGGGAGCCTACAACTCGAGTCTTGCGTACCCTCCGAAGCCAGTTAGTCTTACAAT', 'TAGGCGTAAACCCGTCCTTACTACCAACTTTAATGCACCATATTCGGACGGGCCCCGTGG', 'GGGATACAATCTCCCGTCCTACCACATGTGGGTACGTTGAATCATAGGACAGCATCCAAT', 'CCTGCTGAGTCGTGAAGCTCCGGCAGTGCATTCGCGTAGACGAGCGAGGTTCAGGAAGTT', 'ACACTTCACTACGGTCGCTTTATCAAGCTGAGACGTCTTCGGATTATATCTCGACATCGT', 'TATAGGAACCTCTCTGTAGACGGAGGAGGATGTATACATGAACAGGTTGACGCGTTACTT'};
