accuracy = 1e-10
name = 'WeightedDegreeString'
data_type = ''
km_train = [1, 0.0420585626, 0.0314108252, 0.0385093168, 0.0299911269, 0.0212067436, 0.0367346939, 0.0419698314, 0.0334516415, 0.0247559894, 0.0483584738;0.0420585626, 1, 0.0350488021, 0.0831410825, 0.0211180124, 0.05581189, 0.0598935226, 0.0314995563, 0.0622005324, 0.0229813665, 0.0279503106;0.0314108252, 0.0350488021, 1, 0.0262644188, 0.0369121562, 0.0369121562, 0.0281277728, 0.0297249335, 0.0335403727, 0.0317657498, 0.0433007986;0.0385093168, 0.0831410825, 0.0262644188, 1, 0.0283052351, 0.0503992902, 0.0367346939, 0.0314108252, 0.0367346939, 0.0369121562, 0.0402839397;0.0299911269, 0.0211180124, 0.0369121562, 0.0283052351, 1, 0.0265306122, 0.0345164153, 0.0370008873, 0.0141969831, 0.0330967169, 0.0422360248;0.0212067436, 0.05581189, 0.0369121562, 0.0503992902, 0.0265306122, 1, 0.0415261757, 0.036823425, 0.02635315, 0.0228039042, 0.0226264419;0.0367346939, 0.0598935226, 0.0281277728, 0.0367346939, 0.0345164153, 0.0415261757, 1, 0.0261756877, 0.0598047915, 0.0246672582, 0.0369121562;0.0419698314, 0.0314995563, 0.0297249335, 0.0314108252, 0.0370008873, 0.036823425, 0.0261756877, 1, 0.0332741792, 0.0247559894, 0.0296362023;0.0334516415, 0.0622005324, 0.0335403727, 0.0367346939, 0.0141969831, 0.02635315, 0.0598047915, 0.0332741792, 1, 0.0261756877, 0.0459627329;0.0247559894, 0.0229813665, 0.0317657498, 0.0369121562, 0.0330967169, 0.0228039042, 0.0246672582, 0.0247559894, 0.0261756877, 1, 0.0385980479;0.0483584738, 0.0279503106, 0.0433007986, 0.0402839397, 0.0422360248, 0.0226264419, 0.0369121562, 0.0296362023, 0.0459627329, 0.0385980479, 1]
data_train = ['CAATTGTACTCGGTAGTAACGACTTTCTAAATCATGGCCAATACCCTACCGTAGGAAACT', 'GGACTTCTGGTAATCGTGATTCCGTGCATTTTTAACGCCCGGCGGCTGTGACATGGCTCG', 'AGCTCACTGAGAGAGGATGTCATCTTAAGGAGTTGAATGGGTGTAGGTGGCCAGGCAAGG', 'CTACCTAGAAGAATAACCAGGCGAGATTTCGGGAACGCCCCGGGACTCGAGCCGATACCG', 'CGGTCGGCACCATTTAAAAGTCTAATACGCACCGTGTGGGTCGAGCCTCGCTCTTTTGGC', 'GCCTTAGGGAATGCCACCATGCCATCTGCCTAGTATGGCTTGCGATGTTGCGATGTCCAG', 'TCCATTGGGACTATATGTCGTAATCGGGTCACCCGCGTGAGGACCTCCTGACACAGTTCT', 'AACATGGTTCCCTACTGAGTCCCTTAAAACTAAGCGACCCTAAAAAAACAGGCTCTAGCA', 'CATCCCCGGGGCATATGATTTAAGTGCCTGTTGTGTCCAATTTCAGACGTACTTGGGACA', 'TATCGATTTACACAACAGGCAGGCAGATTAGCCAATCAGGTGGACGGAAAAACGCACCTG', 'TGGACCTCATCGCTAGTGTAGCATAAAGGGAGCGATGATGCTAACGTTGTACTCATAGGG']
feature_class = 'string'
seqlen = 60
data_test = ['GCCAGTAACTAAGCATGGGCCGCTAGCCGCGTCATGCGCACGTAAGTGGCGGCATCGTCG', 'CTGTTACTCTACTCGATCAGTACAGATCACGCAGCATTTTGATTAATAAGTGCTCAAATT']
kernel_arg1_max_mismatch = 0
km_test = [0.0614906832, 0.0401064774;0.0367346939, 0.0212067436;0.0228926353, 0.0331854481;0.0369121562, 0.0464951198;0.0279503106, 0.0385093168;0.0331854481, 0.0385093168;0.0382431233, 0.022715173;0.0418811003, 0.0552795031;0.0382431233, 0.0194321207;0.0402839397, 0.0228039042;0.028216504, 0.0141969831]
alphabet = 'DNA'
kernel_arg0_degree = 20
data_class = 'dna'
feature_type = 'Char'
