kernel_alphabet = 'DNA';
kernel_arg0_size = 10;
init_random = 42;
kernel_feature_type = 'Word';
kernel_gap = 0;
kernel_arg1_use_sign = 'False';
kernel_accuracy = 1e-09;
kernel_data_train = {'TGCATTCGCGTAGACGAGCGAGGTTCAGGAAGTTACACTTCACTACGGTCGCTTTATCAA', 'GCTGAGACGTCTTCGGATTATATCTCGACATCGTTATAGGAACCTCTCTGTAGACGGAGG', 'AGGATGTATACATGAACAGGTTGACGCGTTACTTCGGCATGAGGTATAGGCCTGCAAATT', 'TAGATCAGCGGGTCCTGATAAAAAACCAGAACCCCGGTGCATACCGTTACTGCGGTGCGT', 'GGTGCGGACGCTCTCACGCAGCGTTCGCTTCAACGGCGTGAGGTCCGGGAGACGACGGAG', 'ACCATATTTCTTACAGGATATAGACGCGTATAAATATTCGTCACTTAATAGATTCACCCG', 'ACTGCGTGAATTGAGTCAGTAGGGGGAAGAGGAGGCCTCGAAATCAGAACCGCCTTTTGG', 'GTGATTTACCGACACGTAGAAGGTCTAAATAAGAAAAGGAATGGCATGACCATTACTAGG', 'GGGTCTACAGATGAGTGATGCCCTCATATCGATGTGACCGTCGTATCGCCATTATGTACG', 'ACCACTCAGGGTACTTGACAGAACCCCGCGCCGCGGTCCGACGACGTTCGAATACTTTTG', 'AGCCTCACATGGGGTGTTTGTCTTTTCACTACGGTGTGTCATGGCCGACCGGTGTGGAAG'};
kernel_matrix_train = [1, 0.958988641, 0.943108621, 0.923833547, 0.90653499, 0.894268673, 0.928900487, 0.883499785, 0.937984313, 0.936842913, 0.918742002;0.958988641, 1, 0.935287663, 0.908722966, 0.866323897, 0.912611047, 0.920591635, 0.895591251, 0.956885856, 0.901891755, 0.892273145;0.943108621, 0.935287663, 1, 0.939158629, 0.862652857, 0.893126795, 0.955580785, 0.948607821, 0.948355555, 0.879605657, 0.898050182;0.923833547, 0.908722966, 0.939158629, 1, 0.890276077, 0.865436122, 0.935246076, 0.915221454, 0.923420137, 0.944935414, 0.877873796;0.90653499, 0.866323897, 0.862652857, 0.890276077, 1, 0.683908917, 0.898917193, 0.753363307, 0.85131262, 0.915491576, 0.887709465;0.894268673, 0.912611047, 0.893126795, 0.865436122, 0.683908917, 1, 0.823617785, 0.918541583, 0.896502701, 0.833742268, 0.774544614;0.928900487, 0.920591635, 0.955580785, 0.935246076, 0.898917193, 0.823617785, 1, 0.921836042, 0.907660247, 0.892829097, 0.894006724;0.883499785, 0.895591251, 0.948607821, 0.915221454, 0.753363307, 0.918541583, 0.921836042, 1, 0.882477768, 0.838155389, 0.791333889;0.937984313, 0.956885856, 0.948355555, 0.923420137, 0.85131262, 0.896502701, 0.907660247, 0.882477768, 1, 0.891213064, 0.927521967;0.936842913, 0.901891755, 0.879605657, 0.944935414, 0.915491576, 0.833742268, 0.892829097, 0.838155389, 0.891213064, 1, 0.869172124;0.918742002, 0.892273145, 0.898050182, 0.877873796, 0.887709465, 0.774544614, 0.894006724, 0.791333889, 0.927521967, 0.869172124, 1];
kernel_name = 'WeightedCommWordString';
kernel_order = 3;
kernel_seqlen = 60;
kernel_feature_class = 'string_complex';
kernel_matrix_test = [0.969562655, 0.868706039, 0.936830827, 0.89305599, 0.941347446, 0.971533575, 0.902529591, 0.95799951, 0.904141908, 0.910526094, 0.942253288, 0.956948833, 0.951346658, 0.961893225, 0.936336284, 0.91617974, 0.897842411;0.958655855, 0.860967664, 0.941596538, 0.882986634, 0.929503823, 0.956157452, 0.901468158, 0.937597426, 0.869109869, 0.903926403, 0.92089435, 0.934901564, 0.941260378, 0.93267993, 0.903248917, 0.901307306, 0.893234645;0.941818807, 0.912074138, 0.938387492, 0.94814389, 0.952026585, 0.964865163, 0.907020357, 0.957025008, 0.908283262, 0.970766684, 0.956076816, 0.968918354, 0.912835435, 0.909945316, 0.859293167, 0.95160492, 0.898789371;0.92220575, 0.919333976, 0.896493763, 0.931704913, 0.945545286, 0.947331869, 0.952323484, 0.94744239, 0.954999055, 0.93193304, 0.960250525, 0.937165677, 0.957768721, 0.929294344, 0.928748926, 0.930693282, 0.958395361;0.882585643, 0.728157419, 0.782581538, 0.892562167, 0.936191608, 0.89934308, 0.934008332, 0.919141689, 0.869778431, 0.805472169, 0.863835817, 0.887601811, 0.899596671, 0.898507237, 0.897944496, 0.844777206, 0.82019118;0.882099098, 0.919967043, 0.92552619, 0.796009974, 0.805538735, 0.891760654, 0.783497925, 0.874179078, 0.839814735, 0.907735646, 0.885351632, 0.870352374, 0.870181422, 0.858599788, 0.830441191, 0.876555108, 0.882557831;0.928555544, 0.875081829, 0.905788633, 0.951067891, 0.955337683, 0.953211902, 0.939467509, 0.943330035, 0.911425004, 0.936072575, 0.938252812, 0.973720185, 0.922539139, 0.898893102, 0.87028196, 0.937146143, 0.887877369;0.873209141, 0.963309876, 0.908273747, 0.918888703, 0.879098633, 0.911723142, 0.851880214, 0.916710958, 0.91193719, 0.977115705, 0.919444071, 0.926899539, 0.884295117, 0.827584458, 0.799963817, 0.931930685, 0.89130723;0.947049092, 0.856552445, 0.940065487, 0.870664492, 0.927019349, 0.955840213, 0.899949, 0.93231956, 0.872442113, 0.899651076, 0.943000868, 0.931769565, 0.934383019, 0.937667523, 0.884964526, 0.894934426, 0.897838947;0.916145804, 0.848057622, 0.842174176, 0.881270706, 0.91828705, 0.920562337, 0.935154629, 0.930522627, 0.931787832, 0.864223841, 0.925107075, 0.906685839, 0.958782621, 0.934611294, 0.958334022, 0.868072232, 0.927251206;0.922043777, 0.739309335, 0.895321746, 0.856166322, 0.931366696, 0.940399554, 0.871980437, 0.890114613, 0.824468227, 0.815840856, 0.898746903, 0.922696048, 0.902886419, 0.915948134, 0.874000289, 0.808399899, 0.812357008];
kernel_data_test = {'CTGTTACGCCTTTGCGCGATTGTCATTGATAGCTCTCCTAGCTACGCAGGAGTAGGAACT', 'ATGCGTACGAAACATTACAACCTCCAATATAGTACTAGAAATAAGCCAGGCAGTCAAGTA', 'CACCTATCTGATAGTAGTTGCGGGTAAGTCTTTTTTGAAAAATGCTCATCGCGTATAGTT', 'AAGACTGACTGGCACGCGGGATGAAGCAAATGGTGGCGACAAACTCTGGATAGGCACTTT', 'CCATCCTGGACTGCACGAGGTATGCTAGCGGAGGTACGAGACTTGTGGTGGCTCAAACTG', 'ATGGCTCACGGAAGGCTTAGAGCATTAACGTGGTGGGTACATCCTTTATCACGAGTCCCT', 'ACCTACCTAGATGGCCAGTCTATCCCGGCGACCGGGGATAGAGGCGAAGTCCGGCTGAAC', 'GATCGATTATCGTGTTTACGGGATTCAAAGTAGGCGGTCGCAACACGGACGCCGACAATC', 'GGAATTCCTCACCACGGACGAACATGCGCAAGACAAGTGGTAACCCAAGTCAGCACGTGC', 'CATGAGCTTAGCAGGAGGACGATAAAGGCCTACAACACTATGCGCATGTTAAATTGAATT', 'AACATCGCCATGCCAAGGCTGCATGAGCTTGGAGTCGTAAGTTGTGATAACCCACACTTT', 'CGCAGGTGATGTTCAAAACTTGACGATTCGAGAAGGGCGTTTTGGAATTGCACCCTAGCT', 'TCTGAGAGTTCCACACGTACCACCGTCGATAAACGTTCGGTGGGGAAGTCTACCTCCAGT', 'CTTATCAGGCATGCCACGGATCGCCAGCAACAGCGTGTTTATTCCTGCTCAGGTCTCGAC', 'TATCAAGCGGCCCTCACGGTTCCGTCCTCCTTACCTTTCAGCGGCTAGCGGACAAGACAG', 'GCGTAGCAGATAAGGGCTTCTGACATAGCGATATTGAATAAGCAGCAGCGAGCCAATCGT', 'GCCTGGCTGCGCATAGCCCTCAGAAAACCATATGATCCCGCAAGAACTCCTAGTTACATT'};
kernel_reverse = 'False';
