kernel_arg1_normalization = 2
accuracy = 1e-09
name = 'WeightedCommWordString'
data_type = ''
km_train = [1, 0.896902362, 0.843227396, 0.904204681, 0.880550634, 0.796895464, 0.8809081, 0.763395822, 0.802429291, 0.839807196, 0.87996381;0.896902362, 1, 0.924017171, 0.955921526, 0.901088574, 0.901597502, 0.937827362, 0.886426971, 0.937144579, 0.940772097, 0.934242857;0.843227396, 0.924017171, 1, 0.949864643, 0.948202097, 0.948340485, 0.969175938, 0.965341706, 0.908138297, 0.978828878, 0.952908843;0.904204681, 0.955921526, 0.949864643, 1, 0.927567688, 0.897618223, 0.950068616, 0.909905433, 0.907157968, 0.943094995, 0.955218396;0.880550634, 0.901088574, 0.948202097, 0.927567688, 1, 0.956605469, 0.929153958, 0.923033081, 0.881234963, 0.947390382, 0.948340825;0.796895464, 0.901597502, 0.948340485, 0.897618223, 0.956605469, 1, 0.903145481, 0.953236629, 0.909294638, 0.956730678, 0.928151123;0.8809081, 0.937827362, 0.969175938, 0.950068616, 0.929153958, 0.903145481, 1, 0.916395481, 0.874449489, 0.969421755, 0.930985177;0.763395822, 0.886426971, 0.965341706, 0.909905433, 0.923033081, 0.953236629, 0.916395481, 1, 0.923101932, 0.952986245, 0.904349924;0.802429291, 0.937144579, 0.908138297, 0.907157968, 0.881234963, 0.909294638, 0.874449489, 0.923101932, 1, 0.909737841, 0.923820628;0.839807196, 0.940772097, 0.978828878, 0.943094995, 0.947390382, 0.956730678, 0.969421755, 0.952986245, 0.909737841, 1, 0.942581276;0.87996381, 0.934242857, 0.952908843, 0.955218396, 0.948340825, 0.928151123, 0.930985177, 0.904349924, 0.923820628, 0.942581276, 1]
data_train = ['ATCACCCCCGGCTCTCTGCGGAACCCCGCACGTGAACCGGGTACCACCACACAAAGGCTA', 'GGCACCTACAATTTTGTTTGCCGTCGCACACTGGGTCCGACAGGCTCTTGACCACAGTTC', 'GACACGGGGCGAAGCAGTGCTCTATAATTCATCATACATTACCGGTATAGGCGCTTGATC', 'GCGGTACGTGACGGCTCCGACGGACGAGCGCCATTTCCAGCTACCATATTACATTTGCCG', 'GGAGTCCGCCGAAGTGTATAATACGACTCGGCAAAACTGAACTGGAATTCTCGGCGACCC', 'GATTTGGCTAAGAATGACTGGGCCTCCGAATTGGCAATCGTCAATTCTTGAAAAGCGGTT', 'TACGGGCAGAGATATCACCGTATTGGCCAGTACCGCACAGGCTAGATTCACACGTAGTTC', 'TCCATCCTTACGCGGTCTAGAAGCTAAATTGGATCGGGGCGAGATAACTTATATTTTATT', 'ATGATCCTGCCTATTCCACTGTCGAACTTATCTTCTTTCAAGGTGCGCGAGGTGTCTCAC', 'CAAGTAGGATGATACTCGACAACGCAGCAGCCTTTCAGATGGGCTTTAATTGCACGGTAA', 'ATAGTCGCCCACGTCTGGCATATAAGGCTCGCATCGAATGCTGCGACGGTGTGCTGACCT']
feature_class = 'string_complex'
seqlen = 60
data_test = ['CTGTCATGGCACTGCTAGTGCCGCCGAAACACACGATTTTTGGTGAATATTCGAGCCTGT', 'ATGACCTGGCATAGAAATTCTAATAGCGTTACAGAGGCGGTATACTCGGTCTCTCTGACC']
gap = 0
feature_obtain = 'Char'
km_test = [0.854350855, 0.812930696;0.963792549, 0.911614425;0.951986391, 0.973534945;0.952949988, 0.919196732;0.939571221, 0.952701036;0.95142799, 0.955344417;0.934384232, 0.939937431;0.934192749, 0.968506572;0.953965889, 0.930523699;0.962061061, 0.963184402;0.963616187, 0.941298668]
feature_type = 'Word'
kernel_arg0_use_sign = 'False'
alphabet = 'DNA'
data_class = 'dna'
name_features = 'StringWord'
order = 3
reverse = 'False'
