accuracy = 1e-08
name = 'WeightedDegreePositionString'
data_type = ''
km_train = [1, 0.0635375663, 0.0590877974, 0.0617833305, 0.0610559644, 0.0578897826, 0.0689714188, 0.0803097724, 0.0688430601, 0.0510439843, 0.0669604655;0.0635375663, 1.00282389, 0.0725654629, 0.119288037, 0.0492897484, 0.0867277084, 0.0823635119, 0.0649495122, 0.102473045, 0.054381311, 0.0587455074;0.0590877974, 0.0725654629, 0.98998802, 0.0524987164, 0.0712390895, 0.0660619545, 0.0507872668, 0.061868903, 0.0645644361, 0.0675594729, 0.0918192709;0.0617833305, 0.119288037, 0.0524987164, 1.00487763, 0.0675594729, 0.0832192367, 0.0642221462, 0.061526613, 0.0600718809, 0.0878401506, 0.0690997775;0.0610559644, 0.0492897484, 0.0712390895, 0.0675594729, 1.00633236, 0.0677734041, 0.0787266815, 0.0676022591, 0.059729591, 0.0547663871, 0.0837754578;0.0578897826, 0.0867277084, 0.0660619545, 0.0832192367, 0.0677734041, 0.98827657, 0.0696559986, 0.0601146671, 0.054210166, 0.0457812767, 0.0545096697;0.0689714188, 0.0823635119, 0.0507872668, 0.0642221462, 0.0787266815, 0.0696559986, 0.991528324, 0.0588310799, 0.0780421017, 0.060799247, 0.0634092076;0.0803097724, 0.0649495122, 0.061868903, 0.061526613, 0.0676022591, 0.0601146671, 0.0588310799, 1.03268869, 0.0584460038, 0.0536539449, 0.0759455759;0.0688430601, 0.102473045, 0.0645644361, 0.0600718809, 0.059729591, 0.054210166, 0.0780421017, 0.0584460038, 1.00966969, 0.0498459695, 0.0698271436;0.0510439843, 0.054381311, 0.0675594729, 0.0878401506, 0.0547663871, 0.0457812767, 0.060799247, 0.0536539449, 0.0498459695, 1.00282389, 0.0651634434;0.0669604655, 0.0587455074, 0.0918192709, 0.0690997775, 0.0837754578, 0.0545096697, 0.0634092076, 0.0759455759, 0.0698271436, 0.0651634434, 0.986393976]
data_train = ['CAATTGTACTCGGTAGTAACGACTTTCTAAATCATGGCCAATACCCTACCGTAGGAAACT', 'GGACTTCTGGTAATCGTGATTCCGTGCATTTTTAACGCCCGGCGGCTGTGACATGGCTCG', 'AGCTCACTGAGAGAGGATGTCATCTTAAGGAGTTGAATGGGTGTAGGTGGCCAGGCAAGG', 'CTACCTAGAAGAATAACCAGGCGAGATTTCGGGAACGCCCCGGGACTCGAGCCGATACCG', 'CGGTCGGCACCATTTAAAAGTCTAATACGCACCGTGTGGGTCGAGCCTCGCTCTTTTGGC', 'GCCTTAGGGAATGCCACCATGCCATCTGCCTAGTATGGCTTGCGATGTTGCGATGTCCAG', 'TCCATTGGGACTATATGTCGTAATCGGGTCACCCGCGTGAGGACCTCCTGACACAGTTCT', 'AACATGGTTCCCTACTGAGTCCCTTAAAACTAAGCGACCCTAAAAAAACAGGCTCTAGCA', 'CATCCCCGGGGCATATGATTTAAGTGCCTGTTGTGTCCAATTTCAGACGTACTTGGGACA', 'TATCGATTTACACAACAGGCAGGCAGATTAGCCAATCAGGTGGACGGAAAAACGCACCTG', 'TGGACCTCATCGCTAGTGTAGCATAAAGGGAGCGATGATGCTAACGTTGTACTCATAGGG']
feature_class = 'string'
seqlen = 60
data_test = ['GCCAGTAACTAAGCATGGGCCGCTAGCCGCGTCATGCGCACGTAAGTGGCGGCATCGTCG', 'CTGTTACTCTACTCGATCAGTACAGATCACGCAGCATTTTGATTAATAAGTGCTCAAATT']
kernel_arg0_degree = 20
km_test = [0.0846311826, 0.0666609618;0.0758600034, 0.0424011638;0.066147527, 0.0640937874;0.0727793941, 0.0686719151;0.060799247, 0.0576330652;0.0757744309, 0.0616549718;0.0656768783, 0.0548519596;0.0709823721, 0.0837326716;0.0581465001, 0.0467653603;0.0651634434, 0.0661047407;0.0658908095, 0.0623823378]
alphabet = 'DNA'
data_class = 'dna'
feature_type = 'Char'
