accuracy = 1e-08;
init_random = 42;
name = 'WeightedDegreePositionString';
data_type = '';
km_train = [1, 0.0559134986, 0.0827376529, 0.0765253607, 0.073760885, 0.0614626556, 0.0645638994, 0.058402781, 0.0665888294, 0.0742311104, 0.0620195402;0.0559134986, 1, 0.0723737275, 0.0581115156, 0.0782396971, 0.0773318008, 0.0533010295, 0.0609359807, 0.0604468518, 0.0551333426, 0.0741026979;0.0827376529, 0.0723737275, 1, 0.0484800671, 0.0707553206, 0.0508791482, 0.0786303085, 0.0572514803, 0.0658890988, 0.0511358398, 0.0726770458;0.0765253607, 0.0581115156, 0.0484800671, 1, 0.0525035578, 0.0687219296, 0.0744033276, 0.0611948334, 0.0676288662, 0.0642478613, 0.0643175087;0.073760885, 0.0782396971, 0.0707553206, 0.0525035578, 1, 0.058347522, 0.04933959, 0.0634025676, 0.096722104, 0.0677628404, 0.0586453864;0.0614626556, 0.0773318008, 0.0508791482, 0.0687219296, 0.058347522, 1, 0.03891051, 0.0915133555, 0.0638611985, 0.0607345449, 0.0970890852;0.0645638994, 0.0533010295, 0.0786303085, 0.0744033276, 0.04933959, 0.03891051, 1, 0.0791768382, 0.0621292046, 0.0735341308, 0.10081345;0.058402781, 0.0609359807, 0.0572514803, 0.0611948334, 0.0634025676, 0.0915133555, 0.0791768382, 1, 0.0866609331, 0.0522935854, 0.0635655909;0.0665888294, 0.0604468518, 0.0658890988, 0.0676288662, 0.096722104, 0.0638611985, 0.0621292046, 0.0866609331, 1, 0.0649969912, 0.0731129197;0.0742311104, 0.0551333426, 0.0511358398, 0.0642478613, 0.0677628404, 0.0607345449, 0.0735341308, 0.0522935854, 0.0649969912, 1, 0.063107926;0.0620195402, 0.0741026979, 0.0726770458, 0.0643175087, 0.0586453864, 0.0970890852, 0.10081345, 0.0635655909, 0.0731129197, 0.063107926, 1];
data_train = {'CACTGTTGGGCAGCTTCGAAAGCTCCACGCCGGACCATGGTTGTATCTATGTGTAGGTAG', 'TGCCGAGCCTTGCGAATGCAGGTACAGTGCATCGACAATTCTCGCGTGGCTCTCGCTATT', 'ACCTTAGAGCGGATAATAGGGGATCCCATGGTGGCGTCGTGCCCGCTTCTGCTAGGGCCG', 'TCCCGTCCGGACACCCGAGTTACCTTGTCTGCGTCCGGCACTACCAAAGTATGCAAGTAT', 'TTGGGAATAGTGGCTGACAGCTTCAGCAAGGTTAATATTTGAACCTCGGGGTGTCGGTCT', 'AGCCGCCCAATTTGCTATCTTCTTAGTGTATGCTGAACCGATGTTCGCGTTGTAGTACGG', 'CTTTCACGACGCAAAGAAACGAGACCTACGTGTCCCTGCCGCAGAAATACCGCTTACGTT', 'ACGGAACAACGTCTGTTTTCAGGCATGGGTCGTTCCTCCACCATTTCCGTTCTTTTAAGC', 'TTGGTTAATAGAGCTGCTTTCACTAAGTGAGTTCGGTCTCGCCATATATGAGAGAATAAT', 'CAGGATGGAGAAGGCCACGTGCAGAGTACAGGCACCTAGAAGAGATGATCTTAACCCTTG', 'TTTCCGTGAGGTTTGCGTCTTGTACTCGCGTGTCTCATCTGCTAGGGATGCCCAGCACGG'};
feature_class = 'string';
seqlen = 60;
data_test = {'GTGCAGAAAAATTTAAGTGCACGATCGTGTTCCCACATTCTAGGTCGGACCTGTGCTGCG', 'GCGCTCGTCAGCTTCCCCTTCACCTATGGCGGTCCGACTACCGAGAAGCTACACTTAGGA'};
kernel_arg0_degree = 20;
km_test = [0.0558763988, 0.0496674591;0.0999279747, 0.0541336053;0.061184442, 0.0493380181;0.0442017053, 0.0956362152;0.0736914466, 0.0375381954;0.0906487116, 0.0732487049;0.064289753, 0.0787497557;0.0691235282, 0.095198971;0.058597151, 0.0952198439;0.0597078552, 0.067387162;0.0860257332, 0.0841532885];
alphabet = 'DNA';
data_class = 'dna';
feature_type = 'Char';
