accuracy = 1e-08;
init_random = 42;
name = 'WeightedDegreePositionString';
data_type = '';
km_train = [1, 0.373387606, 0.480170758, 0.459501417, 0.384316709, 0.335616438, 0.391927679, 0.364128013, 0.351732503, 0.452054795, 0.365525934;0.373387606, 1, 0.445875339, 0.361424984, 0.470269972, 0.443838098, 0.375325945, 0.381221868, 0.347596417, 0.373387606, 0.446909679;0.480170758, 0.445875339, 1, 0.322396331, 0.419363566, 0.3134448, 0.486884254, 0.360875159, 0.369335525, 0.346789992, 0.436487439;0.459501417, 0.361424984, 0.322396331, 1, 0.326860225, 0.398685053, 0.44, 0.346410162, 0.442268981, 0.432471922, 0.3742276;0.384316709, 0.470269972, 0.419363566, 0.326860225, 1, 0.344559808, 0.339934634, 0.352263966, 0.487056468, 0.397569009, 0.373632359;0.335616438, 0.443838098, 0.3134448, 0.398685053, 0.344559808, 1, 0.236508082, 0.526685162, 0.386216081, 0.390410959, 0.489666817;0.391927679, 0.375325945, 0.486884254, 0.44, 0.339934634, 0.236508082, 1, 0.404145188, 0.387835876, 0.412199801, 0.48309381;0.364128013, 0.381221868, 0.360875159, 0.346410162, 0.352263966, 0.526685162, 0.404145188, 1, 0.451762666, 0.318612012, 0.419026241;0.351732503, 0.347596417, 0.369335525, 0.442268981, 0.487056468, 0.386216081, 0.387835876, 0.451762666, 1, 0.400009513, 0.416666667;0.452054795, 0.373387606, 0.346789992, 0.432471922, 0.397569009, 0.390410959, 0.412199801, 0.318612012, 0.400009513, 1, 0.400009513;0.365525934, 0.446909679, 0.436487439, 0.3742276, 0.373632359, 0.489666817, 0.48309381, 0.419026241, 0.416666667, 0.400009513, 1];
data_train = {'CACTGTTGGGCAGCTTCGAAAGCTCCACGCCGGACCATGGTTGTATCTATGTGTAGGTAG', 'TGCCGAGCCTTGCGAATGCAGGTACAGTGCATCGACAATTCTCGCGTGGCTCTCGCTATT', 'ACCTTAGAGCGGATAATAGGGGATCCCATGGTGGCGTCGTGCCCGCTTCTGCTAGGGCCG', 'TCCCGTCCGGACACCCGAGTTACCTTGTCTGCGTCCGGCACTACCAAAGTATGCAAGTAT', 'TTGGGAATAGTGGCTGACAGCTTCAGCAAGGTTAATATTTGAACCTCGGGGTGTCGGTCT', 'AGCCGCCCAATTTGCTATCTTCTTAGTGTATGCTGAACCGATGTTCGCGTTGTAGTACGG', 'CTTTCACGACGCAAAGAAACGAGACCTACGTGTCCCTGCCGCAGAAATACCGCTTACGTT', 'ACGGAACAACGTCTGTTTTCAGGCATGGGTCGTTCCTCCACCATTTCCGTTCTTTTAAGC', 'TTGGTTAATAGAGCTGCTTTCACTAAGTGAGTTCGGTCTCGCCATATATGAGAGAATAAT', 'CAGGATGGAGAAGGCCACGTGCAGAGTACAGGCACCTAGAAGAGATGATCTTAACCCTTG', 'TTTCCGTGAGGTTTGCGTCTTGTACTCGCGTGTCTCATCTGCTAGGGATGCCCAGCACGG'};
feature_class = 'string';
seqlen = 60;
data_test = {'GTGCAGAAAAATTTAAGTGCACGATCGTGTTCCCACATTCTAGGTCGGACCTGTGCTGCG', 'GCGCTCGTCAGCTTCCCCTTCACCTATGGCGGTCCGACTACCGAGAAGCTACACTTAGGA'};
kernel_arg0_degree = 1;
km_test = [0.340143925, 0.335616438;0.510801847, 0.359297508;0.35106267, 0.326782877;0.295308664, 0.50004566;0.414617275, 0.265046006;0.503413009, 0.452054795;0.409405194, 0.412199801;0.445615949, 0.500676019;0.363047764, 0.524150396;0.401369831, 0.424657534;0.493196962, 0.510356965];
alphabet = 'DNA';
data_class = 'dna';
feature_type = 'Char';
