kernel_alphabet = 'DNA';
init_random = 42;
kernel_feature_type = 'Char';
kernel_accuracy = 1e-09;
kernel_data_train = {'CCCATATAAGGCGCGGCTGCTTGATAACGTGTAAGTGAAACATGGAAGTGTTAAGCCCCT', 'ACGGGTTGACGTTGGAAAACCGGGCCTATCGAACGCGCCTTGAATATCTCCGTTGTGTTC', 'GGGTCACACTGTATGAGTAGTAGCCGATACGCCTTTGTTCCACTGGAACTCTAGGTAAAT', 'AAGGTTGTGCTGCGCAGTGATACCACGTTTCGTCTCCGGGCGTTAAGCACTTCCGAGACC', 'GGCACGAAGTCCTTCTGTCTTCTCACTGGGACGTACAACGAATTCGCTGTAGGCCGGAGA', 'AGCCCGCTCGCGGCCCAAGTCCAATGACTACGGCTAGAGTCGTAGTGAACAGAACCGGAA', 'ACAGATCCTGGTCTCTCCGAACGTGTGAAGCACGCTGGTCGTGTCGATTTGAATCCGCGC', 'GTACCTCCGCTTGGAGGCATCGACTCGACTGTTTTATAAACGCACCTCACCGCCCCTATG', 'ATTGCGCATTATGACCTTAGTTAGTCCTATCAAAAGATGCCGCATCAGGCTGGCTCGCGA', 'ATCCGGAATGCTGAACTAATAGAGCAGGGGGGGGGGAACTTGCATTATCCGGTACCCGCC', 'CGGGACAACAGTATAGGTACACTTGGTCATCAAGGCGTTGTTCCCACCAACGTGCCAATC'};
kernel_matrix_train = [1, 0.233333333, 0.316666667, 0.2, 0.166666667, 0.283333333, 0.216666667, 0.183333333, 0.25, 0.233333333, 0.216666667;0.233333333, 1, 0.233333333, 0.3, 0.116666667, 0.216666667, 0.233333333, 0.3, 0.233333333, 0.333333333, 0.333333333;0.316666667, 0.233333333, 1, 0.233333333, 0.283333333, 0.216666667, 0.266666667, 0.233333333, 0.266666667, 0.133333333, 0.35;0.2, 0.3, 0.233333333, 1, 0.25, 0.3, 0.216666667, 0.333333333, 0.266666667, 0.116666667, 0.216666667;0.166666667, 0.116666667, 0.283333333, 0.25, 1, 0.266666667, 0.216666667, 0.233333333, 0.283333333, 0.266666667, 0.266666667;0.283333333, 0.216666667, 0.216666667, 0.3, 0.266666667, 1, 0.2, 0.316666667, 0.316666667, 0.4, 0.183333333;0.216666667, 0.233333333, 0.266666667, 0.216666667, 0.216666667, 0.2, 1, 0.183333333, 0.25, 0.233333333, 0.333333333;0.183333333, 0.3, 0.233333333, 0.333333333, 0.233333333, 0.316666667, 0.183333333, 1, 0.316666667, 0.316666667, 0.266666667;0.25, 0.233333333, 0.266666667, 0.266666667, 0.283333333, 0.316666667, 0.25, 0.316666667, 1, 0.383333333, 0.233333333;0.233333333, 0.333333333, 0.133333333, 0.116666667, 0.266666667, 0.4, 0.233333333, 0.316666667, 0.383333333, 1, 0.25;0.216666667, 0.333333333, 0.35, 0.216666667, 0.266666667, 0.183333333, 0.333333333, 0.266666667, 0.233333333, 0.25, 1];
kernel_arg0_degree = 1;
kernel_name = 'WeightedDegreeString';
kernel_seqlen = 60;
kernel_feature_class = 'string';
kernel_matrix_test = [0.2, 0.383333333, 0.216666667, 0.216666667, 0.266666667, 0.216666667, 0.2, 0.35, 0.433333333, 0.3, 0.216666667, 0.216666667, 0.3, 0.3, 0.266666667, 0.283333333, 0.266666667;0.116666667, 0.2, 0.316666667, 0.266666667, 0.283333333, 0.116666667, 0.15, 0.283333333, 0.266666667, 0.366666667, 0.316666667, 0.35, 0.3, 0.2, 0.25, 0.25, 0.216666667;0.233333333, 0.25, 0.233333333, 0.333333333, 0.283333333, 0.216666667, 0.233333333, 0.316666667, 0.283333333, 0.266666667, 0.183333333, 0.166666667, 0.216666667, 0.25, 0.3, 0.25, 0.266666667;0.366666667, 0.2, 0.25, 0.316666667, 0.35, 0.316666667, 0.25, 0.233333333, 0.25, 0.35, 0.25, 0.25, 0.283333333, 0.25, 0.266666667, 0.333333333, 0.183333333;0.25, 0.233333333, 0.383333333, 0.166666667, 0.25, 0.35, 0.283333333, 0.316666667, 0.283333333, 0.266666667, 0.25, 0.283333333, 0.35, 0.283333333, 0.266666667, 0.25, 0.266666667;0.216666667, 0.3, 0.283333333, 0.283333333, 0.266666667, 0.216666667, 0.25, 0.25, 0.3, 0.3, 0.233333333, 0.216666667, 0.266666667, 0.333333333, 0.2, 0.266666667, 0.283333333;0.35, 0.366666667, 0.233333333, 0.1, 0.3, 0.3, 0.333333333, 0.316666667, 0.166666667, 0.266666667, 0.266666667, 0.183333333, 0.216666667, 0.183333333, 0.216666667, 0.283333333, 0.133333333;0.266666667, 0.233333333, 0.233333333, 0.35, 0.333333333, 0.316666667, 0.316666667, 0.283333333, 0.283333333, 0.333333333, 0.3, 0.266666667, 0.25, 0.3, 0.316666667, 0.266666667, 0.266666667;0.316666667, 0.316666667, 0.316666667, 0.2, 0.216666667, 0.25, 0.283333333, 0.233333333, 0.35, 0.216666667, 0.25, 0.2, 0.283333333, 0.3, 0.216666667, 0.3, 0.183333333;0.15, 0.25, 0.25, 0.183333333, 0.216666667, 0.233333333, 0.366666667, 0.25, 0.333333333, 0.2, 0.233333333, 0.3, 0.266666667, 0.35, 0.183333333, 0.266666667, 0.25;0.25, 0.266666667, 0.25, 0.25, 0.25, 0.216666667, 0.3, 0.25, 0.2, 0.366666667, 0.283333333, 0.216666667, 0.266666667, 0.266666667, 0.216666667, 0.183333333, 0.25];
kernel_data_test = {'TGAGCCGTTTAAACCGGTTATCCTATGTTGAACATCTGACCCGAGCTTAAGTCCACCCGC', 'ACTCTGCAGGGTGATGCGGACCCAAACTACCTAAATGACAATCGCGCCGAGTATACGGAT', 'TATGTATATGCATGCCTCATCCATAGTATCGCGCATATACTATCCGCCGCATTCGGGCTA', 'GTGTCCTCGATGCCGAGGATCCCGTACATCGCTGTAGTGATCACGTCCGCTTCATAAAAT', 'GTACTTGATCGGGGGACGCCACTCGGATCTAACCTAGATTCAGAAGTTGGTGCTAAGACC', 'GTACAGGCAGGACCTTGTGTACGGACCCCGTGTTCCATAGCTCTCCGTGTTTCCATTGCA', 'TATCCTACTGTTAACCCTAGAACTAGGAGTGAGGAAAACCCTGTGACTAACCCACGCGGG', 'AGACGACAACTCCGGTTTTAGTGTACTCGAGTCAATGAATTACTGTCGGTCACTCCGAAC', 'GGTTCGAAACACGCGCAAAAGTCCTAAGGGGACATTCACACGTCAAAATATGGCGCCCTC', 'CCAAAGCTGAGGGGGAGCGATCGTTGATGGTAAGTCGCGTAGTCCATCCCCGTCGGCATG', 'GATGTTTTATATCGATACTGACAGTGACTAGCTTCGGCCGATAACACCGTTATCCCCTCG', 'ATTCGGGGGAGCCTACAACTCGAGTCTTGCGTACCCTCCGAAGCCAGTTAGTCTTACAAT', 'TAGGCGTAAACCCGTCCTTACTACCAACTTTAATGCACCATATTCGGACGGGCCCCGTGG', 'GGGATACAATCTCCCGTCCTACCACATGTGGGTACGTTGAATCATAGGACAGCATCCAAT', 'CCTGCTGAGTCGTGAAGCTCCGGCAGTGCATTCGCGTAGACGAGCGAGGTTCAGGAAGTT', 'ACACTTCACTACGGTCGCTTTATCAAGCTGAGACGTCTTCGGATTATATCTCGACATCGT', 'TATAGGAACCTCTCTGTAGACGGAGGAGGATGTATACATGAACAGGTTGACGCGTTACTT'};
