accuracy = 1e-08;
init_random = 42;
name = 'WeightedDegreePositionString';
data_type = '';
km_train = [1, 0.45962736, 0.456633013, 0.321686187, 0.396196291, 0.363047764, 0.376050717, 0.297405939, 0.378516649, 0.375, 0.371260066;0.45962736, 1, 0.379093065, 0.347139641, 0.339876541, 0.386701042, 0.36602089, 0.388157895, 0.355263158, 0.337961294, 0.432339051;0.456633013, 0.379093065, 1, 0.371927385, 0.363636364, 0.344438846, 0.5, 0.392165239, 0.503278724, 0.376050717, 0.359003864;0.321686187, 0.347139641, 0.371927385, 1, 0.480124443, 0.469065923, 0.371927385, 0.456046195, 0.36755962, 0.412597501, 0.440627116;0.396196291, 0.339876541, 0.363636364, 0.480124443, 1, 0.423924734, 0.376623377, 0.411773501, 0.346412628, 0.409626673, 0.461576397;0.363047764, 0.386701042, 0.344438846, 0.469065923, 0.423924734, 1, 0.357686494, 0.520046228, 0.333362967, 0.417847426, 0.470839723;0.376050717, 0.36602089, 0.5, 0.371927385, 0.376623377, 0.357686494, 1, 0.372556977, 0.392165239, 0.409626673, 0.461576397;0.297405939, 0.388157895, 0.392165239, 0.456046195, 0.411773501, 0.520046228, 0.372556977, 1, 0.328947368, 0.547497296, 0.400074943;0.378516649, 0.355263158, 0.503278724, 0.36755962, 0.346412628, 0.333362967, 0.392165239, 0.328947368, 1, 0.331202068, 0.412980586;0.375, 0.337961294, 0.376050717, 0.412597501, 0.409626673, 0.417847426, 0.409626673, 0.547497296, 0.331202068, 1, 0.417667574;0.371260066, 0.432339051, 0.359003864, 0.440627116, 0.461576397, 0.470839723, 0.461576397, 0.400074943, 0.412980586, 0.417667574, 1];
data_train = {'TGCCGGCTATGGGCTATATGCTCAGAGAGAATGGATATGAAGATATTCGAGGGTAACGGC', 'CGAAGCAAAACGGACCACCTTAGGGCGTGTAGGAGGACTGATTAGCCAGGTAGTGAACGC', 'TTGAGGCTATTTCTGGTGGCCCGAGGATGCAAGCTGTCCGACCAGAAAGTGGTCCGGTCA', 'GTCTTCGCTAGATCGGCGCCAGCTCGCTTATGAGAACATCCGAGCGGACCCCCGCAGCAT', 'ATCGTGGCTGGAAACGAAAACTGCCCGAGGGACCCGTGGCATGACGGGACCGTGAGACAT', 'GCGTTTACCCTACCCTTATCCTAGCTATATCACAAAGCCTAGTGTGGACGATCGATAAAC', 'GGGGGACTCTACGTCCCCGAACGAAGAATGTACAGGTTCCCACTCATTACGTAACGTTCA', 'GTACTTACGGTAGCACGATTCGGGTCGCCACACAAGCACCCGGAAGATTTTTCTCTACAA', 'TTGGAAATTCCGATGGTGGCTGTCGGACCTCTGTTGGTAGCGTCTAAGATGTGGGCCATG', 'ACACTGTCGATGTCAGCGAAGAGCTGGAGACCTTCAACCCGGTCATCTTCATTACCAACA', 'GGGGAACCGGCACCCCGAAGCATCGTTGGATGGCAGATCGCGCCCGAGTCAAAGGAAGCT'};
feature_class = 'string';
seqlen = 60;
data_test = {'ATAGAACTTATACAGGGGCAACCGTTATTCCATATATATTGTATCACGTGACCCCAATCA', 'TGTGGGTACGTTGAATCATAGGACAGCATCCAATCCTGCTGAGTCGTGAAGCTCCGGCAG'};
kernel_arg0_degree = 1;
km_test = [0.29938208, 0.405604323;0.364246398, 0.299493024;0.493463771, 0.466599811;0.486483984, 0.387323944;0.309237297, 0.473362127;0.382558951, 0.406983668;0.407930051, 0.473362127;0.377491722, 0.415206237;0.437095678, 0.374366279;0.462681396, 0.461549747;0.376750485, 0.267046737];
alphabet = 'DNA';
data_class = 'dna';
feature_type = 'Char';
