init_random = 42;
data_type = '';
km_train = [1, 0.922640381, 0.935253083, 0.829664774, 0.857748198, 0.962454859, 0.905545147, 0.866392807, 0.834863581, 0.87322656, 0.931642406;0.922640381, 1, 0.950692475, 0.908593129, 0.925812028, 0.945623941, 0.93008539, 0.935826083, 0.915828715, 0.933291732, 0.947586534;0.935253083, 0.950692475, 1, 0.882107119, 0.951370779, 0.964374894, 0.896537691, 0.92495374, 0.909232328, 0.906498055, 0.939376223;0.829664774, 0.908593129, 0.882107119, 1, 0.89791809, 0.835925229, 0.914984709, 0.94641167, 0.951121581, 0.9562182, 0.944366833;0.857748198, 0.925812028, 0.951370779, 0.89791809, 1, 0.916538264, 0.881057217, 0.943445813, 0.939276966, 0.922612143, 0.916046622;0.962454859, 0.945623941, 0.964374894, 0.835925229, 0.916538264, 1, 0.907387228, 0.877730328, 0.86411531, 0.886501302, 0.926922086;0.905545147, 0.93008539, 0.896537691, 0.914984709, 0.881057217, 0.907387228, 1, 0.906369982, 0.894847656, 0.956530078, 0.952787541;0.866392807, 0.935826083, 0.92495374, 0.94641167, 0.943445813, 0.877730328, 0.906369982, 1, 0.961028395, 0.95126112, 0.925936364;0.834863581, 0.915828715, 0.909232328, 0.951121581, 0.939276966, 0.86411531, 0.894847656, 0.961028395, 1, 0.959957604, 0.917620369;0.87322656, 0.933291732, 0.906498055, 0.9562182, 0.922612143, 0.886501302, 0.956530078, 0.95126112, 0.959957604, 1, 0.960877863;0.931642406, 0.947586534, 0.939376223, 0.944366833, 0.916046622, 0.926922086, 0.952787541, 0.925936364, 0.917620369, 0.960877863, 1];
seqlen = 60;
data_test = {'AGGTACGAGCAAAGCAACCAGGAGTATGATAACCAGCAGTCTACTGGCTATGGTACAATT', 'GCCTGGCTGCGCATAGCCCTCAGAAAACCATATGATCCCGCAAGAACTCCTAGTTACATT'};
gap = 0;
feature_obtain = 'Char';
feature_type = 'Word';
reverse = 'False';
kernel_arg1_normalization = 2;
name = 'WeightedCommWordString';
data_train = {'TCTCCTGCACAGTAGATAATCCAGTGTTTAGTAAGCTGATTTTGCTGTTGACTTTTGCGG', 'AGTTTCTACGTGCCTATCGAGGTTGCTCATTGTACGTCGTAAACGACCGGAACTATCGGG', 'GTCGCCCCCCGGTGTCAGCTAGCGGGCAGAACTTTTAAGTTGCCTTATTCTATATGTCCC', 'ATCTATGGCGAGGAGGAGCCAACGACCTTGGGTTCGCCTGAGCAAAGAAGAGCTACTATG', 'GGCAAAGGGTCCCTTGTTACTGACCATTTCACCCGGATGCGACCCCGGTCAGCTCATCTT', 'ACTAAGGTTTTTTCCAGTTTAGCGCGTTGACGTCCTTCCATTATAACCCTGTCCGATGAC', 'AGGAGACTAACTCAAATCAAAAGCGCGCATCCTTTAATGTCGTATTTTGAATCCTGGAAT', 'AGCGCGCCCGAGACATGGCAAATTGTGCCTCACTGCGAGGTTCACGGTCAATGGTGTAAT', 'AGCCCGAGTAACTACTGGGAACTTTAGGCCACACAAGCATTTCGCACGGTGGCAGCGCGA', 'GTGTACTTTCGATAATGCGCCAAGAGCAATGATCTACCGCACTCCAAAGGTACAGCGAGG', 'CTACTGAGGAGTAGCTCAATTCCTTAATATACTGCTCAGCGAGGTGATGAGTTAACCCCT'};
feature_class = 'string_complex';
km_test = [0.819295209, 0.836892906;0.886989853, 0.89717017;0.847754061, 0.908225227;0.955036161, 0.921675402;0.861522548, 0.941965154;0.810157363, 0.872030575;0.920455192, 0.925637631;0.915653146, 0.919732503;0.9361472, 0.941808573;0.967238598, 0.964207736;0.938104905, 0.938097662];
kernel_arg0_use_sign = 'False';
alphabet = 'DNA';
accuracy = 1e-09;
order = 3;
data_class = 'dna';
