init_random = 42
data_type = ''
km_train = [1, 0.963006208, 0.947446307, 0.938017971, 0.898700609, 0.949175803, 0.945373828, 0.936214175, 0.923787715, 0.953060625, 0.940011345;0.963006208, 1, 0.960565518, 0.919763114, 0.890065149, 0.951735875, 0.950793832, 0.919585152, 0.930321504, 0.941926035, 0.941145097;0.947446307, 0.960565518, 1, 0.933730917, 0.914439602, 0.9479771, 0.924015894, 0.879043562, 0.916459274, 0.944878747, 0.89971136;0.938017971, 0.919763114, 0.933730917, 1, 0.860478101, 0.909617744, 0.869195201, 0.831724631, 0.819432195, 0.905159493, 0.842047911;0.898700609, 0.890065149, 0.914439602, 0.860478101, 1, 0.879366477, 0.819710426, 0.755359909, 0.902847207, 0.824556675, 0.849174095;0.949175803, 0.951735875, 0.9479771, 0.909617744, 0.879366477, 1, 0.926401828, 0.882913304, 0.929559491, 0.959645317, 0.876160995;0.945373828, 0.950793832, 0.924015894, 0.869195201, 0.819710426, 0.926401828, 1, 0.952105, 0.916324275, 0.950073653, 0.94380928;0.936214175, 0.919585152, 0.879043562, 0.831724631, 0.755359909, 0.882913304, 0.952105, 1, 0.878579281, 0.93651115, 0.93722854;0.923787715, 0.930321504, 0.916459274, 0.819432195, 0.902847207, 0.929559491, 0.916324275, 0.878579281, 1, 0.893596245, 0.937380757;0.953060625, 0.941926035, 0.944878747, 0.905159493, 0.824556675, 0.959645317, 0.950073653, 0.93651115, 0.893596245, 1, 0.895402842;0.940011345, 0.941145097, 0.89971136, 0.842047911, 0.849174095, 0.876160995, 0.94380928, 0.93722854, 0.937380757, 0.895402842, 1]
seqlen = 60
data_test = ['GCAATTCACCCCACGGGAACCCCGTTATGAATGAGACTAACCCTACGGGTCCGCGGACCT', 'GACAATCGGGGTATGTTACTGACAGCTCTCTAGCCTCGGATGTGACACAACGTTGCCAGG']
gap = 0
feature_obtain = 'Char'
feature_type = 'Word'
reverse = 'False'
kernel_arg1_normalization = 2
name = 'WeightedCommWordString'
data_train = ['ATTCATAGTCTACGAGGAGACCTCTGCTGGCCATGGCACGCGGGAGCCTACCAATACTAT', 'TATCTTGTTCGCATTCTCAGCTGCCCGACAGGCAATGAAGGTGACCACAGCTGACAGTAG', 'GGAAATCCCCTTCCCGATTCTGTATACCATACGTGTTCGAGGTTGCTGCCAAAGGTGCAC', 'TGCCCTCACATCGGTAGGGCTCCCTGGGGGCTGCGACCATGATACGTCTTGCTGGTGCTA', 'ACCTCTTCTCATAGGCTCTTAGGACTACCAATGCCTACCCTCCCCTGCCTAGTTTATTTC', 'TATACGCTTCGCTGTACGTGTCAGCTATCTTCAAGAGGGCGGTTTTAACGGACTAGCATC', 'TTAGAAATACATGGCACACTCTCAGAGGTCCGTGGGGTAAGGTAACATCAGCAACCCGTC', 'GTTCGAGAGACCGCAAACGAACGACACACCGGGCGGACCTCAGAGTAATGCAGGATATAG', 'ATCACTTTTCCATTAAAATGACTACTATTACCATGCTTCACACGCGTACGACGGGCAAGT', 'AGGACGGCTATAAGTGCTCATGTTATAACGGGATCAGTCGGAAGCCCGTCGATATCCGCA', 'GCCCGCACAAAACGCACCACATGGTCCTATGGACATCTTCGCGAAGCTCAATACACAGAG']
feature_class = 'string_complex'
km_test = [0.945597766, 0.96772167;0.916984722, 0.981324573;0.925623637, 0.955958239;0.885053626, 0.931861067;0.8643355, 0.880868543;0.874101827, 0.96123165;0.923428256, 0.956090652;0.938673989, 0.925933697;0.898829489, 0.929293648;0.913270041, 0.954903913;0.944310234, 0.929181561]
kernel_arg0_use_sign = 'False'
alphabet = 'DNA'
accuracy = 1e-09
order = 3
data_class = 'dna'
