accuracy = 1e-08;
init_random = 42;
name = 'WeightedDegreePositionString';
data_type = '';
km_train = [1, 0.335742468, 0.430597089, 0.432491762, 0.475189256, 0.420779725, 0.37685379, 0.39897665, 0.38028169, 0.373239437, 0.322038694;0.335742468, 1, 0.418957175, 0.452679466, 0.448542614, 0.335578028, 0.366666667, 0.289498746, 0.424817, 0.328890581, 0.333333333;0.430597089, 0.418957175, 1, 0.432988589, 0.419672783, 0.333341046, 0.371655558, 0.440156528, 0.381981289, 0.375036174, 0.337868689;0.432491762, 0.452679466, 0.432988589, 1, 0.34317639, 0.436471741, 0.286909521, 0.308328589, 0.373515612, 0.432491762, 0.312412589;0.475189256, 0.448542614, 0.419672783, 0.34317639, 1, 0.38903901, 0.441641958, 0.286038777, 0.333341717, 0.461004502, 0.386436713;0.420779725, 0.335578028, 0.333341046, 0.436471741, 0.38903901, 1, 0.409405194, 0.357686494, 0.427677753, 0.434575781, 0.389270512;0.37685379, 0.366666667, 0.371655558, 0.286909521, 0.441641958, 0.409405194, 1, 0.375032466, 0.383705678, 0.37685379, 0.4;0.39897665, 0.289498746, 0.440156528, 0.308328589, 0.286038777, 0.357686494, 0.375032466, 1, 0.426025914, 0.446312862, 0.407930051;0.38028169, 0.424817, 0.381981289, 0.373515612, 0.333341717, 0.427677753, 0.383705678, 0.426025914, 1, 0.415492958, 0.404261339;0.373239437, 0.328890581, 0.375036174, 0.432491762, 0.461004502, 0.434575781, 0.37685379, 0.446312862, 0.415492958, 1, 0.349446242;0.322038694, 0.333333333, 0.337868689, 0.312412589, 0.386436713, 0.389270512, 0.4, 0.407930051, 0.404261339, 0.349446242, 1];
data_train = {'TTGCCCCAGCGCCATGAGTTGAGTGTCATGACTAACTTGGCATACGAGGGACGTATGTAC', 'ACTAGAGAACTAAATGGGAGACGGAATGAATTTCCAGAAAGCGTGCTCATAGCGGAGTCC', 'CTGTAAAAGTCTATATATACCCGTGGAGCTCGACCCCATATAAGGCGCGGCTGCTTGATA', 'ACGTGTAAGTGAAACATGGAAGTGTTAAGCCCCTACGGGTTGACGTTGGAAAACCGGGCC', 'TATCGAACGCGCCTTGAATATCTCCGTTGTGTTCGGGTCACACTGTATGAGTAGTAGCCG', 'ATACGCCTTTGTTCCACTGGAACTCTAGGTAAATAAGGTTGTGCTGCGCAGTGATACCAC', 'GTTTCGTCTCCGGGCGTTAAGCACTTCCGAGACCGGCACGAAGTCCTTCTGTCTTCTCAC', 'TGGGACGTACAACGAATTCGCTGTAGGCCGGAGAAGCCCGCTCGCGGCCCAAGTCCAATG', 'ACTACGGCTAGAGTCGTAGTGAACAGAACCGGAAACAGATCCTGGTCTCTCCGAACGTGT', 'GAAGCACGCTGGTCGTGTCGATTTGAATCCGCGCGTACCTCCGCTTGGAGGCATCGACTC', 'GACTGTTTTATAAACGCACCTCACCGCCCCTATGATTGCGCATTATGACCTTAGTTAGTC'};
feature_class = 'string';
seqlen = 60;
data_test = {'CTATCAAAAGATGCCGCATCAGGCTGGCTCGCGAATCCGGAATGCTGAACTAATAGAGCA', 'GGGGGGGGGGAACTTGCATTATCCGGTACCCGCCCGGGACAACAGTATAGGTACACTTGG', 'TCATCAAGGCGTTGTTCCCACCAACGTGCCAATCTGAGCCGTTTAAACCGGTTATCCTAT', 'GTTGAACATCTGACCCGAGCTTAAGTCCACCCGCACTCTGCAGGGTGATGCGGACCCAAA', 'CTACCTAAATGACAATCGCGCCGAGTATACGGATTATGTATATGCATGCCTCATCCATAG', 'TATCGCGCATATACTATCCGCCGCATTCGGGCTAGTGTCCTCGATGCCGAGGATCCCGTA', 'CATCGCTGTAGTGATCACGTCCGCTTCATAAAATGTACTTGATCGGGGGACGCCACTCGG', 'ATCTAACCTAGATTCAGAAGTTGGTGCTAAGACCGTACAGGCAGGACCTTGTGTACGGAC', 'CCCGTGTTCCATAGCTCTCCGTGTTTCCATTGCATATCCTACTGTTAACCCTAGAACTAG', 'GAGTGAGGAAAACCCTGTGACTAACCCACGCGGGAGACGACAACTCCGGTTTTAGTGTAC', 'TCGAGTCAATGAATTACTGTCGGTCACTCCGAACGGTTCGAAACACGCGCAAAAGTCCTA', 'AGGGGACATTCACACGTCAAAATATGGCGCCCTCCCAAAGCTGAGGGGGAGCGATCGTTG', 'ATGGTAAGTCGCGTAGTCCATCCCCGTCGGCATGGATGTTTTATATCGATACTGACAGTG', 'ACTAGCTTCGGCCGATAACACCGTTATCCCCTCGATTCGGGGGAGCCTACAACTCGAGTC', 'TTGCGTACCCTCCGAAGCCAGTTAGTCTTACAATTAGGCGTAAACCCGTCCTTACTACCA', 'ACTTTAATGCACCATATTCGGACGGGCCCCGTGGGGGATACAATCTCCCGTCCTACCACA', 'TGTGGGTACGTTGAATCATAGGACAGCATCCAATCCTGCTGAGTCGTGAAGCTCCGGCAG'};
kernel_arg0_degree = 1;
km_test = [0.468542925, 0.349618936, 0.327132253, 0.435626216, 0.442902339, 0.411357863, 0.468542925, 0.388926403, 0.322038694, 0.371927385, 0.455269866, 0.460655621, 0.38028169, 0.415206237, 0.450161481, 0.371521425, 0.443661972;0.326598632, 0.346467434, 0.305297807, 0.344378413, 0.403127867, 0.386436713, 0.319794494, 0.486530912, 0.333333333, 0.361873432, 0.349001149, 0.441707466, 0.335742468, 0.410605031, 0.281099794, 0.380843362, 0.383705678;0.462079954, 0.389492201, 0.427965131, 0.490032222, 0.479063344, 0.377705505, 0.393112797, 0.445205479, 0.331111315, 0.39347326, 0.469398616, 0.533310393, 0.409761746, 0.375915129, 0.384316709, 0.484167128, 0.458377546;0.429477845, 0.397619221, 0.223641313, 0.386354626, 0.452009378, 0.389373212, 0.383927165, 0.323125812, 0.312412589, 0.396422472, 0.423634337, 0.496980695, 0.40628014, 0.47502618, 0.381369197, 0.321012119, 0.504573722;0.394405319, 0.547722558, 0.457210664, 0.322189992, 0.345332678, 0.464285714, 0.380319415, 0.440656422, 0.331231468, 0.388195483, 0.423774636, 0.369802743, 0.510651141, 0.356465523, 0.419532271, 0.44766258, 0.397173109;0.356197806, 0.247331316, 0.425063639, 0.380033782, 0.405842564, 0.493245888, 0.541146667, 0.394566953, 0.382558951, 0.331191198, 0.391891892, 0.398905876, 0.434575781, 0.326695708, 0.421198501, 0.324922028, 0.413881696;0.40824829, 0.333868618, 0.422220372, 0.437095678, 0.347524023, 0.414039336, 0.40824829, 0.473016165, 0.413333333, 0.427668602, 0.36913583, 0.363759089, 0.383705678, 0.417227692, 0.437992702, 0.497032863, 0.445372661;0.463348204, 0.341938253, 0.352593081, 0.424845676, 0.445875339, 0.524404424, 0.355905142, 0.386804222, 0.460566186, 0.422077922, 0.483539149, 0.44875483, 0.412501282, 0.470598287, 0.393556578, 0.445941293, 0.365165069;0.426583857, 0.453209732, 0.34048459, 0.449239535, 0.457189512, 0.411357863, 0.398611145, 0.472267775, 0.411113226, 0.43278823, 0.344901414, 0.433950948, 0.401408451, 0.353946301, 0.255315467, 0.424595914, 0.401408451;0.426583857, 0.414363183, 0.393893937, 0.469659514, 0.407184409, 0.475189256, 0.363645255, 0.395871517, 0.383705678, 0.446312862, 0.393187612, 0.474007958, 0.408450704, 0.435626216, 0.362816716, 0.40469298, 0.401408451;0.489897949, 0.359066249, 0.448203164, 0.430473016, 0.423979309, 0.40713868, 0.394640014, 0.351383437, 0.533333333, 0.47372522, 0.456386118, 0.370254787, 0.465928323, 0.456963663, 0.359546248, 0.426028168, 0.397409452];
alphabet = 'DNA';
data_class = 'dna';
feature_type = 'Char';
