accuracy = 1e-08
init_random = 42
name = 'WordMatch'
data_type = 'ushort'
km_train = [1331, 0, 0, 0, 0, 0, 0, 0, 1, 1, 0;0, 1331, 0, 0, 0, 0, 8, 0, 0, 0, 0;0, 0, 1331, 0, 0, 0, 0, 0, 0, 1, 0;0, 0, 0, 1331, 0, 0, 0, 0, 0, 0, 0;0, 0, 0, 0, 1331, 0, 0, 8, 1, 0, 0;0, 0, 0, 0, 0, 1331, 0, 0, 8, 1, 0;0, 8, 0, 0, 0, 0, 1331, 0, 0, 0, 8;0, 0, 0, 0, 8, 0, 0, 1331, 0, 0, 0;1, 0, 0, 0, 1, 8, 0, 0, 1331, 0, 0;1, 0, 1, 0, 0, 1, 0, 0, 0, 1331, 0;0, 0, 0, 0, 0, 0, 8, 0, 0, 0, 1331]
data_train = ['25', '41', '17', '15', '19', '21', '34', '1', '28', '18', '31';'33', '31', '30', '3', '22', '9', '12', '41', '29', '4', '15';'6', '17', '30', '13', '12', '37', '41', '32', '37', '35', '41';'25', '9', '22', '6', '34', '29', '0', '30', '25', '12', '1';'31', '13', '18', '26', '33', '1', '10', '17', '1', '18', '37';'0', '21', '17', '25', '22', '32', '5', '22', '4', '7', '41';'22', '35', '36', '33', '1', '40', '35', '24', '1', '16', '18';'37', '4', '6', '25', '20', '35', '4', '20', '28', '41', '39';'40', '0', '25', '15', '2', '28', '26', '22', '14', '28', '26';'20', '7', '10', '37', '3', '6', '14', '36', '12', '28', '5';'28', '27', '8', '13', '7', '37', '34', '2', '29', '28', '30']
feature_class = 'simple'
data_test = ['36', '3', '36', '7', '33', '10', '15', '38', '40', '41', '9', '30', '20', '6', '22', '15', '30';'36', '12', '1', '22', '30', '13', '25', '6', '40', '22', '34', '36', '10', '27', '11', '15', '31';'28', '14', '3', '20', '18', '22', '12', '24', '29', '12', '5', '41', '30', '6', '3', '8', '32';'19', '14', '27', '32', '10', '26', '18', '24', '15', '16', '38', '13', '38', '35', '36', '7', '10';'23', '23', '25', '20', '15', '40', '30', '17', '2', '14', '5', '39', '27', '8', '20', '9', '16';'26', '11', '37', '36', '14', '21', '34', '16', '30', '0', '34', '37', '21', '33', '9', '11', '9';'17', '20', '9', '38', '39', '9', '37', '22', '22', '21', '14', '8', '25', '15', '3', '29', '10';'14', '18', '3', '19', '1', '28', '16', '18', '25', '37', '4', '17', '1', '5', '20', '9', '35';'16', '0', '3', '6', '14', '13', '23', '30', '20', '38', '5', '6', '39', '24', '11', '31', '16';'30', '10', '30', '25', '32', '34', '35', '13', '18', '0', '25', '33', '0', '18', '26', '33', '29';'19', '28', '23', '11', '14', '4', '6', '30', '33', '38', '22', '40', '13', '39', '18', '5', '34']
kernel_arg0_degree = 3
km_test = [0, 1, 0, 0, 0, 0, 0, 1, 1, 8, 0, 0, 0, 1, 0, 0, 0;0, 1, 0, 0, 0, 1, 0, 0, 0, 1, 1, 0, 1, 0, 0, 0, 1;0, 1, 0, 0, 1, 0, 0, 0, 0, 0, 0, 0, 1, 0, 0, 0, 0;0, 0, 0, 0, 0, 0, 1, 0, 1, 0, 0, 0, 1, 0, 0, 1, 0;0, 0, 0, 1, 0, 0, 1, 0, 0, 8, 0, 0, 0, 0, 1, 0, 0;0, 0, 0, 0, 0, 0, 0, 0, 0, 0, 0, 0, 0, 0, 0, 0, 1;0, 1, 0, 0, 0, 0, 0, 0, 0, 0, 1, 1, 0, 0, 0, 0, 1;0, 0, 0, 0, 0, 0, 0, 1, 0, 0, 0, 0, 0, 0, 1, 0, 1;0, 0, 0, 0, 1, 1, 0, 0, 0, 0, 0, 0, 0, 0, 0, 0, 0;0, 1, 0, 0, 0, 0, 0, 0, 0, 0, 0, 0, 0, 0, 0, 0, 0;0, 0, 0, 0, 0, 0, 0, 1, 0, 0, 0, 1, 0, 0, 0, 1, 0]
data_class = 'rand'
feature_type = 'Word'
