accuracy = 1e-08;
init_random = 42;
name = 'WordMatch';
data_type = 'ushort';
km_train = [1331, 0, 8, 0, 1, 0, 1, 0, 0, 0, 0;0, 1331, 0, 0, 0, 0, 1, 0, 1, 0, 0;8, 0, 1331, 0, 0, 0, 1, 1, 0, 0, 0;0, 0, 0, 1331, 1, 0, 0, 1, 0, 0, 0;1, 0, 0, 1, 1331, 0, 1, 0, 1, 0, 0;0, 0, 0, 0, 0, 1331, 1, 0, 0, 0, 0;1, 1, 1, 0, 1, 1, 1331, 0, 0, 0, 0;0, 0, 1, 1, 0, 0, 0, 1331, 0, 0, 0;0, 1, 0, 0, 1, 0, 0, 0, 1331, 0, 1;0, 0, 0, 0, 0, 0, 0, 0, 0, 1331, 0;0, 0, 0, 0, 0, 0, 0, 0, 1, 0, 1331];
data_train = [38, 9, 8, 27, 27, 12, 17, 11, 7, 22, 4;6, 14, 2, 17, 37, 25, 37, 32, 20, 16, 1;24, 40, 18, 37, 24, 38, 3, 2, 33, 41, 9;26, 25, 26, 0, 19, 24, 9, 0, 15, 10, 3;34, 12, 20, 14, 9, 37, 10, 31, 32, 19, 35;29, 9, 14, 28, 0, 20, 14, 2, 32, 37, 18;3, 11, 24, 33, 16, 5, 11, 14, 16, 0, 13;1, 3, 1, 25, 39, 32, 38, 5, 29, 21, 26;18, 9, 5, 25, 41, 2, 2, 5, 9, 37, 12;37, 11, 26, 7, 4, 35, 37, 29, 36, 28, 21;13, 9, 10, 34, 22, 7, 20, 36, 27, 30, 27];
feature_class = 'simple';
data_test = [41, 26, 39, 20, 8, 28, 14, 32, 36, 35, 27, 9, 22, 27, 33, 4, 17;5, 41, 22, 27, 40, 12, 24, 6, 1, 15, 1, 35, 1, 37, 9, 13, 26;14, 20, 11, 32, 39, 21, 37, 17, 1, 28, 6, 30, 40, 17, 8, 7, 32;4, 13, 12, 10, 19, 22, 26, 14, 29, 15, 39, 17, 41, 22, 35, 37, 7;38, 28, 11, 17, 18, 35, 32, 4, 38, 27, 25, 20, 22, 20, 10, 41, 38;15, 32, 26, 0, 15, 4, 17, 40, 33, 24, 41, 33, 14, 3, 3, 24, 40;12, 41, 24, 2, 34, 8, 13, 21, 8, 23, 22, 36, 14, 35, 13, 19, 38;35, 26, 16, 25, 40, 3, 2, 18, 40, 39, 38, 6, 35, 18, 11, 19, 37;11, 28, 29, 19, 3, 1, 29, 22, 5, 17, 21, 36, 3, 10, 40, 34, 10;33, 8, 30, 41, 31, 34, 10, 16, 35, 1, 23, 14, 27, 2, 28, 12, 21;30, 6, 25, 30, 37, 37, 3, 34, 32, 2, 18, 8, 18, 18, 25, 12, 21];
kernel_arg0_degree = 3;
km_test = [0, 0, 0, 0, 0, 0, 1, 1, 0, 0, 0, 0, 0, 0, 0, 0, 0;0, 0, 0, 0, 0, 1, 0, 0, 0, 0, 0, 1, 1, 0, 0, 0, 0;0, 0, 1, 0, 1, 0, 1, 0, 1, 0, 0, 1, 1, 1, 0, 0, 0;0, 0, 0, 1, 0, 0, 1, 1, 0, 0, 1, 0, 0, 1, 0, 0, 0;0, 0, 0, 1, 1, 0, 0, 0, 0, 1, 1, 0, 0, 8, 0, 0, 0;0, 0, 0, 0, 0, 0, 0, 0, 1, 0, 0, 0, 0, 0, 0, 0, 0;0, 0, 0, 0, 0, 0, 0, 0, 0, 0, 1, 0, 1, 1, 1, 0, 1;0, 0, 0, 0, 0, 0, 0, 0, 1, 0, 0, 0, 1, 0, 0, 0, 0;0, 1, 0, 0, 0, 0, 1, 0, 0, 1, 0, 0, 0, 0, 0, 0, 0;1, 0, 0, 8, 0, 0, 0, 0, 0, 0, 0, 0, 1, 0, 1, 0, 0;0, 1, 0, 0, 0, 1, 1, 0, 1, 0, 1, 0, 1, 0, 1, 1, 1];
data_class = 'rand';
feature_type = 'Word';
