regression_C = 30
init_random = 42
regression_num_threads = 16
kernel_arg0_width = 1.5
regression_epsilon = 0.0001
data_test = [0.944995232, 0.877988924, 0.501912405, 0.370981651, 0.439947524, 0.00787056859, 0.608607277, 0.986305571, 0.629162911, 0.523636251, 0.673821659, 0.547918842, 0.73072608, 0.333669883, 0.6965953, 0.92891091, 0.780507828;0.585915756, 0.40175811, 0.680341711, 0.199667818, 0.603428667, 0.0630334013, 0.368743575, 0.913194571, 0.769565028, 0.536920874, 0.855579382, 0.234188121, 0.00292201798, 0.225060552, 0.67615028, 0.489324735, 0.072664752;0.710950706, 0.377360875, 0.62236899, 0.767644195, 0.468134945, 0.124168141, 0.391267316, 0.637279613, 0.547156123, 0.498263744, 0.319952523, 0.769406169, 0.652972261, 0.243834963, 0.671483114, 0.840922296, 0.615384426;0.0816334738, 0.849506295, 0.0493207357, 0.0800957089, 0.897107694, 0.628531984, 0.968909175, 0.222748143, 0.908375226, 0.324998781, 0.88889966, 0.290081206, 0.665902399, 0.764950496, 0.575016013, 0.659884997, 0.508131454;0.775588875, 0.928077927, 0.68653351, 0.39856791, 0.507597143, 0.922233496, 0.143785809, 0.766406481, 0.763678338, 0.646658918, 0.123395137, 0.166317785, 0.406066604, 0.699161558, 0.286177866, 0.367953432, 0.579257308;0.157823645, 0.851156957, 0.463489366, 0.970540724, 0.0760093979, 0.458177225, 0.038540315, 0.0757609083, 0.0853781326, 0.104211968, 0.356513649, 0.829255744, 0.551564778, 0.118505879, 0.996682702, 0.831311875, 0.612980492;0.0756183308, 0.827711753, 0.803079763, 0.722491734, 0.481469475, 0.916922204, 0.789606138, 0.697845708, 0.859442558, 0.767557652, 0.463148859, 0.768503373, 0.612901698, 0.14525396, 0.193197651, 0.84775949, 0.934784084;0.100950881, 0.0927552095, 0.865537933, 0.235527186, 0.288032876, 0.995504492, 0.742664513, 0.230035728, 0.576293364, 0.873283077, 0.664965669, 0.326825346, 0.247270421, 0.825326031, 0.824071988, 0.205175993, 0.485308914;0.920463506, 0.923701055, 0.192878151, 0.650036517, 0.767302564, 0.923596001, 0.0853209848, 0.398002864, 0.974508561, 0.593968269, 0.977430667, 0.827776056, 0.974544666, 0.566014973, 0.0757328024, 0.989521214, 0.0281486458;0.540563259, 0.0916164963, 0.982126084, 0.111839281, 0.692819045, 0.56402803, 0.570419445, 0.147072624, 0.665970792, 0.115735856, 0.862979386, 0.566708258, 0.670902447, 0.0521769897, 0.798421534, 0.183970846, 0.879464746;0.667692697, 0.904646263, 0.302102394, 0.384343449, 0.299325589, 0.204319192, 0.775454158, 0.747807741, 0.667716, 0.355122491, 0.390779217, 0.454355837, 0.718800808, 0.519943604, 0.984500417, 0.243896053, 0.364671248]
data_type = 'double'
regression_support_vectors = [0, 1, 2, 3, 4, 5, 6, 7, 8, 9, 10]
kernel_name = 'Gaussian'
regression_bias = -0.186685548112
feature_type = 'Real'
regression_accuracy = 1e-06
name = 'LibSVR'
regression_labels = [-1, 1, -1, -1, 1, -1, 1, 1, -1, -1, -1]
data_train = [0.122003609, 0.172750853, 0.987517954, 0.355399184, 0.639804966, 0.99404221, 0.104513432, 0.863674533, 0.566606562, 0.939631892, 0.676777719;0.511527791, 0.177001047, 0.477062975, 0.671947309, 0.453559995, 0.602301733, 0.844467647, 0.213416588, 0.214154137, 0.427212504, 0.0444191416;0.459997002, 0.649972898, 0.424578365, 0.713530895, 0.819419282, 0.632794344, 0.00703751605, 0.357798353, 0.101720804, 0.181535353, 0.10905508;0.35525667, 0.801236827, 0.810190931, 0.0718162119, 0.331678925, 0.16910301, 0.639512125, 0.262915136, 0.11890092, 0.916482299, 0.370619736;0.794807962, 0.80399384, 0.734783601, 0.136795931, 0.835457452, 0.810659985, 0.277538603, 0.436528797, 0.0154613866, 0.682882473, 0.455122981;0.40349287, 0.926351219, 0.388677764, 0.196480616, 0.37392646, 0.981815406, 0.967655107, 0.710164366, 0.905233037, 0.66102059, 0.310104163;0.212308354, 0.231605146, 0.838413788, 0.857777248, 0.795736811, 0.645109185, 0.10413307, 0.777157363, 0.368052119, 0.625710141, 0.160275329;0.706924366, 0.395629309, 0.273986311, 0.52877672, 0.530530175, 0.216855657, 0.860918253, 0.24213148, 0.97569398, 0.522802956, 0.944060055;0.287955818, 0.00501254131, 0.76966547, 0.201528171, 0.235548295, 0.607357207, 0.297439007, 0.745276243, 0.118570635, 0.111719556, 0.0164016171;0.840608372, 0.571510489, 0.0130585516, 0.172653238, 0.949777685, 0.72181642, 0.563678475, 0.453115086, 0.399651387, 0.56399998, 0.0473814996;0.218687728, 0.648017495, 0.685481406, 0.709203636, 0.984522365, 0.692635294, 0.969541751, 0.200863865, 0.532206465, 0.52982251, 0.0624978944]
feature_class = 'simple'
regression_tube_epsilon = 0.001
regression_type = 'svm'
regression_alphas = [-2.70910121, 2.23975937, -1.53638897, -1.57078552, 3.68756827, -3.72703387, 2.44614978, 5.00339811, -1.79658637, -2.03400425, -0.00297534654]
accuracy = 1e-06
regression_classified = [-0.496675183, -0.829518782, -0.525254393, 0.435833262, -0.325636929, -0.0944569201, -0.450827322, -1.02920774, -0.387226988, -0.835147718, -0.244804209, 0.751826125, 0.710337982, -0.631375173, 0.11833952, 0.181162726, 0.415939219]
data_class = 'rand'
