distance_name = 'EuclidianDistance'
clustering_merges = 3
name = 'Hierarchical'
data_type = 'double'
data_train = [0.177472941, 0.295156039, 0.615301176, 0.375265471, 0.39405952, 0.539647293, 0.0872241388, 0.73879729, 0.401709533, 0.480397088, 0.974299729;0.344366888, 0.648218936, 0.392504317, 0.894282719, 0.846756267, 0.241624272, 0.691745713, 0.0651719959, 0.96318539, 0.348990108, 0.831842773;0.318431366, 0.632770741, 0.983590792, 0.876749863, 0.16036591, 0.547488433, 0.348531782, 0.434338852, 0.335183129, 0.335959248, 0.542553244;0.191964009, 0.537395425, 0.278965437, 0.288982904, 0.738748029, 0.0295936036, 0.380945763, 0.40753438, 0.48511014, 0.669011025, 0.369686783;0.213137104, 0.884872841, 0.981038627, 0.0200146932, 0.546466851, 0.341702379, 0.276989575, 0.335706391, 0.638877756, 0.19071601, 0.912860712;0.466114525, 0.325576833, 0.765531332, 0.0163466652, 0.431852866, 0.355303601, 0.33820991, 0.337071362, 0.0312713777, 0.152116403, 0.141885159;0.988610505, 0.0221657559, 0.167073656, 0.974174509, 0.628256594, 0.450667121, 0.078760933, 0.669661162, 0.137802988, 0.671186122, 0.979176497;0.531972659, 0.214084655, 0.625283751, 0.512929688, 0.533140264, 0.478106946, 0.673740574, 0.571945362, 0.986995077, 0.825863421, 0.264698378;0.725756522, 0.214300349, 0.782346408, 0.14755764, 0.473553834, 0.790606198, 0.280112702, 0.837119125, 0.644150709, 0.397522329, 0.423416709;0.925991534, 0.217791, 0.693362615, 0.707294206, 0.922449693, 0.713164269, 0.584467418, 0.902522539, 0.82913203, 0.716776455, 0.0325783824;0.373520418, 0.631889672, 0.522250524, 0.319318326, 0.144423916, 0.552996583, 0.285917576, 0.23300049, 0.398958227, 0.785491433, 0.487853502]
feature_class = 'simple'
data_test = [0.21649221, 0.116903142, 0.498987264, 0.794366398, 0.652818024, 0.23214888, 0.436706586, 0.855230363, 0.177655908, 0.532080571, 0.356231509, 0.124179755, 0.0499039209, 0.555871385, 0.0207488737, 0.103446117, 0.347564281;0.0435201854, 0.400445226, 0.130365024, 0.349873091, 0.791159687, 0.626364344, 0.445401078, 0.0918333079, 0.619149659, 0.163709653, 0.0765863439, 0.663996017, 0.912059898, 0.460593437, 0.0409959106, 0.880297717, 0.0669737661;0.867513243, 0.391819373, 0.365394539, 0.542797379, 0.957084817, 0.898740545, 0.470330088, 0.695823231, 0.580429252, 0.693461579, 0.82932746, 0.0344938289, 0.325759854, 0.959329108, 0.949336309, 0.01122089, 0.20144013;0.993770042, 0.492825076, 0.572866004, 0.166420186, 0.894335609, 0.2312643, 0.18964763, 0.228122403, 0.919621703, 0.702846707, 0.768596394, 0.377036358, 0.909177015, 0.789407952, 0.750597363, 0.970940284, 0.366196831;0.610973647, 0.909929699, 0.790888943, 0.563378958, 0.0762136848, 0.65272344, 0.526555557, 0.184180461, 0.882253123, 0.343248595, 0.387479894, 0.672401549, 0.488798742, 0.0892810763, 0.387441617, 0.0944661179, 0.190750403;0.00717443835, 0.181313081, 0.330447354, 0.538218434, 0.919277211, 0.540326867, 0.705603541, 0.357677091, 0.751630794, 0.620468746, 0.459794013, 0.193768795, 0.303540908, 0.620946087, 0.426056324, 0.889386557, 0.234840272;0.0730726523, 0.589348577, 0.88605084, 0.364739029, 0.647711335, 0.231412622, 0.558471922, 0.786792101, 0.867031599, 0.10511913, 0.356374516, 0.639644442, 0.0347228681, 0.6906152, 0.528033883, 0.288566279, 0.814654451;0.290050712, 0.991415046, 0.816370189, 0.707980501, 0.061347558, 0.904310372, 0.790055306, 0.229025079, 0.392248181, 0.268631552, 0.984416034, 0.854196445, 0.930225303, 0.788774236, 0.456348241, 0.20543425, 0.208080157;0.151682848, 0.54664955, 0.919966523, 0.99179807, 0.2872998, 0.69731454, 0.597098016, 0.488936117, 0.665768644, 0.371363019, 0.944484775, 0.705448868, 0.754201092, 0.242422095, 0.168582003, 0.394340793, 0.766672485;0.93879591, 0.427329826, 0.774156792, 0.470407619, 0.29522825, 0.739265151, 0.798202134, 0.202840794, 0.305169502, 0.494776843, 0.18652183, 0.928834299, 0.591333913, 0.121203277, 0.184029865, 0.954355345, 0.738168586;0.734405085, 0.072498594, 0.895298838, 0.443735363, 0.659717323, 0.959689219, 0.10001238, 0.482276459, 0.0496127367, 0.499545423, 0.25225941, 0.911065529, 0.398492494, 0.633872446, 0.860287265, 0.983691858, 0.50381937]
feature_type = 'Real'
data_class = 'rand'
accuracy = 1e-08
