distance_name = 'EuclidianDistance'
accuracy = 1e-08
init_random = 42
name = 'Hierarchical'
data_type = 'double'
data_train = [1.8974559, 1.16220849, 1.77007146, 0.965645698, 0.459904832, 0.306407701, 0.397063488, 0.629950636, 1.45405434, 0.840717156, 1.03640616, 0.0190632618, 0.267570485, 1.99984828, 1.75334372, 0.201067118, 0.324525585, 0.503007732, 0.32554045, 1.59057371, 1.01797153, 0.935917683, 0.135522432, 0.464569859, 1.73967603, 0.812922953, 0.232925365, 0.30301691, 0.352191252, 1.93266238, 0.946706739, 0.414435882, 0.237268655;0.934806422, 0.313110828, 1.85975893, 0.272214106, 0.184860302, 0.77826797, 0.780835049, 0.726520897, 1.65412307, 0.673522628, 1.57344102, 1.9634577, 0.440834517, 0.863825744, 1.30957837, 1.63941898, 0.536127921, 0.23300827, 0.140835665, 0.0711800356, 0.401427626, 1.67970825, 0.633630121, 1.43932118, 0.459844008, 0.804424879, 1.26349006, 1.42221411, 1.46525923, 0.411283089, 0.13734632, 0.877949324, 0.794539387;0.0415038398, 1.0569149, 0.117194084, 1.94597685, 1.84956505, 0.530539873, 0.168955328, 0.809044807, 0.543983104, 1.84371497, 0.664952524, 0.664878643, 0.84806086, 1.43921629, 1.62671219, 0.860668897, 0.0731561378, 0.976985576, 1.71372182, 0.0974594851, 0.875070328, 1.22819349, 1.77646492, 0.080780124, 0.337742734, 1.44035201, 0.184049792, 1.64482568, 0.35188716, 0.832923314, 0.654145236, 0.862640458, 0.0510669383;1.25432046, 0.628623407, 1.27287679, 0.465190112, 0.922546366, 0.862462667, 1.42976751, 0.6777223, 1.10893786, 1.77168484, 0.798255758, 1.60649335, 0.78500006, 0.355425503, 1.79652869, 0.979964428, 1.82073076, 0.776132962, 1.00523594, 0.159857928, 0.800642677, 1.12139412, 0.682188929, 0.396685, 0.668929462, 0.288774702, 0.423023834, 0.353429076, 0.289804136, 0.118364825, 1.26772126, 0.260002696, 0.516396161;0.436627366, 0.206835918, 1.40030014, 0.0450562599, 1.96811126, 0.455188908, 1.79932405, 0.119048282, 0.19122248, 0.14224657, 0.925240913, 0.345851544, 0.0586961669, 1.97749345, 0.976107267, 1.56202957, 1.82994725, 0.27393205, 1.13089193, 0.330853485, 0.205643448, 0.486318966, 1.85961459, 0.357201759, 0.187297449, 0.975540587, 0.0279753567, 0.560987238, 1.00398727, 0.197138521, 0.369955957, 1.07884785, 1.69857293]
feature_class = 'simple'
data_test = [1.70743385, 0.513487429, 0.789217851, 0.24438788, 0.860489888, 0.0499604806, 0.984290454, 0.0748861438, 0.0307572443, 1.6778745, 1.15567618, 0.127999717, 0.533902594, 0.124568733, 1.7591612, 0.492082455, 0.276383752, 0.836500497, 0.637293585, 0.0650266151, 0.0273710308, 0.630960005, 0.161788171, 1.998017, 1.40361999, 1.02956105, 1.8399808, 0.418717418, 1.93267411, 1.98773129, 0.580498567, 1.87762236, 0.93572605, 0.940249808, 1.27559319, 0.101768327, 1.71079124, 0.441996394, 1.17247313, 0.952707928, 0.05344108, 0.384029412, 1.17191, 1.71205941, 0.157483513, 0.201085288, 1.63020341, 0.298867606, 0.73958469, 0.111835226, 0.164050989;0.767411921, 0.906938951, 0.710307157, 0.368502374, 0.019868104, 1.4070764, 1.02383734, 0.807630195, 0.69769167, 0.778737943, 0.526375889, 0.251893046, 1.82179336, 1.2970363, 1.68346894, 1.23508437, 0.184061186, 1.37573129, 0.443367641, 0.0687682623, 1.16974837, 0.487368371, 0.605916738, 0.912682175, 0.551123021, 0.0423213232, 1.13273666, 1.77531578, 0.887221524, 1.65284271, 0.0634531602, 0.202435765, 1.98744233, 1.78930547, 0.174408562, 1.03592438, 0.319891358, 0.0343600372, 0.207120673, 0.728452891, 0.0724961337, 0.0385989087, 0.45603001, 0.505163795, 0.687699163, 1.67191871, 0.240469349, 0.134983771, 1.14110227, 0.136076076, 1.26677227;0.77131214, 0.781986994, 0.686965336, 1.91842702, 1.95394781, 0.628947277, 0.777004809, 0.915121555, 0.552660157, 0.509897963, 0.450628873, 1.67382629, 0.156783143, 1.99666725, 0.243736552, 0.92860369, 1.85390633, 1.40689021, 1.16823249, 0.375968075, 1.48931262, 0.565900327, 0.937339468, 0.535692763, 0.868133546, 0.637528131, 0.0670694015, 1.07227153, 0.293224475, 0.564867111, 0.581952101, 0.110552193, 0.295479386, 0.931669137, 0.409802716, 1.54509542, 1.07848405, 1.17392113, 0.896644765, 0.738986499, 0.163384827, 0.662832174, 1.76979984, 1.82477174, 0.65753167, 0.42774845, 0.341341531, 1.32147828, 1.26938465, 0.623891171, 1.61430604;0.856796186, 1.98812012, 1.24881947, 0.336611799, 1.15176856, 1.39559596, 0.608285422, 0.271141079, 0.696185741, 1.38165063, 0.889297763, 0.680393693, 0.288337079, 0.0559402649, 0.519099574, 0.824084205, 1.99723575, 0.468200038, 1.13126542, 0.631326146, 0.525523818, 1.97097883, 0.0668344028, 1.19207326, 0.856142186, 1.64130203, 0.832153358, 0.220109895, 0.180413255, 1.75351911, 0.70678844, 1.98023889, 0.228962203, 0.205614696, 0.315997929, 1.7749591, 1.64540335, 0.221204383, 0.111359397, 1.83329044, 0.588976058, 0.432226336, 0.00536763067, 0.603469604, 0.778149516, 0.0636446963, 0.919577238, 0.791216074, 1.92183751, 0.446551655, 1.83465344;0.818874492, 1.28135923, 0.690147363, 1.34379899, 0.306971882, 1.88910404, 0.326478119, 0.642159971, 0.986287963, 0.847643536, 1.49762492, 0.707128864, 1.81474855, 0.761621246, 0.312564622, 0.0355030972, 0.881022093, 0.031655018, 0.836492773, 0.0216613336, 1.59995033, 0.880762027, 0.318246192, 0.128587912, 0.51099547, 0.61572145, 0.447518927, 1.81989486, 0.591173339, 1.21425567, 1.17799077, 1.10709335, 0.911841824, 1.2708744, 0.541798009, 0.427374257, 1.73318978, 0.574489734, 0.239687628, 1.18027797, 1.03802487, 0.965117105, 1.99463181, 1.73913428, 0.273710427, 0.291440344, 0.921128666, 0.946548634, 0.0406361524, 1.63486337, 0.3467575]
clustering_pairs = [1, 12, 23;20, 17, 26]
clustering_merge_distance = [0.302098751, 0.40205614, 0.452022274]
clustering_merges = 3
feature_type = 'Real'
data_class = 'rand'
clustering_accuracy = 1e-08
