distance_name = 'EuclidianDistance'
clustering_merges = 3
name = 'Hierarchical'
data_type = 'double'
data_train = [0.418754498, 0.418490764, 0.0384289186, 0.43382146, 0.673489812, 0.421982166, 0.872409677, 0.332562952, 0.132682047, 0.811558691, 0.673947918;0.241819482, 0.536451256, 0.401852339, 0.938859776, 0.607332091, 0.158389261, 0.502148453, 0.862556833, 0.67149667, 0.842452076, 0.250399314;0.888351377, 0.755611332, 0.728913755, 0.34654107, 0.887658064, 0.637979377, 0.851839477, 0.360971456, 0.145652091, 0.33233718, 0.455264347;0.533407375, 0.510809216, 0.546054592, 0.841705765, 0.170101246, 0.316051295, 0.88860849, 0.560458205, 0.58338987, 0.478062545, 0.548974635;0.198079731, 0.546866899, 0.997173128, 0.566047573, 0.0444024656, 0.796435644, 0.396475429, 0.153676149, 0.862519806, 0.197973256, 0.92076739;0.44179649, 0.742790835, 0.54699585, 0.256626804, 0.671090174, 0.957912551, 0.769636967, 0.604017997, 0.990628108, 0.265326667, 0.0623414879;0.0321308661, 0.71068788, 0.830232365, 0.635100537, 0.905026597, 0.697976047, 0.370954646, 0.181258292, 0.924647479, 0.10359715, 0.542988404;0.314007925, 0.271415008, 0.645834852, 0.231236937, 0.916365107, 0.406043909, 0.677375347, 0.727755717, 0.682941695, 0.903400241, 0.231130864;0.0860545447, 0.0554656973, 0.87784415, 0.97328705, 0.302526541, 0.693513924, 0.00891278417, 0.18863151, 0.689274382, 0.0658871393, 0.46851005;0.662583264, 0.765958171, 0.453815914, 0.630284039, 0.53957563, 0.0523057721, 0.742804687, 0.172361916, 0.0318055312, 0.451167916, 0.865637587;0.150829438, 0.0128575341, 0.109979236, 0.363659114, 0.58017187, 0.193012134, 0.801964005, 0.753297121, 0.695863617, 0.487469808, 0.365216955]
feature_class = 'simple'
data_test = [0.375586621, 0.503070535, 0.0773146869, 0.682305463, 0.351507544, 0.224758778, 0.27832707, 0.180294285, 0.901568086, 0.169037516, 0.882926119, 0.572243396, 0.867450955, 0.474064217, 0.927633719, 0.211490744, 0.554691753;0.125838691, 0.447220285, 0.569903697, 0.605675222, 0.365528797, 0.0763356422, 0.655326071, 0.48843186, 0.136878867, 0.935875969, 0.955668662, 0.85660628, 0.843868301, 0.0986712759, 0.99342011, 0.40038068, 0.163121116;0.812101728, 0.225730768, 0.526175321, 0.128016065, 0.474645723, 0.558141493, 0.44592396, 0.0694868248, 0.484939031, 0.468942843, 0.261620277, 0.9216016, 0.417792333, 0.864115796, 0.10966383, 0.318877284, 0.176330854;0.408410788, 0.111636687, 0.441034806, 0.353870743, 0.223315047, 0.642179412, 0.950911488, 0.207113474, 0.71179084, 0.742380889, 0.498120516, 0.897668346, 0.966390066, 0.362246452, 0.651033298, 0.662212618, 0.403635526;0.316791074, 0.933744198, 0.789981549, 0.114464566, 0.119884072, 0.922542769, 0.081409765, 0.688421346, 0.226758247, 0.0351853427, 0.0596375461, 0.373522104, 0.0775884517, 0.5966392, 0.647254511, 0.373468572, 0.742878076;0.49004252, 0.430228503, 0.406988089, 0.431106487, 0.96788765, 0.68140706, 0.315209847, 0.73385987, 0.330267388, 0.125714908, 0.475360357, 0.751023859, 0.377659911, 0.869174142, 0.386952704, 0.349839026, 0.998243914;0.482472023, 0.80522121, 0.804988056, 0.926369337, 0.0848950545, 0.271220276, 0.767748092, 0.562601492, 0.559614942, 0.166215302, 0.281153014, 0.521334086, 0.277181365, 0.210282793, 0.0877560558, 0.155726012, 0.768867762;0.718779181, 0.0458336843, 0.203284085, 0.560455347, 0.322627844, 0.823249603, 0.784989308, 0.891580558, 0.562931232, 0.35207648, 0.606064696, 0.0891366797, 0.00958601774, 0.0170935201, 0.407542938, 0.228077594, 0.157337706;0.615326016, 0.995095043, 0.177753204, 0.546421424, 0.119727514, 0.934236441, 0.291755169, 0.87833982, 0.283076439, 0.80605248, 0.209381333, 0.29278943, 0.192475365, 0.264259878, 0.834865755, 0.639032498, 0.405879669;0.971521027, 0.464861527, 0.969759971, 0.196586923, 0.904638427, 0.0138222041, 0.545303202, 0.423052394, 0.525087845, 0.553444832, 0.389031354, 0.998197847, 0.97650719, 0.961745377, 0.979085047, 0.793012399, 0.988590479;0.892360225, 0.415932637, 0.784777108, 0.912067845, 0.712606074, 0.422782341, 0.065790242, 0.809696937, 0.952742873, 0.36246326, 0.151906051, 0.326503839, 0.582622358, 0.316929003, 0.61061873, 0.966852232, 0.670734493]
feature_type = 'Real'
data_class = 'rand'
accuracy = 1e-08
