distance_name = 'EuclidianDistance';
init_random = 42;
clustering_accuracy = 1e-08;
distance_data_train = [1.1228108, 0.2017305, 1.235906, 0.3206422, 1.3321464, 0.9976926, 0.5486031, 0.6937176, 1.8404396, 0.3328158, 1.8374908, 0.1667308, 1.1863209, 1.3114443, 1.9106862, 0.4315281, 1.2273956, 0.7305491, 0.5731508, 0.548922, 0.506104, 0.3692305, 1.104247, 0.454268, 0.7677795, 0.9320143, 0.7414609, 0.5938831, 0.4954236, 0.8786291, 1.1655205, 0.7524031, 0.0872902;0.4570002, 0.4731662, 0.4939815, 0.7069805, 0.5364814, 0.1066993, 0.7546353, 1.4145046, 1.2055798, 1.9229602, 0.7785719, 1.8635181, 1.1142673, 0.8507275, 0.6061019, 1.7877899, 0.3788216, 1.6078944, 0.1166961, 0.0027109, 0.7140641, 0.7459745, 1.7442497, 0.143128, 1.3793057, 1.4657001, 0.0878681, 0.7942894, 0.2045446, 1.6037215, 0.6845715, 0.102916, 0.1388248;0.5022883, 0.4089552, 0.7215966, 1.3114732, 0.0122031, 0.5398606, 1.577632, 0.771882, 1.7804957, 0.0480946, 0.5984427, 1.2482264, 0.2050018, 1.0328467, 1.9184547, 0.5990294, 1.9127495, 0.7815145, 0.9264494, 0.7161791, 1.0338792, 1.1655133, 0.6039579, 1.5870682, 1.480837, 0.9909295, 0.9329381, 0.8279409, 0.7505019, 0.5655083, 0.3792286, 0.4863575, 0.4085183;1.9755413, 0.1391162, 0.186405, 0.8267988, 0.2879296, 1.5350697, 1.2200972, 0.7995371, 0.227351, 0.4235969, 1.5151737, 0.1007946, 0.4519486, 0.6149503, 0.9118524, 0.9078661, 1.2775872, 0.6337586, 1.860632, 1.5573054, 0.2356917, 1.2995959, 0.7137825, 1.458989, 0.2560155, 1.1844629, 0.3161966, 1.2126808, 0.9590748, 0.8251327, 0.5883067, 0.6829821, 0.3425243;0.3744354, 1.4682318, 0.9187505, 1.3099369, 0.0666191, 1.2940447, 0.6513672, 0.7712467, 0.7900846, 0.4387447, 0.5774863, 0.5397811, 0.8996674, 0.5428493, 1.624976, 1.3777259, 1.799782, 0.1022127, 0.0230226, 1.3973181, 0.2290254, 0.3914821, 1.5874536, 0.5929629, 0.7260956, 0.6241015, 0.5318575, 1.8365648, 0.3553625, 1.4267889, 1.349387, 0.0689215, 0.0773211];
clustering_pairs = [22, 15, 5;29, 33, 19];
distance_data_test = [0.1620139, 0.2699112, 1.23869, 0.7215329, 1.3340089, 1.9065137, 1.5437789, 1.8644929, 0.9493068, 0.7322718, 0.5398428, 0.0526838, 0.0094854, 1.662112, 1.1604001, 0.8464078, 1.5713189, 0.1350013, 0.3363705, 1.061517, 0.0916993, 0.4797813, 1.1573407, 0.4742373, 0.9552363, 0.4837549, 0.5807572, 1.8681608, 0.5225192, 1.5212603, 0.1854729, 0.8415297, 0.0885434, 0.0375968, 1.9914753, 0.0033464, 0.1546721, 1.516079, 0.9155137, 0.6104047, 0.3966494, 0.3839639, 0.9540869, 0.9325899, 1.8829063, 0.6233326, 1.2452855, 0.0700297, 0.3982874, 0.271687, 1.7339099;0.1094676, 0.4127936, 1.6989907, 0.5982861, 1.8816371, 1.2286252, 1.1892215, 0.0759334, 0.4596815, 1.9613153, 0.7049255, 0.9564157, 0.1244376, 0.2772656, 0.3916301, 1.7566358, 1.8790715, 0.884199, 0.9676994, 0.3443837, 0.8528218, 0.7900136, 0.9620988, 0.8074303, 1.9300904, 0.1030937, 1.8199469, 0.0023394, 1.1931329, 0.2970029, 1.2586883, 1.1058341, 1.0051452, 0.9823305, 0.0451007, 1.9087013, 0.5885542, 0.2589827, 1.46547, 0.7979893, 0.4673108, 0.7155533, 1.0011201, 0.6905602, 0.3145966, 0.0052538, 0.0777653, 0.9103391, 0.3515402, 0.5891085, 1.5561817;0.0867052, 0.903724, 0.5213007, 0.6007984, 1.0840982, 0.6389494, 0.2305692, 0.8378257, 0.8306425, 1.3921512, 1.1158439, 0.4015802, 0.7433528, 0.0515958, 0.9993535, 0.3840906, 1.5598443, 1.788807, 0.6699175, 0.9033638, 1.8186794, 1.4322408, 0.0649864, 1.7536988, 0.7583924, 0.5882638, 0.8007697, 1.8401215, 0.7241033, 0.1203388, 1.1737535, 0.0367319, 0.9891849, 0.0469454, 1.3264336, 0.6372316, 0.6931752, 0.8262057, 0.9572703, 1.3766954, 1.2833429, 1.1794973, 0.9805768, 0.7590358, 0.9581708, 0.6466649, 1.0090724, 1.0184277, 1.1284487, 0.6297779, 0.0441654;1.708572, 0.5558066, 0.4217627, 1.4735739, 1.0656261, 0.0548826, 0.5224346, 0.5152479, 1.0746944, 0.3911698, 1.5943959, 1.9472979, 0.6445467, 0.8949214, 1.6760523, 0.3646972, 0.4732101, 0.9963358, 0.7953418, 1.4459583, 1.8524147, 1.6475736, 0.4633807, 1.7709843, 0.1205226, 0.7310237, 0.5972741, 0.4911863, 0.8974361, 0.5250315, 0.0348652, 0.5606772, 0.4551437, 0.115282, 0.4574321, 0.6501674, 0.7478716, 1.7708541, 0.7450645, 0.6229374, 0.3128549, 1.0579205, 1.8215129, 1.1663776, 0.2602334, 0.5182604, 1.3836123, 0.192599, 0.216324, 1.9901484, 0.8601268;1.8259208, 0.9903413, 1.8399472, 1.2983744, 0.4766768, 1.8680543, 0.0354224, 1.2300537, 0.6616552, 0.6957143, 1.1021936, 0.9315895, 0.7378558, 0.5201681, 1.7728228, 0.5326025, 0.8766654, 0.4410322, 0.4268171, 1.5270241, 0.4810619, 1.9443036, 1.8542098, 0.5302651, 0.962122, 0.0050821, 0.8944799, 0.2526491, 0.0002375, 0.5724278, 0.803977, 1.0010295, 0.0443767, 0.7352127, 1.1589383, 0.4044854, 1.2525087, 0.8849984, 1.1313351, 0.4175061, 0.3290514, 0.0487836, 1.8187856, 0.5384015, 0.281391, 1.3718335, 0.1094689, 0.4619429, 0.8521935, 1.4685394, 0.2729594];
clustering_merge_distance = [0.332177658, 0.494121582, 0.504436987];
clustering_merges = 3;
clustering_name = 'Hierarchical';
distance_feature_type = 'Real';
distance_feature_class = 'simple';
