distance_name = 'EuclidianDistance';
accuracy = 1e-08;
init_random = 42;
name = 'Hierarchical';
data_type = 'double';
data_train = [1.12281078, 0.201730462, 1.23590603, 0.320642192, 1.33214641, 0.997692616, 0.548603118, 0.693717607, 1.84043963, 0.332815786, 1.83749079, 0.16673076, 1.18632088, 1.31144426, 1.9106862, 0.431528143, 1.22739562, 0.730549137, 0.573150849, 0.54892198, 0.506103956, 0.369230482, 1.10424697, 0.454267972, 0.767779501, 0.932014342, 0.741460911, 0.593883098, 0.495423626, 0.878629115, 1.16552051, 0.75240312, 0.0872901796;0.457000219, 0.473166201, 0.493981487, 0.706980461, 0.536481351, 0.10669925, 0.754635292, 1.41450458, 1.20557981, 1.92296023, 0.778571939, 1.86351814, 1.1142673, 0.85072746, 0.606101881, 1.78778989, 0.378821566, 1.60789439, 0.116696064, 0.00271089941, 0.714064082, 0.745974526, 1.74424965, 0.143127986, 1.3793057, 1.46570012, 0.0878681112, 0.79428945, 0.204544593, 1.60372153, 0.684571548, 0.102916031, 0.138824773;0.502288347, 0.408955177, 0.721596551, 1.31147317, 0.0122030723, 0.539860637, 1.57763195, 0.771881981, 1.78049571, 0.048094644, 0.598442701, 1.24822644, 0.20500181, 1.03284667, 1.91845472, 0.599029365, 1.91274946, 0.781514482, 0.926449424, 0.716179075, 1.03387916, 1.16551332, 0.603957872, 1.58706822, 1.48083698, 0.990929476, 0.932938067, 0.827940887, 0.750501925, 0.565508347, 0.379228585, 0.486357482, 0.408518293;1.97554132, 0.139116194, 0.186404987, 0.826798828, 0.287929616, 1.53506972, 1.22009721, 0.799537131, 0.227350983, 0.423596862, 1.51517368, 0.100794603, 0.451948601, 0.614950263, 0.911852409, 0.90786613, 1.27758717, 0.633758564, 1.86063202, 1.55730537, 0.235691746, 1.29959591, 0.713782455, 1.45898899, 0.256015532, 1.18446287, 0.316196582, 1.21268078, 0.959074795, 0.825132677, 0.588306676, 0.682982063, 0.342524257;0.37443537, 1.46823183, 0.918750522, 1.30993693, 0.0666191124, 1.29404468, 0.651367211, 0.771246669, 0.790084637, 0.438744675, 0.577486271, 0.539781062, 0.899667445, 0.542849311, 1.62497599, 1.37772595, 1.79978202, 0.102212664, 0.0230226048, 1.39731812, 0.229025391, 0.39148211, 1.5874536, 0.592962905, 0.726095586, 0.624101544, 0.53185748, 1.83656481, 0.355362452, 1.42678891, 1.349387, 0.0689215394, 0.0773210655];
feature_class = 'simple';
data_test = [0.162013878, 0.269911222, 1.23869003, 0.721532861, 1.33400888, 1.90651372, 1.54377891, 1.86449288, 0.949306797, 0.732271807, 0.539842779, 0.052683836, 0.00948543363, 1.66211201, 1.16040011, 0.846407849, 1.57131894, 0.135001277, 0.336370464, 1.06151703, 0.0916993351, 0.479781327, 1.15734066, 0.474237309, 0.955236313, 0.483754942, 0.580757207, 1.8681608, 0.522519192, 1.52126031, 0.18547291, 0.84152966, 0.0885434106, 0.0375967732, 1.99147534, 0.00334636204, 0.154672141, 1.51607902, 0.915513677, 0.610404667, 0.396649373, 0.38396389, 0.954086937, 0.932589909, 1.88290627, 0.623332551, 1.24528553, 0.0700297057, 0.398287384, 0.271686971, 1.73390992;0.109467599, 0.412793551, 1.69899074, 0.598286058, 1.88163713, 1.22862516, 1.18922154, 0.0759334104, 0.459681513, 1.96131529, 0.70492555, 0.956415698, 0.124437557, 0.277265646, 0.391630141, 1.7566358, 1.87907148, 0.884198978, 0.967699388, 0.344383732, 0.852821822, 0.790013559, 0.962098786, 0.807430252, 1.93009035, 0.103093746, 1.81994692, 0.00233939063, 1.19313286, 0.297002876, 1.25868833, 1.10583409, 1.00514517, 0.982330515, 0.0451006772, 1.90870131, 0.588554229, 0.258982652, 1.46547001, 0.797989322, 0.467310767, 0.715553315, 1.00112011, 0.690560232, 0.314596557, 0.00525381856, 0.0777653441, 0.910339102, 0.351540161, 0.589108534, 1.55618174;0.0867052119, 0.903723967, 0.521300667, 0.600798446, 1.08409822, 0.638949385, 0.230569196, 0.837825735, 0.830642518, 1.39215121, 1.11584386, 0.401580236, 0.743352823, 0.0515958067, 0.9993535, 0.384090611, 1.55984431, 1.78880698, 0.669917465, 0.903363813, 1.81867942, 1.43224078, 0.0649864095, 1.75369883, 0.758392414, 0.588263757, 0.800769687, 1.8401215, 0.724103329, 0.120338762, 1.17375348, 0.0367319374, 0.98918491, 0.0469453571, 1.32643358, 0.63723158, 0.693175211, 0.826205696, 0.957270263, 1.37669536, 1.28334295, 1.17949732, 0.9805768, 0.759035846, 0.958170793, 0.646664919, 1.0090724, 1.01842772, 1.12844872, 0.629777923, 0.0441654377;1.708572, 0.555806581, 0.42176266, 1.47357389, 1.06562614, 0.0548826146, 0.522434576, 0.515247924, 1.07469442, 0.391169766, 1.59439586, 1.94729789, 0.644546651, 0.894921441, 1.67605226, 0.364697249, 0.473210118, 0.996335776, 0.795341838, 1.44595831, 1.85241466, 1.64757364, 0.463380748, 1.77098429, 0.120522579, 0.731023671, 0.597274072, 0.491186341, 0.897436148, 0.525031501, 0.0348651602, 0.560677194, 0.455143685, 0.115282021, 0.457432098, 0.65016735, 0.747871604, 1.77085411, 0.745064548, 0.622937383, 0.312854857, 1.05792046, 1.82151295, 1.16637759, 0.260233368, 0.518260367, 1.38361226, 0.192599028, 0.216324023, 1.99014837, 0.860126816;1.82592077, 0.990341313, 1.83994716, 1.29837443, 0.476676828, 1.86805432, 0.0354223684, 1.23005368, 0.661655175, 0.695714293, 1.10219362, 0.931589488, 0.737855767, 0.52016811, 1.77282278, 0.532602519, 0.876665378, 0.441032162, 0.426817057, 1.5270241, 0.481061884, 1.94430363, 1.85420977, 0.530265133, 0.962121973, 0.00508213982, 0.894479931, 0.252649094, 0.000237523576, 0.572427759, 0.803976979, 1.00102948, 0.0443766635, 0.735212655, 1.15893828, 0.40448545, 1.25250875, 0.884998357, 1.13133513, 0.417506084, 0.329051365, 0.0487835817, 1.81878564, 0.53840149, 0.281390961, 1.37183353, 0.10946886, 0.461942851, 0.852193533, 1.46853942, 0.272959375];
clustering_pairs = [22, 15, 5;29, 33, 19];
clustering_merge_distance = [0.332177589, 0.49412154, 0.504436992];
clustering_merges = 3;
feature_type = 'Real';
data_class = 'rand';
clustering_accuracy = 1e-08;
