distance_name = 'EuclidianDistance'
clustering_k = 3
name = 'KMeans'
data_type = 'double'
data_train = [0.578010078, 0.591369008, 0.393923553, 0.18372773, 0.45718976, 0.882579114, 0.285816555, 0.620791698, 0.021593512, 0.179327586, 0.934356317;0.764503129, 0.743960697, 0.173745223, 0.807304461, 0.0244315996, 0.88069051, 0.184291886, 0.744691172, 0.623707284, 0.959113902, 0.0392505629;0.253331974, 0.91803426, 0.443712049, 0.659127346, 0.603931873, 0.182990978, 0.211166745, 0.552279515, 0.552855556, 0.768537998, 0.26954975;0.278425943, 0.742495564, 0.91514162, 0.269110938, 0.0797969155, 0.578683912, 0.854943325, 0.945902459, 0.707781323, 0.1275357, 0.980822852;0.606290314, 0.0886944751, 0.899525938, 0.620304831, 0.0745303068, 0.870305581, 0.307318797, 0.76933608, 0.60316138, 0.952040823, 0.790663521;0.589758859, 0.65518408, 0.325415104, 0.329410691, 0.815233546, 0.301794044, 0.659771425, 0.636367607, 0.393700539, 0.910679008, 0.824867767;0.981324973, 0.506577483, 0.0849341304, 0.0322006606, 0.243992954, 0.716975076, 0.114967106, 0.816049192, 0.00232902252, 0.677161306, 0.438669959;0.0277461705, 0.520357598, 0.00993714066, 0.674208602, 0.363211976, 0.387169028, 0.708242927, 0.514426976, 0.246571415, 0.273439922, 0.740423864;0.624749297, 0.860334611, 0.278045994, 0.236244638, 0.239333708, 0.522553332, 0.803477403, 0.310211854, 0.663784527, 0.816454456, 0.592819835;0.253944014, 0.703217232, 0.174927507, 0.662661714, 0.36004373, 0.156141272, 0.326437876, 0.705123373, 0.117851421, 0.285054769, 0.208017831;1.06132836, 1.37346864, 1.11331849, 1.60798054, 1.04214731, 1.5614079, 1.19725891, 1.43365247, 1.14182191, 1.8730616, 1.3933516;1.38787951, 1.20393331, 1.19832385, 1.45569815, 1.98898811, 1.43889462, 1.93392153, 1.49312669, 1.49535131, 1.17743918, 1.38727432;1.20177041, 1.89389971, 1.97577364, 1.79908118, 1.80609899, 1.72773196, 1.96050889, 1.85107706, 1.55416733, 1.43440281, 1.02667461;1.24074919, 1.1624969, 1.61653104, 1.8634851, 1.78748155, 1.5091094, 1.89885413, 1.16685229, 1.76240482, 1.18693614, 1.63717886;1.10280218, 1.77132667, 1.34218057, 1.28407267, 1.27724492, 1.80406914, 1.97355236, 1.35231871, 1.99384208, 1.38329568, 1.59771313]
feature_class = 'simple'
data_test = [0.225108483, 0.29658128, 0.882950448, 0.452748081, 0.971250831, 0.924857386, 0.628327978, 0.828168729, 0.474972525, 0.318143218, 0.0791952091, 0.34800174, 0.690168753, 0.67367974, 0.471729886, 0.635747639, 0.926018169;0.871320455, 0.326245624, 0.507610098, 0.344712244, 0.454126325, 0.340955425, 0.443055722, 0.871775055, 0.0124298696, 0.106708629, 0.683416544, 0.0637726912, 0.152887706, 0.0257568597, 0.533322367, 0.738026042, 0.573059183;0.566885912, 0.655092618, 0.164044936, 0.0899622151, 0.183983758, 0.683929839, 0.668454243, 0.55336531, 0.587147519, 0.641226298, 0.879590548, 0.893454759, 0.231265336, 0.434698471, 0.25350012, 0.995135302, 0.907555366;0.231227003, 0.631041585, 0.966034605, 0.0637216077, 0.689570187, 0.172315565, 0.00110830044, 0.702925569, 0.880669614, 0.0819951431, 0.504463485, 0.232628388, 0.699779025, 0.900392761, 0.815103884, 0.779165356, 0.126188875;0.832302945, 0.617357518, 0.0324467348, 0.208242929, 0.495030811, 0.130998677, 0.751979968, 0.125983721, 0.876098532, 0.616034603, 0.80623682, 0.504774024, 0.137581572, 0.970360716, 0.460272766, 0.0177522046, 0.664694107;0.31784281, 0.383951971, 0.585810517, 0.916717996, 0.539964657, 0.258640478, 0.874609193, 0.27842833, 0.417638592, 0.514649698, 0.347967591, 0.905992934, 0.772318679, 0.3599067, 0.215260166, 0.19054037, 0.804038425;0.385352865, 0.449143926, 0.183560716, 0.0576767828, 0.436191358, 0.00632852432, 0.405976613, 0.767290979, 0.41065223, 0.0896112516, 0.378085727, 0.635375995, 0.733169395, 0.629901111, 0.257393981, 0.348619051, 0.960335354;0.718261869, 0.230837827, 0.677140325, 0.664095951, 0.246772054, 0.664784546, 0.744251034, 0.966276806, 0.253344805, 0.51013704, 0.584275796, 0.0989213091, 0.233418903, 0.30527679, 0.15820421, 0.775693794, 0.624572286;0.540623554, 0.385226332, 0.422969615, 0.37364426, 0.703194952, 0.804028268, 0.220626287, 0.578685965, 0.981717055, 0.226041477, 0.370595434, 0.816192285, 0.514405395, 0.706904727, 0.999737926, 0.0609081872, 0.311028868;0.457808553, 0.32733538, 0.42707364, 0.366138211, 0.664985265, 0.908973156, 0.501714484, 0.52110971, 0.427459173, 0.134071967, 0.0280943727, 0.0347362473, 0.0153948481, 0.511977634, 0.0153701984, 0.897766468, 0.400417737;1.63012973, 1.51889287, 1.22152813, 1.52312696, 1.46086658, 1.14903795, 1.63364452, 1.44472494, 1.53841735, 1.06630701, 1.46742538, 1.20322332, 1.79905365, 1.99946809, 1.47924306, 1.02598098, 1.27352968;1.43723097, 1.99900044, 1.83901518, 1.6351752, 1.61808053, 1.4239828, 1.90286147, 1.68852056, 1.99423574, 1.91284036, 1.27540124, 1.98649715, 1.27695783, 1.60489894, 1.32542257, 1.04133907, 1.49462279;1.70819969, 1.06556943, 1.74322057, 1.1369485, 1.69296676, 1.68978587, 1.61752266, 1.7531653, 1.2577465, 1.1867904, 1.89776237, 1.67360388, 1.88214038, 1.05317233, 1.57140652, 1.32629408, 1.3424061;1.2734332, 1.56190171, 1.56358164, 1.8205273, 1.74143414, 1.45295076, 1.16191523, 1.23694497, 1.10048428, 1.5899541, 1.06782287, 1.60258805, 1.28276381, 1.40049148, 1.86533816, 1.41412121, 1.09386726;1.03049257, 1.82889565, 1.249054, 1.87750903, 1.4984445, 1.26225842, 1.11739128, 1.77817575, 1.80758227, 1.00105266, 1.89235637, 1.78248478, 1.33824638, 1.94360584, 1.31561732, 1.12376055, 1.30665311]
clustering_radi = [0.767059511, 2.06655854e-312, -1.00004216]
feature_type = 'Real'
clustering_centers = [0.626457254, 0.335628691, 0.172227608;0.439643143, 0.513804401, 0.359125689;0.345541806, 0.638200622, 0.906777033;0.619762568, 0.788472836, 0.588391977;0.569740767, 0.530460598, 0.232490095;0.637965541, 0.458099908, 0.100869614;0.551996543, 0.197946879, 0.643717049;0.456870157, 5.43356199e-313, 0.341355292;0.515524238, 2.50856747e-269, 0.0273929275;0.33495135, -4.25206732e+269, 0.588556763;1.28152442, 3.19148167e-311, 0.795246334;1.60501413, 0.503183465, 0.457390843;1.59564365, 0.146042448, 0.325656698;1.54003757, 0.0631949728, 0.947265548;1.51795008, 0.750124946, 0.213585625]
data_class = 'rand'
accuracy = 1e-08
