distance_name = 'EuclidianDistance';
init_random = 42;
clustering_k = 3;
clustering_accuracy = 1e-08;
clustering_name = 'KMeans';
distance_data_train = [0.9218742, 0.1560186, 1.9296977, 1.2897515, 0.0884925, 1.8036721, 0.0452273, 0.1959829, 0.7080726, 0.5426961, 0.0205845, 0.271349, 0.3886773, 0.9507143, 0.2809345, 1.892559, 0.8661761, 0.3745401, 1.5393422, 0.0580836, 1.8081204, 1.1612213, 1.1865701, 0.8287375, 0.5986585, 0.3567533, 0.7319939, 0.3253303, 0.1559945, 1.6334038, 1.8714606, 0.601115, 1.8074402;0.5247564, 1.8960913, 0.7290072, 1.417411, 0.8154614, 0.6118529, 0.9868869, 0.0745506, 0.1394939, 1.0069521, 0.802197, 0.3042422, 0.431945, 0.181825, 0.0055221, 1.4271078, 1.3180035, 0.2123391, 1.8607306, 0.2912291, 0.7712703, 0.1834045, 0.1409242, 1.5107473, 0.9699099, 0.8324426, 0.1987157, 1.8180148, 0.7068573, 1.1100519, 1.2221078, 1.2279352, 0.7722448;1.9624473, 0.0740447, 1.1198654, 1.3232029, 0.5142344, 0.0650516, 0.8631034, 0.3584657, 0.1705241, 1.5187906, 1.3376152, 0.5924146, 0.330898, 0.0464504, 0.3109823, 0.1996738, 1.703019, 0.3251833, 0.7296062, 0.2921446, 0.785176, 0.6075449, 0.6232981, 1.2517823, 0.6375575, 0.3663618, 1.9717821, 0.1158691, 0.0635584, 1.3636296, 1.4972485, 0.45607, 1.9429097;0.4951769, 1.502679, 1.6095643, 0.4401525, 0.0343885, 0.9093204, 0.1195942, 0.7709672, 0.5612772, 1.2395619, 1.0368869, 1.4894528, 0.8872127, 1.3008783, 1.0514788, 0.5227328, 0.8083973, 0.3046138, 1.2786465, 0.760785, 0.0976721, 1.2848405, 0.7132448, 0.9488855, 0.427541, 0.965632, 0.1220382, 0.0254191, 0.4937956, 0.4722149, 1.1448949, 0.684233, 1.9082659;0.520068, 0.5085707, 0.5467103, 0.0314292, 1.0902898, 0.9075665, 0.9394989, 1.3677831, 1.7616196, 0.1078914, 0.4103829, 1.2376375, 0.5979, 0.6625223, 0.9695846, 0.1848545, 0.314356, 1.2420553, 0.6364104, 0.7751328, 1.6721355, 0.0769799, 0.8948274, 0.2492922, 1.5357747, 1.6323058, 1.9856505, 0.2287982, 0.7555511, 0.25878, 1.7282163, 0.3117111, 1.6335297];
clustering_radi = [1.31490236, 1.31490236, 1.31620616];
distance_data_test = [0.8866171, 0.573367, 0.9438916, 0.6514848, 0.1285004, 0.8204268, 0.8206395, 1.2487242, 1.2366852, 0.4384741, 1.5813054, 0.8009493, 0.0507685, 1.88036, 0.6720261, 1.481667, 0.8671989, 0.6278944, 0.2739611, 0.4197809, 0.194274, 1.2536822, 1.7081812, 0.6115137, 0.8112042, 0.0276168, 1.4344518, 1.7050844, 1.3302525, 0.0709409, 0.5788649, 1.3779876, 1.3502182, 0.9442516, 1.2332281, 0.3967838, 0.6771683, 0.2562069, 1.8631385, 1.5918887, 0.2066844, 0.0815942, 0.3281527, 0.6259397, 0.0051849, 0.6364036, 0.2965101, 1.5133262, 1.9076937, 0.3772591, 0.2145891;0.9675806, 0.3365542, 0.1550416, 0.4113539, 1.4052021, 1.8021092, 0.5370824, 0.3032655, 0.3266512, 0.8389335, 0.9652518, 1.4363358, 1.0828913, 0.4572652, 1.4777149, 1.571473, 0.0388347, 1.5283701, 0.2606945, 0.3853966, 0.9366482, 0.4960375, 0.417946, 0.8604046, 0.2502514, 0.6995122, 0.6182539, 0.827869, 1.3226864, 1.6810394, 0.3483366, 1.9779007, 0.3406246, 0.5479719, 1.7442117, 0.6928904, 1.556005, 0.0391863, 0.0389631, 1.2375065, 1.4002229, 0.4234709, 1.7671949, 1.8227904, 0.2715429, 0.9818409, 0.8420231, 0.6557226, 1.7409739, 0.19438, 0.6816137;1.0754345, 0.3896181, 0.580544, 1.9246433, 1.9152543, 1.9191157, 0.1327454, 0.8671166, 0.4335207, 0.1843337, 1.6954111, 0.7316478, 1.3842018, 0.5343275, 1.0578639, 1.2944939, 0.7440426, 1.2529902, 0.7145951, 0.2397874, 0.4423522, 0.080873, 1.2168091, 1.1662154, 0.3777289, 0.9152137, 0.5618667, 1.7371007, 0.2508605, 1.9587024, 0.6884999, 1.0434008, 0.0581936, 0.2976352, 0.2385969, 0.4283145, 1.9958314, 0.1383531, 0.3988209, 1.6969251, 0.2500164, 0.7399088, 0.5685203, 0.0410675, 0.1276897, 0.5759246, 1.3945218, 0.2382362, 0.6798448, 0.9695369, 0.4965612;0.1586464, 1.6027819, 0.0917991, 0.3114133, 0.6767699, 1.1331851, 0.0534853, 0.8471431, 0.6571113, 0.5166963, 0.6024409, 0.0832844, 0.1134646, 0.1201646, 0.0938733, 0.9461945, 0.7300393, 0.5537031, 0.182866, 1.3603451, 1.032316, 1.2659379, 1.4532408, 0.2127279, 0.0477161, 1.2709576, 1.3882684, 0.6382706, 0.7812961, 0.9585415, 0.3418797, 1.3356601, 1.2293947, 0.4930257, 0.3549052, 0.9795105, 0.5660372, 0.0917041, 1.1696799, 0.4825209, 0.094157, 1.1067561, 1.6468484, 0.0999849, 1.2599499, 1.2797635, 0.9568009, 1.4112067, 0.934614, 0.4356729, 1.0762004;0.1466048, 1.376739, 0.6839638, 1.9405318, 0.6497737, 0.9309291, 1.9191766, 0.1753303, 0.9686519, 1.8291642, 1.5515879, 0.5010399, 0.8866804, 0.5459158, 0.3463043, 0.0153045, 0.9334363, 0.0480589, 0.8384808, 0.8369639, 0.3966516, 0.9742482, 0.68803, 0.6158512, 1.7495783, 1.3929894, 0.5393774, 1.7776023, 1.1648343, 0.8668687, 0.9959312, 0.0171611, 1.4803701, 1.4166391, 1.0827484, 1.8766615, 0.7633644, 0.9491457, 0.7058315, 0.2225764, 1.4112551, 0.2608936, 0.4260915, 0.806913, 1.9852861, 1.5690815, 0.0558712, 0.7370356, 0.8918969, 1.5811626, 0.4646738];
clustering_centers = [0.67135051, 1.785712, 0.426136293;1.17055131, 1.06304666, 0.419489667;1.0350386, 0.9628951, 0.497797247;0.84662326, 0.992913975, 0.666860007;0.27594796, 0.9460254, 1.16320889];
distance_feature_type = 'Real';
distance_feature_class = 'simple';
