distance_name = 'EuclidianDistance'
accuracy = 1e-08
clustering_k = 3
name = 'KMeans'
data_type = 'double'
data_train = [0.017592488, 0.268011732, 0.375395221, 0.882237962, 0.950441803, 0.716477967, 0.492531781, 0.640621549, 0.414001052, 0.298825832, 0.950688068;0.115390229, 0.346393568, 0.89908896, 0.723141431, 0.0291014513, 0.0230996734, 0.516512463, 0.484253056, 0.442991539, 0.302343762, 0.98663872;0.271987323, 0.490040206, 0.404893097, 0.170249426, 0.202618819, 0.918302742, 0.858279723, 0.199044306, 0.875662624, 0.20918613, 0.626546322;0.0812805233, 0.880369626, 0.0515002995, 0.554942889, 0.779711525, 0.116834736, 0.404480268, 0.0419501515, 0.682752577, 0.307449595, 0.559395245;0.93273227, 0.305858108, 0.0486274716, 0.675627768, 0.786841135, 0.95786856, 0.157800877, 0.392139925, 0.84414046, 0.806871393, 0.624795707;0.269368545, 0.284035291, 0.124002995, 0.921853674, 0.172931515, 0.572886601, 0.584351417, 0.369605441, 0.352518461, 0.668588419, 0.388297778;0.255115393, 0.399131702, 0.807662078, 0.966478455, 0.63595023, 0.782101225, 0.532824861, 0.624823142, 0.988086657, 0.438418865, 0.066254697;0.957006918, 0.793061721, 0.398310368, 0.982395054, 0.34553575, 0.372120196, 0.609731353, 0.274347386, 0.698571485, 0.152850304, 0.108025319;0.534878008, 0.555493682, 0.10665507, 0.964176261, 0.573286658, 0.151034992, 0.311442524, 0.800234214, 0.523231528, 0.188148349, 0.102848972;0.430774412, 0.337414709, 0.655917352, 0.925246987, 0.247730286, 0.855233933, 0.920461978, 0.902002599, 0.95207733, 0.842108622, 0.593486005;0.409846099, 0.491687786, 0.872612175, 0.301398377, 0.159261694, 0.140819218, 0.82699461, 0.761485686, 0.497645341, 0.274871428, 0.677613176]
feature_class = 'simple'
data_class = 'rand'
data_test = [0.0384330974, 0.568227816, 0.398425169, 0.977859634, 0.507560249, 0.552267752, 0.712362663, 0.484538481, 0.224568619, 0.537277847, 0.944268871, 0.409910988, 0.679640955, 0.978034189, 0.829922313, 0.659034133, 0.735996488;0.936483248, 0.959752104, 0.96896813, 0.625641628, 0.38471165, 0.133153129, 0.385548001, 0.942955455, 0.889797081, 0.523659662, 0.537007287, 0.30892035, 0.45450789, 0.714448494, 0.402430726, 0.187983872, 0.540859579;0.225336911, 0.974287556, 0.390339914, 0.909664972, 0.225553997, 0.189209005, 0.616901129, 0.779379078, 0.566764564, 0.229795684, 0.0378943629, 0.618288821, 0.131037225, 0.343176387, 0.675784754, 0.0980234406, 0.12725148;0.0616662073, 0.996079129, 0.387076769, 0.905795168, 0.293585638, 0.753202565, 0.219066616, 0.49832471, 0.824615739, 0.816334399, 0.794280717, 0.823734413, 0.211472281, 0.482216273, 0.484871475, 0.890502487, 0.296891829;0.931495893, 0.450795736, 0.669787003, 0.268883112, 0.410298107, 0.709800932, 0.512747142, 0.930708012, 0.737124966, 0.564402926, 0.886669757, 0.665556389, 0.647320473, 0.246371333, 0.394856966, 0.683303653, 0.891791711;0.315547474, 0.215485622, 0.593695979, 0.0671970981, 0.714541701, 0.703138543, 0.354966031, 0.892677653, 0.502181142, 0.645764951, 0.209578482, 0.417340335, 0.86241754, 0.212939548, 0.390574378, 0.318076544, 0.151110185;0.289717918, 0.232772284, 0.92359363, 0.741078805, 0.316101582, 0.763339053, 0.022139953, 0.526524711, 0.250334564, 0.114322072, 0.883758528, 0.199340534, 0.822391093, 0.413222677, 0.01429077, 0.732532829, 0.596359758;0.344171883, 0.281545934, 0.0736912524, 0.941425595, 0.493984885, 0.0855245176, 0.868679718, 0.278833173, 0.203602716, 0.280937438, 0.564571459, 0.0740564845, 0.481756909, 0.895743445, 0.188171596, 0.331188772, 0.396121965;0.586220712, 0.919254247, 0.394539208, 0.0691528407, 0.347950861, 0.190085413, 0.651774479, 0.0292621092, 0.291929971, 0.545173507, 0.277334206, 0.550995283, 0.114712322, 0.942805488, 0.290906807, 0.923000839, 0.32583544;0.781840191, 0.246187357, 0.669768902, 0.323716214, 0.509159129, 0.673814146, 0.588882505, 0.576280593, 0.0656808357, 0.249076832, 0.57183929, 0.0183172072, 0.250644255, 0.229185239, 0.24985611, 0.5356095, 0.581960354;0.908997994, 0.386031049, 0.926578917, 0.651954345, 0.912660396, 0.833472102, 0.687582443, 0.3561059, 0.241110448, 0.222391436, 0.952173837, 0.958573843, 0.724831374, 0.883795984, 0.918996163, 0.511556197, 0.629059691]
feature_type = 'Real'
clustering_num_threads = 1
clustering_accuracy = 1e-08
