distance_name = 'EuclidianDistance';
init_random = 42;
clustering_k = 3;
clustering_accuracy = 1e-08;
clustering_name = 'KMeans';
distance_data_train = [0.921874235, 0.15601864, 1.92969765, 1.28975145, 0.0884925021, 1.80367208, 0.0452272889, 0.195982862, 0.708072578, 0.542696083, 0.0205844943, 0.271349032, 0.38867729, 0.950714306, 0.28093451, 1.892559, 0.866176146, 0.374540119, 1.53934224, 0.0580836122, 1.80812038, 1.16122129, 1.18657006, 0.828737509, 0.598658484, 0.356753327, 0.731993942, 0.325330331, 0.15599452, 1.63340376, 1.87146059, 0.601115012, 1.80744016;0.524756432, 1.8960913, 0.729007168, 1.417411, 0.815461428, 0.611852895, 0.986886937, 0.0745506437, 0.139493861, 1.00695213, 0.802196981, 0.304242243, 0.431945019, 0.181824967, 0.00552211712, 1.42710779, 1.31800347, 0.212339111, 1.86073058, 0.29122914, 0.771270347, 0.18340451, 0.140924225, 1.5107473, 0.969909852, 0.832442641, 0.198715682, 1.81801477, 0.706857344, 1.11005192, 1.22210781, 1.22793516, 0.772244769;1.96244729, 0.0740446517, 1.11986537, 1.32320293, 0.514234438, 0.065051593, 0.863103426, 0.358465729, 0.170524124, 1.51879062, 1.33761517, 0.592414569, 0.330898025, 0.0464504127, 0.310982322, 0.199673782, 1.70301896, 0.325183322, 0.729606178, 0.292144649, 0.785175961, 0.607544852, 0.623298127, 1.2517823, 0.637557471, 0.366361843, 1.97178208, 0.11586906, 0.0635583503, 1.3636296, 1.49724851, 0.456069984, 1.9429097;0.49517691, 1.50267902, 1.60956433, 0.440152494, 0.0343885211, 0.909320402, 0.119594246, 0.77096718, 0.561277198, 1.23956189, 1.03688695, 1.48945276, 0.887212743, 1.30087831, 1.05147875, 0.522732829, 0.808397348, 0.304613769, 1.27864646, 0.760785049, 0.097672114, 1.28484049, 0.713244787, 0.948885537, 0.427541018, 0.965632033, 0.122038235, 0.0254191267, 0.493795596, 0.472214925, 1.14489487, 0.684233027, 1.90826589;0.520068021, 0.508570691, 0.546710279, 0.0314291857, 1.09028977, 0.907566474, 0.939498942, 1.36778313, 1.76161962, 0.107891427, 0.410382923, 1.23763754, 0.597899979, 0.662522284, 0.969584628, 0.184854456, 0.314355981, 1.24205527, 0.636410411, 0.775132823, 1.67213555, 0.0769799098, 0.89482735, 0.249292229, 1.53577468, 1.63230583, 1.98565045, 0.228798165, 0.755551139, 0.258779982, 1.72821635, 0.311711076, 1.63352971];
clustering_radi = [1.31490233, 1.31490233, 1.31620615];
distance_data_test = [0.886617149, 0.573367042, 0.943891605, 0.651484772, 0.128500353, 0.820426844, 0.820639476, 1.24872415, 1.23668519, 0.438474123, 1.58130542, 0.800949295, 0.050768531, 1.88035997, 0.672026135, 1.48166699, 0.867198934, 0.627894415, 0.273961127, 0.419780856, 0.194273954, 1.25368217, 1.7081812, 0.611513711, 0.811204177, 0.0276167719, 1.43445184, 1.70508436, 1.33025253, 0.070940917, 0.578864896, 1.37798759, 1.35021825, 0.944251597, 1.23322807, 0.396783827, 0.677168342, 0.256206944, 1.86313852, 1.59188874, 0.20668436, 0.0815941804, 0.328152667, 0.62593967, 0.00518486277, 0.636403597, 0.296510144, 1.51332617, 1.90769371, 0.377259083, 0.21458912;0.967580552, 0.336554215, 0.155041617, 0.411353905, 1.40520209, 1.80210925, 0.537082427, 0.303265515, 0.326651242, 0.838933502, 0.96525183, 1.43633583, 1.08289132, 0.457265162, 1.47771489, 1.57147303, 0.0388347344, 1.52837012, 0.260694528, 0.385396621, 0.936648152, 0.496037454, 0.417946032, 0.860404618, 0.250251361, 0.699512211, 0.618253884, 0.827869004, 1.32268639, 1.68103943, 0.348336604, 1.97790067, 0.340624569, 0.547971883, 1.74421166, 0.692890359, 1.55600504, 0.0391863267, 0.0389631323, 1.23750647, 1.40022289, 0.423470942, 1.76719485, 1.82279035, 0.271542916, 0.981840888, 0.842023075, 0.655722635, 1.74097386, 0.194380034, 0.681613669;1.07543455, 0.389618086, 0.580544012, 1.92464333, 1.91525434, 1.91911572, 0.132745422, 0.867116607, 0.433520738, 0.184333674, 1.69541112, 0.731647755, 1.38420183, 0.534327474, 1.0578639, 1.29449395, 0.744042643, 1.25299017, 0.714595104, 0.239787359, 0.44235223, 0.0808729666, 1.21680911, 1.16621543, 0.377728886, 0.915213728, 0.561866692, 1.73710071, 0.250860527, 1.95870241, 0.688499901, 1.04340078, 0.0581935955, 0.297635175, 0.23859686, 0.428314475, 1.99583138, 0.138353092, 0.398820901, 1.69692506, 0.250016449, 0.73990876, 0.568520284, 0.0410675168, 0.127689729, 0.575924575, 1.3945218, 0.238236152, 0.67984478, 0.969536867, 0.496561191;0.158646448, 1.60278188, 0.0917990658, 0.311413309, 0.676769904, 1.13318513, 0.0534852967, 0.847143144, 0.657111329, 0.516696257, 0.602440926, 0.0832844112, 0.113464602, 0.120164648, 0.0938732901, 0.946194543, 0.730039317, 0.553703052, 0.182865997, 1.3603451, 1.03231595, 1.26593792, 1.45324085, 0.212727895, 0.0477161277, 1.27095764, 1.38826838, 0.638270594, 0.78129605, 0.958541497, 0.341879667, 1.33566006, 1.22939475, 0.493025658, 0.35490519, 0.979510529, 0.56603721, 0.0917041473, 1.1696799, 0.48252095, 0.0941569883, 1.10675607, 1.64684836, 0.0999848872, 1.25994986, 1.27976351, 0.956800885, 1.41120672, 0.934613997, 0.435672899, 1.07620038;0.146604822, 1.37673897, 0.683963769, 1.94053183, 0.649773683, 0.930929106, 1.91917655, 0.17533027, 0.968651944, 1.82916422, 1.55158787, 0.501039884, 0.886680387, 0.54591577, 0.346304321, 0.0153045403, 0.933436308, 0.0480589242, 0.838480764, 0.836963874, 0.396651602, 0.974248209, 0.68803001, 0.615851164, 1.7495783, 1.39298945, 0.539377448, 1.77760228, 1.16483426, 0.866868705, 0.995931242, 0.0171611018, 1.48037008, 1.41663906, 1.08274842, 1.87666149, 0.763364423, 0.949145732, 0.705831484, 0.222576418, 1.41125512, 0.260893623, 0.426091475, 0.806912977, 1.98528605, 1.56908147, 0.0558711547, 0.737035557, 0.891896909, 1.58116262, 0.464673813];
clustering_centers = [0.671350519, 1.78571198, 0.426136295;1.17055131, 1.06304666, 0.419489681;1.03503858, 0.962895087, 0.497797259;0.84662328, 0.992913978, 0.666860013;0.275947961, 0.946025401, 1.1632089];
distance_feature_type = 'Real';
distance_feature_class = 'simple';
