distance_name = 'EuclidianDistance'
clustering_k = 3
name = 'KMeans'
data_type = 'double'
data_train = [0.578010078, 0.591369008, 0.882579114, 0.179327586, 0.45718976, 0.18372773, 0.934356317, 0.620791698, 0.393923553, 0.285816555, 0.021593512;0.0392505629, 0.959113902, 0.743960697, 0.184291886, 0.173745223, 0.0244315996, 0.764503129, 0.623707284, 0.744691172, 0.807304461, 0.88069051;0.552279515, 0.211166745, 0.253331974, 0.91803426, 0.603931873, 0.768537998, 0.443712049, 0.182990978, 0.552855556, 0.659127346, 0.26954975;0.269110938, 0.578683912, 0.0797969155, 0.945902459, 0.278425943, 0.980822852, 0.707781323, 0.854943325, 0.742495564, 0.91514162, 0.1275357;0.899525938, 0.790663521, 0.870305581, 0.307318797, 0.0886944751, 0.952040823, 0.0745303068, 0.76933608, 0.60316138, 0.606290314, 0.620304831;0.910679008, 0.393700539, 0.589758859, 0.824867767, 0.815233546, 0.659771425, 0.301794044, 0.325415104, 0.65518408, 0.329410691, 0.636367607;0.981324973, 0.243992954, 0.506577483, 0.114967106, 0.816049192, 0.00232902252, 0.438669959, 0.677161306, 0.0849341304, 0.716975076, 0.0322006606;0.740423864, 0.520357598, 0.708242927, 0.246571415, 0.00993714066, 0.0277461705, 0.363211976, 0.387169028, 0.273439922, 0.674208602, 0.514426976;0.624749297, 0.592819835, 0.310211854, 0.816454456, 0.860334611, 0.663784527, 0.239333708, 0.236244638, 0.522553332, 0.803477403, 0.278045994;0.208017831, 0.662661714, 0.117851421, 0.174927507, 0.705123373, 0.156141272, 0.253944014, 0.285054769, 0.326437876, 0.36004373, 0.703217232;0.197258912, 0.141821906, 0.113318491, 0.0613283556, 0.873061597, 0.5614079, 0.433652468, 0.607980541, 0.393351596, 0.373468636, 0.0421473071]
feature_class = 'simple'
data_test = [0.203933305, 0.387879513, 0.455698149, 0.988988113, 0.933921535, 0.493126693, 0.177439178, 0.19832385, 0.438894618, 0.495351306, 0.387274322, 0.0266746097, 0.201770408, 0.851077056, 0.893899709, 0.434402807, 0.806098991;0.799081175, 0.727731965, 0.960508889, 0.55416733, 0.975773644, 0.787481546, 0.616531045, 0.762404823, 0.240749187, 0.637178855, 0.166852293, 0.162496899, 0.5091094, 0.186936138, 0.898854133, 0.863485104, 0.102802185;0.342180568, 0.771326669, 0.993842085, 0.973552356, 0.35231871, 0.597713133, 0.383295677, 0.284072666, 0.277244925, 0.804069141, 0.0525267164, 0.555600371, 0.844462812, 0.782964174, 0.139423499, 0.999317652, 0.479790583;0.901437781, 0.862079633, 0.0272348727, 0.762444232, 0.105846705, 0.128295165, 0.484857909, 0.0662138418, 0.0718986336, 0.618175029, 0.448798442, 0.073513951, 0.284322584, 0.772603713, 0.0150244449, 0.143421857, 0.0163931262;0.532784041, 0.799198348, 0.501359105, 0.926478032, 0.588233389, 0.97384325, 0.437006038, 0.16392588, 0.719212763, 0.232629557, 0.912768821, 0.318976266, 0.389967089, 0.847290172, 0.900866871, 0.793850009, 0.0791207144;0.955943838, 0.671850085, 0.770460311, 0.655723741, 0.858410775, 0.940992268, 0.443024375, 0.738321672, 0.452616663, 0.539139888, 0.489549841, 0.0106618945, 0.269190223, 0.449270014, 0.0309161417, 0.12057969, 0.385817371;0.0191400886, 0.884957349, 0.468185449, 0.241571187, 0.487984293, 0.275392582, 0.126246216, 0.699502007, 0.103754708, 0.890316389, 0.643604274, 0.246697988, 0.487227626, 0.122209106, 0.637045849, 0.975938075, 0.297032871;0.705999779, 0.93876005, 0.962651961, 0.820486304, 0.110539321, 0.151534394, 0.901438003, 0.163355352, 0.00265604043, 0.0706589715, 0.913438901, 0.109187652, 0.266344683, 0.946739348, 0.4461199, 0.980230207, 0.997498388;0.946672533, 0.549145901, 0.616211379, 0.862767789, 0.0176058046, 0.803213656, 0.718507567, 0.126203129, 0.314416489, 0.141883409, 0.924857386, 0.452748081, 0.0791952091, 0.29658128, 0.225108483, 0.474972525, 0.635747639;0.828168729, 0.628327978, 0.882950448, 0.471729886, 0.67367974, 0.690168753, 0.34800174, 0.318143218, 0.971250831, 0.926018169, 0.573059183, 0.738026042, 0.443055722, 0.683416544, 0.507610098, 0.326245624, 0.871775055;0.340955425, 0.106708629, 0.0257568597, 0.533322367, 0.0637726912, 0.454126325, 0.344712244, 0.152887706, 0.871320455, 0.0124298696, 0.893454759, 0.668454243, 0.0899622151, 0.641226298, 0.683929839, 0.587147519, 0.164044936]
feature_type = 'Real'
data_class = 'rand'
accuracy = 1e-08
