name = 'GPBTSVM'
svmparam_num_threads = 1
svmparam_support_vectors = [0, 1, 3, 4, 5, 7, 8, 9, 10]
accuracy = 1e-08
svmparam_labels = [1, 1, 1, -1, 1, -1, 1, 1, -1, -1, -1]
svmparam_type = 'kernel'
data_type = 'double'
data_train = [0.261126847, 0.0977032111, 0.615932007, 0.434690393, 0.426440795, 0.526747852, 0.361382612, 0.626059531, 0.0305683673, 0.969891342, 0.924708992;0.935270163, 0.365003496, 0.531890958, 0.954130603, 0.902346056, 0.790244476, 0.40733159, 0.564339223, 0.792912474, 0.273011996, 0.626449368;0.827934325, 0.707454792, 0.479480631, 0.58460836, 0.988675543, 0.601987795, 0.785617754, 0.726604764, 0.701490616, 0.716369055, 0.454409751;0.474160175, 0.467862737, 0.0332546072, 0.24106533, 0.154564007, 0.886445011, 0.274969366, 0.138442634, 0.119766932, 0.699989835, 0.00608331091;0.471304402, 0.118871106, 0.849663378, 0.958450356, 0.958754616, 0.441964109, 0.644514824, 0.599704137, 0.350038901, 0.444064491, 0.0643236972;0.795699033, 0.240803512, 0.460527331, 0.480620734, 0.560711739, 0.817876638, 0.691881046, 0.663063049, 0.526745496, 0.0959557549, 0.402008472;0.957316851, 0.995548075, 0.730498146, 0.227514963, 0.101890646, 0.414764359, 0.856571902, 0.72186424, 0.883892238, 0.615776315, 0.130328365;0.114795967, 0.0480023026, 0.567079971, 0.242886237, 0.734383641, 0.686249936, 0.318110742, 0.176801666, 0.10240035, 0.737315274, 0.450440995;0.323529914, 0.856653016, 0.593613217, 0.518002336, 0.743379165, 0.81558314, 0.686073155, 0.440006319, 0.379298793, 0.771664938, 0.517907161;0.704386079, 0.890398789, 0.915890635, 0.277715639, 0.18788995, 0.26128736, 0.751371771, 0.370058036, 0.173389281, 0.0983854925, 0.327313189;0.13613644, 0.156373613, 0.683883973, 0.0197320957, 0.117553262, 0.844365491, 0.844914085, 0.329243479, 0.0879530084, 0.704970334, 0.360131688]
svmparam_epsilon = 1e-05
svmparam_accuracy = 1e-07
data_class = 'rand'
data_test = [0.0454646272, 0.157826981, 0.137214812, 0.589116344, 0.898117584, 0.793072033, 0.546516045, 0.422155165, 0.618676709, 0.443812741, 0.246099123, 0.679197455, 0.873243946, 0.372870331, 0.841538468, 0.431082046, 0.401335943;0.0283243575, 0.695278901, 0.807502525, 0.66355692, 0.151360951, 0.103293468, 0.572858752, 0.401516254, 0.429097783, 0.967800247, 0.723922671, 0.411787739, 0.0190992798, 0.0340956979, 0.684803696, 0.83773876, 0.70770263;0.405887753, 0.0311357379, 0.96740163, 0.986336062, 0.549364551, 0.0706709647, 0.540972506, 0.89233847, 0.67998551, 0.719989231, 0.0849698374, 0.106511637, 0.127348776, 0.904376834, 0.525849636, 0.791575096, 0.11529126;0.927642706, 0.821142091, 0.224764145, 0.874182233, 0.263442759, 0.205339879, 0.264243937, 0.909955063, 0.915591986, 0.328995775, 0.705434185, 0.675745255, 0.806562632, 0.2965095, 0.510138542, 0.667673951, 0.0262568188;0.376738745, 0.695888358, 0.252595093, 0.957704107, 0.0301613715, 0.958087188, 0.216763868, 0.0488220419, 0.292474033, 0.786282307, 0.752442006, 0.208840416, 0.196790134, 0.642579916, 0.45808269, 0.792289953, 0.0241327787;0.610411861, 0.730672012, 0.993386112, 0.678781694, 0.231845157, 0.108186195, 0.640916775, 0.523183068, 0.899145288, 0.726608021, 0.50974245, 0.403589471, 0.4043747, 0.226304286, 0.0173259718, 0.574910588, 0.212414733;0.208326918, 0.125381229, 0.18959549, 0.0317891496, 0.67423145, 0.401397116, 0.561524599, 0.636957618, 0.972484562, 0.0682658659, 0.417917685, 0.245897934, 0.476711932, 0.920472301, 0.723984265, 0.661949586, 0.441245876;0.671112498, 0.0323753773, 0.586238672, 0.553776563, 0.346640432, 0.201514125, 0.807555551, 0.0538621145, 0.0696728644, 0.440521744, 0.252554547, 0.745452414, 0.634190077, 0.772534796, 0.324678956, 0.74051894, 0.862303236;0.345274494, 0.339895821, 0.899951404, 0.0497902532, 0.350189406, 0.118672492, 0.0289805902, 0.112869418, 0.431245791, 0.686956069, 0.289282424, 0.849675307, 0.437615629, 0.968228051, 0.954155669, 0.773276223, 0.932405496;0.707096076, 0.89558319, 0.236473717, 0.3454202, 0.752930066, 0.424561238, 0.837327434, 0.877638872, 0.299729485, 0.823450808, 0.154264271, 0.334196712, 0.517964951, 0.226443762, 0.57926783, 0.578695079, 0.206902895;0.795641345, 0.631644489, 0.317760507, 0.232184783, 0.878750139, 0.835742245, 0.229760675, 0.0356052265, 0.804532596, 0.615508555, 0.100882028, 0.587358206, 0.452182685, 0.774550327, 0.209084842, 0.453156744, 0.156244114]
kparam0_scale = 1.5
svmparam_C = 30
svmparam_bias = -5.08687201949
svmparam_tube_epsilon = 0.01
kname = 'Linear'
svmparam_classified = [-0.714326526, -2.10380389, 1.23052944, -0.151446745, 0.581659072, -1.79150935, 0.858725328, 0.323343759, -0.406255922, 1.4426477, -3.99756464, -2.48586667, -1.68770078, 1.74934787, -0.680718307, 0.931036582, -2.51622882]
feature_class = 'simple'
svmparam_alphas = [1.04218131, 3.61699154, -10.986396, 9.7848236, -1.91090624, 12.6847915, -8.39463313, -4.34401088, -1.49284173]
feature_type = 'Real'
