name = 'AUC'
subkernel0_name = 'Gaussian'
feature_type = 'word'
data_type = 'ushort'
km_train = [nan, nan, nan, nan, nan, nan, nan, nan, nan, nan, nan;nan, nan, nan, nan, nan, nan, nan, nan, nan, nan, nan;nan, nan, 0, 0, 0, 0, 0, 0, 0, 0, 0;nan, nan, 0, nan, nan, nan, nan, nan, nan, nan, nan;nan, nan, 0, nan, nan, nan, nan, nan, nan, nan, nan;nan, nan, 0, nan, nan, nan, nan, nan, nan, nan, nan;nan, nan, 0, nan, nan, nan, nan, nan, nan, nan, nan;nan, nan, 0, nan, nan, nan, nan, -0.287714258, -0.00725835991, -0.115075996, -0.19825598;nan, nan, 0, nan, nan, nan, nan, -0.00725835991, nan, nan, nan;nan, nan, 0, nan, nan, nan, nan, -0.115075996, nan, 0.180098906, 0.0801190719;nan, nan, 0, nan, nan, nan, nan, -0.19825598, nan, 0.0801190719, 0.0278145887]
data_train = ['16', '18', '27', '25', '36', '25', '22', '8', '11', '0', '0';'33', '31', '24', '39', '0', '15', '38', '4', '21', '28', '2']
feature_class = 'simple'
subkernel0_kparam0_size = '10'
subkernel0_feature_type = 'real'
data_test = ['11', '25', '15', '36', '21', '28', '13', '27', '4', '29', '4', '11', '15', '25', '25', '20', '38';'35', '32', '29', '36', '22', '9', '4', '35', '33', '30', '9', '18', '31', '0', '4', '3', '15']
subkernel0_kparam1_width = 1.5
km_test = [nan, nan, nan, nan, nan, nan, nan, nan, nan, nan, nan, nan, nan, nan, nan, nan, nan;nan, nan, nan, nan, nan, nan, nan, nan, nan, nan, nan, nan, nan, nan, nan, nan, nan;0, 0, 0, 0, 0, 0, 0, 0, 0, 0, 0, 0, 0, 0, 0, 0, 0;nan, nan, nan, nan, nan, nan, nan, nan, nan, nan, nan, nan, nan, nan, nan, nan, nan;nan, nan, nan, nan, nan, nan, nan, nan, nan, nan, nan, nan, nan, nan, nan, nan, nan;nan, nan, nan, nan, nan, nan, nan, nan, nan, nan, nan, nan, nan, nan, nan, nan, nan;nan, nan, nan, nan, nan, nan, nan, nan, nan, nan, nan, nan, nan, nan, nan, nan, nan;-0.00725835991, 0.105155889, 0.0953846848, 0, 0, 0.277416967, -0.191705238, 0, 0.209337294, 0, 0.486754261, -0.00725835991, 0.0953846848, 0.115075996, -0.209337294, 0.202616798, -0.0953846848;nan, nan, nan, nan, nan, nan, nan, nan, nan, nan, nan, nan, nan, nan, nan, nan, nan;0.457612728, -0.0746885844, 0.350255792, 0, 0, -0.16396081, -0.0631645709, 0, 0.435527366, 0, 0.271566557, 0.457612728, 0.350255792, -0.180098906, -0.435527366, -0.110402761, -0.350255792;0.082516404, 0.0718573661, 0.0310697771, 0, 0, -0.0551360516, -0.123324182, 0, 0.0747607141, 0, 0.0196246625, 0.082516404, 0.0310697771, 0.0652961014, -0.0747607141, 0.0427080892, -0.0310697771]
subkernel0_data_type = 'double'
subkernel0_data_train = ['16', '18', '27', '25', '36', '25', '22', '8', '11', '0', '0';'33', '31', '24', '39', '0', '15', '38', '4', '21', '28', '2']
subkernel0_feature_class = 'simple'
data_class = 'rand'
subkernel0_data_test = ['11', '25', '15', '36', '21', '28', '13', '27', '4', '29', '4', '11', '15', '25', '25', '20', '38';'35', '32', '29', '36', '22', '9', '4', '35', '33', '30', '9', '18', '31', '0', '4', '3', '15']
subkernel0_data_class = 'rand'
accuracy = 1e-08
