name = 'AUC'
subkernel0_name = 'Gaussian'
feature_type = 'word'
data_type = 'ushort'
km_train = [-0.044011431, -0.00555225348, 0.00555225348, 0.091854672, 0.062863401, -0.217145396, 0.0573111475, 0.195417037, 0.030533898, 0.159834249, 0;-0.00555225348, 0.112223265, -0.112223265, -0.288896898, -0.39753531, 0.32659839, -0.285312045, -0.40586034, 0.254106944, -0.0412863454, 0;0.00555225348, -0.112223265, 0.112223265, 0.288896898, 0.39753531, -0.32659839, 0.285312045, 0.40586034, -0.254106944, 0.0412863454, 0;0.091854672, -0.288896898, 0.288896898, 0.0903678648, 0.356912468, -0.0532265308, 0.177352868, 0.0707670479, -0.181406077, -0.124126338, 0;0.062863401, -0.39753531, 0.39753531, 0.356912468, 0.295003709, -0.177658535, 0.265850375, 0.13083267, -0.234162353, -0.0881918395, 0;-0.217145396, 0.32659839, -0.32659839, -0.0532265308, -0.177658535, -0.228582443, -0.262333293, -0.00846859276, 0.201813058, 0.490915736, 0;0.0573111475, -0.285312045, 0.285312045, 0.177352868, 0.265850375, -0.262333293, -0.0194616696, -0.27502767, 0.0199445914, -0.129478185, 0;0.195417037, -0.40586034, 0.40586034, 0.0707670479, 0.13083267, -0.00846859276, -0.27502767, -0.0103930209, -0.551201639, -0.426864719, 0;0.030533898, 0.254106944, -0.254106944, -0.181406077, -0.234162353, 0.201813058, 0.0199445914, -0.551201639, 0.271746344, 0.118646978, 0;0.159834249, -0.0412863454, 0.0412863454, -0.124126338, -0.0881918395, 0.490915736, -0.129478185, -0.426864719, 0.118646978, -0.361437551, 0;0, 0, 0, 0, 0, 0, 0, 0, 0, 0, 0]
data_train = ['0', '3', '8', '2', '8', '6', '3', '2', '9', '4', '4';'2', '8', '3', '10', '4', '3', '4', '6', '8', '6', '4']
feature_class = 'simple'
subkernel0_kparam0_size = '10'
subkernel0_feature_type = 'real'
subkernel0_accuracy = 1e-06
subkernel0_kparam1_width = 1.5
km_test = [0.163049664, -0.253231548, -0.0859544767, 0.039718755, 0.0355827881, -0.0562718839, -0.088745677, -0.0265802412, 0.338568973, 0.0620844678, 0.101825942, 0.305885357, 0.123607521, 0.03169486, -0.217145396, -0.0804022232, -0.03169486;-0.0458800203, 0.184714711, 0.458674494, 0.203230922, -0.364573995, -0.0756770971, 0.306346122, -0.138491674, 0.242648054, -0.446167878, 0.294502745, -0.0238626877, -0.144230045, -0.430655788, 0.32659839, 0.346451229, 0.430655788;0.0458800203, -0.184714711, -0.458674494, -0.203230922, 0.364573995, 0.0756770971, -0.306346122, 0.138491674, -0.242648054, 0.446167878, -0.294502745, 0.0238626877, 0.144230045, 0.430655788, -0.32659839, -0.346451229, -0.430655788;-0.0137590409, -0.0513800539, -0.171243927, -0.279747823, 0.194893386, 0.104525521, -0.0892983861, 0.173849565, -0.154744699, 0.300213432, 0.0407764876, -0.0508505178, 0.0806866524, 0.13712487, -0.0532265308, 0.00831567258, -0.13712487;-0.120351477, 0.0273504833, -0.26965685, -0.138823746, 0.219024509, 0.18337243, 0.142054138, -0.0937512476, 0.0795440084, 0.288095213, -0.316324657, 0.198550185, -0.181466376, 0.0344097964, -0.177658535, -0.240503516, -0.0344097964;0.228541887, -0.283208342, -0.164925257, 0.42497893, -0.499384329, -0.298025059, 0.151219357, -0.140085039, 0.145702856, -0.182733605, 0.183383223, 0.104394336, 0.133272198, -0.222457569, -0.228582443, -0.312112415, 0.222457569;-0.166231498, 0.212065194, 0.189017644, 0.0644071767, -0.145549485, 0.107695333, 0.44840026, -0.232242922, 0.322192063, -0.158072665, -0.0218219125, 0.174687497, -0.325696421, -0.396245991, 0.148939855, 0.105947713, 0.396245991;-0.295892733, 0.336735098, -0.104721739, -0.434313157, 0.416471698, 0.194320116, -0.311575348, 0.289759019, -0.493067764, 0.428483241, -0.239602637, -0.100307462, -0.107352406, 0.293047444, -0.0272600813, 0.0824847215, -0.293047444;-0.0482969273, -0.0435597028, 0.193735266, 0.224291223, -0.121925122, -0.0569397042, 0.194931723, -0.17571636, 0.166164798, -0.351966827, 0.213863611, -0.126652248, 0.0534042676, -0.257004635, 0.166138013, 0.131686638, 0.257004635;-0.0623103887, 0.0711431482, -0.024092387, -0.489386106, 0.644933814, 0.190329726, -0.599619617, 0.37232796, -0.467894919, 0.340806269, -0.161561311, -0.279081833, 0.192424223, 0.618703561, 0.0796425881, 0.206164702, -0.618703561;0, 0, 0, 0, 0, 0, 0, 0, 0, 0, 0, 0, 0, 0, 0, 0, 0]
data_test = ['9', '6', '13', '4', '2', '10', '10', '14', '11', '8', '9', '11', '16', '5', '6', '13', '12';'7', '9', '8', '1', '4', '4', '5', '7', '15', '12', '0', '16', '6', '12', '3', '3', '5']
subkernel0_feature_class = 'simple'
subkernel0_data_train = [0.0254191267, 0.107891427, 0.0314291857, 0.636410411, 0.314355981, 0.508570691, 0.907566474, 0.249292229, 0.410382923, 0.755551139, 0.228798165;0.0769799098, 0.289751453, 0.161221287, 0.929697652, 0.80812038, 0.633403757, 0.87146059, 0.803672077, 0.186570059, 0.892558998, 0.539342242;0.807440155, 0.8960913, 0.318003475, 0.110051925, 0.227935163, 0.427107789, 0.818014766, 0.860730583, 0.00695213053, 0.510747303, 0.417411003;0.22210781, 0.119865367, 0.337615171, 0.942909704, 0.323202932, 0.518790622, 0.703018959, 0.363629602, 0.971782083, 0.962447295, 0.251782296;0.497248506, 0.30087831, 0.284840494, 0.0368869474, 0.609564334, 0.502679023, 0.0514787512, 0.278646464, 0.908265886, 0.239561891, 0.144894872;0.48945276, 0.985650454, 0.242055272, 0.672135547, 0.761619615, 0.237637544, 0.728216349, 0.367783133, 0.632305831, 0.633529711, 0.535774684;0.0902897701, 0.835302496, 0.320780065, 0.18651851, 0.0407751416, 0.590892943, 0.677564362, 0.0165878289, 0.512093058, 0.226495775, 0.64517279;0.174366429, 0.690937738, 0.386735346, 0.936729989, 0.137520944, 0.341066351, 0.113473521, 0.924693618, 0.877339353, 0.257941628, 0.659984046;0.8172222, 0.555200812, 0.529650578, 0.241852291, 0.0931027678, 0.897215758, 0.900418057, 0.633101457, 0.339029791, 0.349209575, 0.725955679;0.89711026, 0.887086424, 0.779875546, 0.642031646, 0.084139965, 0.161628714, 0.898554189, 0.60642906, 0.00919705162, 0.101471543, 0.663501769;0.00506158385, 0.160808051, 0.548733789, 0.691895198, 0.65196126, 0.224269309, 0.712179221, 0.237249087, 0.325399698, 0.746491405, 0.649632899]
subkernel0_data_type = 'double'
accuracy = 1e-08
subkernel0_data_test = [0.84922341, 0.657612892, 0.568308603, 0.0936747678, 0.367715803, 0.265202368, 0.243989643, 0.973010555, 0.393097725, 0.892046555, 0.631138626, 0.794811304, 0.502637093, 0.576903885, 0.492517694, 0.195242988, 0.722452115;0.280772362, 0.0243159664, 0.645472296, 0.177110679, 0.940458584, 0.953928577, 0.91486439, 0.3701587, 0.0154566165, 0.928318563, 0.428184148, 0.966654819, 0.963619977, 0.853009455, 0.294448892, 0.385097729, 0.851136672;0.316922005, 0.169492747, 0.556801262, 0.936154774, 0.696029797, 0.57006117, 0.0971764938, 0.615007227, 0.99005385, 0.140084015, 0.518329652, 0.877373072, 0.740768618, 0.697015741, 0.702484084, 0.359491151, 0.293591844;0.809361155, 0.810113395, 0.867072319, 0.913240553, 0.511342399, 0.501516295, 0.798295179, 0.649963931, 0.701966877, 0.795792669, 0.890005342, 0.337995157, 0.375582953, 0.0939819398, 0.578280141, 0.0359422738, 0.465598018;0.542644635, 0.286541252, 0.590833261, 0.0305002499, 0.0373481887, 0.822600561, 0.360190641, 0.127060513, 0.52224326, 0.769993553, 0.215821027, 0.622890476, 0.085347465, 0.0516817212, 0.531354632, 0.540635122, 0.637429901;0.726091334, 0.975852079, 0.516300348, 0.322956473, 0.795186195, 0.270832251, 0.438971421, 0.0784563813, 0.0253507434, 0.962648415, 0.835980121, 0.695974206, 0.408952944, 0.17329432, 0.156437043, 0.250242898, 0.549226665;0.714595923, 0.660197377, 0.279933897, 0.954865281, 0.737896917, 0.554354053, 0.611720746, 0.419600062, 0.24773099, 0.355972679, 0.75784611, 0.0143934886, 0.116072641, 0.046002642, 0.0407288023, 0.855460584, 0.703657859;0.474173829, 0.0978341607, 0.491615875, 0.473471771, 0.17320187, 0.433851649, 0.398504734, 0.615850098, 0.635093651, 0.0453040098, 0.374612615, 0.625859916, 0.503136259, 0.856489841, 0.658693632, 0.162934427, 0.0705687474;0.642419278, 0.0265113105, 0.585775581, 0.940230241, 0.575474178, 0.388169926, 0.643288218, 0.45825289, 0.545616789, 0.941464809, 0.386102638, 0.961190564, 0.905350642, 0.195791135, 0.0693613009, 0.100778001, 0.0182218257;0.0944429608, 0.683006773, 0.0711886485, 0.31897563, 0.844875311, 0.0232719357, 0.814468483, 0.281854775, 0.118164828, 0.696737165, 0.628942847, 0.877472014, 0.735071044, 0.80348093, 0.282034573, 0.177439544, 0.750614752;0.806834739, 0.990505142, 0.412617677, 0.372018086, 0.776412961, 0.34080354, 0.930757326, 0.858412752, 0.428994027, 0.750871068, 0.754542874, 0.103123869, 0.902552907, 0.505252372, 0.826457466, 0.320049601, 0.895523228]
subkernel0_data_class = 'rand'
data_class = 'rand'
