name = 'AUC'
subkernel0_name = 'Gaussian'
feature_type = 'Word'
data_type = 'ushort'
km_train = [-0.30101924, -0.0355344354, 0.220234575, 0.164216145, 0.0307538017, 0.0355344354, 0.26084722, 0.0307538017, -0.0750251988, -0.247542047, 0.0750251988;-0.0355344354, 0.0363910622, -0.210789252, 0.175110093, 0.239798305, -0.0363910622, 0.193551836, 0.239798305, 0.187206695, -0.203668144, -0.187206695;0.220234575, -0.210789252, 0.138139848, -0.37216813, -0.382918369, -0.101709407, -0.247340269, -0.382918369, 0.00997497808, 0.309506536, -0.00997497808;0.164216145, 0.175110093, -0.37216813, -0.0111850942, -0.170836659, 0.133416575, -0.524938545, -0.170836659, 0.248435687, 0.476332207, -0.248435687;0.0307538017, 0.239798305, -0.382918369, -0.170836659, -0.283854271, 0.0564743996, -0.143230862, -0.283854271, 0.169241905, 0.111902335, -0.169241905;0.0355344354, -0.0363910622, -0.101709407, 0.133416575, 0.0564743996, 0.0363910622, -0.193551836, -0.239798305, -0.187206695, 0.203668144, 0.187206695;0.26084722, 0.193551836, -0.247340269, -0.524938545, -0.143230862, -0.193551836, 0.00748397248, -0.085922256, -0.0603462572, 0.232135648, 0.0603462572;0.0307538017, 0.239798305, -0.382918369, -0.170836659, -0.283854271, -0.239798305, -0.085922256, -0.283854271, 0.169241905, 0.111902335, -0.169241905;-0.0750251988, 0.187206695, 0.00997497808, 0.248435687, 0.169241905, -0.187206695, -0.0603462572, 0.169241905, -0.000437072194, 0.0731236212, 0.000437072194;-0.247542047, -0.203668144, 0.309506536, 0.476332207, 0.111902335, 0.203668144, 0.232135648, 0.111902335, 0.0731236212, -0.428055455, -0.112777516;0.0750251988, -0.187206695, -0.00997497808, -0.248435687, -0.169241905, 0.187206695, 0.0603462572, -0.169241905, 0.000437072194, -0.112777516, -0.000437072194]
data_train = ['1', '8', '6', '3', '3', '10', '7', '3', '5', '4', '2';'9', '10', '1', '8', '9', '8', '0', '9', '2', '7', '5']
feature_class = 'simple'
subkernel0_kparam0_size = '10'
subkernel0_feature_type = 'Real'
subkernel0_accuracy = 1e-06
subkernel0_kparam1_width = 1.5
km_test = [0.00507911893, 0, 0.388964011, -0.058657567, 0, 0, -0.0231231317, 0.0957998251, 0.205219415, 0.320680479, -0.0957998251, 0.0376625181, -0.258769794, 0.18002395, 0.155786332, -0.0355344354, 0.331773042;-0.109373231, 0, 0.0157861131, 0.106614223, 0, 0, 0.0702231612, 0.0539190462, -0.188290043, -0.0863859346, -0.0539190462, -0.118607258, -0.0168694609, 0.113669059, 0.151987567, 0.0363910622, 0.105427308;0.305178426, 0, 0.00837066027, 0.0955394614, 0, 0, -0.00616994552, 0.0269334616, 0.113784967, 0.15437902, -0.0269334616, -0.0161832219, 0.115389285, -0.106567164, -0.183718546, 0.101709407, -0.242199941;-0.0478692129, 0, 0.108418296, -0.220341667, 0, 0, -0.0869250924, 0.065724251, 0.0294313249, -0.198702704, -0.065724251, 0.0939273136, 0.169448716, 0.0675204485, 0.115615641, -0.133416575, -0.0756810829;0.134163165, 0, 0.457382342, -0.148663325, 0, 0, -0.0921889256, 0.146116315, 0.272447345, 0.196398664, -0.146116315, 0.0910580801, -0.0156930923, 0.051402967, 0.143777029, -0.0564743996, 0.134709389;0.109373231, 0, -0.0157861131, -0.106614223, 0, 0, -0.0702231612, -0.0539190462, 0.188290043, 0.0863859346, 0.0539190462, 0.118607258, 0.0168694609, -0.113669059, -0.151987567, -0.0363910622, -0.105427308;0.123551528, 0, 0.154267107, -0.416192694, 0, 0, -0.408899972, -0.140478276, 0.221514852, -0.306190052, 0.140478276, -0.0769401233, 0.00690148782, -0.171522245, -0.201539095, -0.0072927217, -0.00488568011;0.134163165, 0, 0.457382342, -0.148663325, 0, 0, -0.0921889256, 0.146116315, 0.272447345, 0.196398664, -0.146116315, 0.0910580801, -0.0156930923, 0.051402967, 0.143777029, -0.0564743996, 0.134709389;0.081749356, 0, 0.31710597, -0.293088973, 0, 0, -0.232584672, -0.0351563377, 0.0754652815, -0.276154889, 0.0351563377, -0.0108250247, -0.242077761, 0.0562100203, 0.235507962, -0.0605043011, 0.259095742;-0.491651962, 0, -0.140292844, 0.0808108589, 0, 0, 0.184543694, -0.00186642114, -0.237770287, 0.135817876, 0.00186642114, 0.00872762648, 0.015300074, 0.191467596, 0.591762299, -0.103732835, -0.118869606;-0.081749356, 0, -0.31710597, 0.293088973, 0, 0, 0.232584672, 0.0351563377, -0.0754652815, 0.276154889, -0.0351563377, 0.0108250247, 0.242077761, -0.0562100203, -0.235507962, 0.0605043011, -0.259095742]
data_test = ['4', '4', '14', '16', '8', '2', '16', '9', '2', '16', '2', '2', '5', '12', '14', '8', '3';'13', '4', '1', '10', '8', '2', '8', '2', '1', '11', '9', '8', '14', '7', '4', '10', '1']
subkernel0_feature_class = 'simple'
subkernel0_data_train = [0.720036537, 0.641147633, 0.693948444, 0.542724443, 0.251799059, 0.345695994, 0.181597717, 0.908450561, 0.583391795, 0.400851417, 0.462005804;0.94728334, 0.153351403, 0.586229832, 0.505888679, 0.611454235, 0.0181101838, 0.872123909, 0.932118282, 0.565133184, 0.696650824, 0.922499381;0.707238634, 0.152539043, 0.57628836, 0.606715046, 0.424130671, 0.736444236, 0.934367015, 0.925568513, 0.450839371, 0.113238046, 0.984841199;0.838898086, 0.124662681, 0.920841883, 0.869896362, 0.518838057, 0.591275436, 0.399002704, 0.0547616388, 0.335197242, 0.802853449, 0.004632023;0.333499172, 0.398168694, 0.537395603, 0.919855616, 0.346345994, 0.346953202, 0.737501248, 0.452217941, 0.224604823, 0.452439516, 0.14085702;0.176386987, 0.498367773, 0.41892545, 0.914845901, 0.362393899, 0.58058835, 0.632264288, 0.0130944566, 0.663537372, 0.178035967, 0.961070317;0.148662728, 0.414624124, 0.0853496681, 0.996874252, 0.50219501, 0.595385017, 0.0670764774, 0.74996047, 0.209905593, 0.898054289, 0.20513964;0.190687721, 0.0365496678, 0.472066945, 0.564841133, 0.0657086394, 0.775527617, 0.453288835, 0.524390269, 0.440762747, 0.400763061, 0.559640331;0.155240246, 0.18192813, 0.861785621, 0.946115462, 0.373309316, 0.270744673, 0.643999543, 0.408734171, 0.0253863557, 0.156152597, 0.715972229;0.658923942, 0.0270959925, 0.221972162, 0.231074797, 0.671892744, 0.0197105378, 0.104108582, 0.799916085, 0.178544662, 0.652746108, 0.238182781;0.0994413928, 0.243172191, 0.722266932, 0.855696468, 0.830219865, 0.39718353, 0.668085137, 0.204984295, 0.29314773, 0.896335819, 0.0130019235]
subkernel0_data_type = 'double'
accuracy = 1e-08
subkernel0_data_test = [0.0855085309, 0.207886255, 0.0265322039, 0.181435435, 0.583041561, 0.421424551, 0.892671711, 0.817443562, 0.341817352, 0.259423433, 0.379692408, 0.590294943, 0.268063641, 0.624148908, 0.409411652, 0.552047181, 0.436126529;0.29446576, 0.948453307, 0.763605794, 0.140113176, 0.868467976, 0.487431198, 0.894552227, 0.799855256, 0.425213504, 0.0224693083, 0.268677359, 0.541634215, 0.63347822, 0.257887685, 0.139356074, 0.834930237, 0.984402181;0.525690182, 0.171679286, 0.272307327, 0.0183906765, 0.914298807, 0.117751083, 0.576516476, 0.274055221, 0.554178003, 0.651420388, 0.829741804, 0.206421272, 0.0109958287, 0.13688563, 0.900018642, 0.873890078, 0.597413102;0.60051686, 0.665036675, 0.175371279, 0.914411946, 0.418770525, 0.383138528, 0.518917705, 0.0469659668, 0.166283369, 0.738033616, 0.0827986679, 0.603152109, 0.24534911, 0.389295614, 0.288693737, 0.355672716, 0.719045905;0.297121716, 0.56640464, 0.476050402, 0.663671165, 0.936829739, 0.732572097, 0.214940379, 0.0311831351, 0.262264044, 0.595077931, 0.0514258135, 0.496366247, 0.596842849, 0.334243891, 0.770912204, 0.106598253, 0.0751377817;0.728188756, 0.495491316, 0.688402396, 0.434827339, 0.246402033, 0.819102318, 0.799415879, 0.694696471, 0.272145137, 0.590230667, 0.360973897, 0.0915820733, 0.917313575, 0.136818631, 0.950237354, 0.446005773, 0.185132929;0.541900947, 0.872945836, 0.732224886, 0.806561148, 0.658783367, 0.692276565, 0.849195652, 0.249668009, 0.489424964, 0.221209442, 0.987668008, 0.94405934, 0.0394268114, 0.705575173, 0.925248317, 0.180575345, 0.567945231;0.915488298, 0.0339459786, 0.697420267, 0.297349007, 0.924396195, 0.971058245, 0.944266489, 0.474214217, 0.862042651, 0.844549399, 0.319100473, 0.828915474, 0.0370076347, 0.596269878, 0.230008837, 0.120566886, 0.0769532016;0.696288776, 0.339874964, 0.724766772, 0.0653563408, 0.315290338, 0.539491292, 0.790723165, 0.318752503, 0.625891376, 0.885977748, 0.615863188, 0.232959475, 0.0244007816, 0.870098874, 0.0212694109, 0.874701673, 0.528937134;0.939067699, 0.798783236, 0.997934111, 0.350711815, 0.767188289, 0.401930914, 0.47987562, 0.627505463, 0.873677114, 0.984083469, 0.768273414, 0.417766782, 0.421357002, 0.737582302, 0.238777146, 0.110474113, 0.354622158;0.287238992, 0.29630812, 0.233607751, 0.0420931896, 0.0178739347, 0.98772239, 0.427773134, 0.384326647, 0.679647283, 0.218253888, 0.949961184, 0.786345014, 0.0894110023, 0.417580776, 0.879118308, 0.944732022, 0.467401511]
subkernel0_data_class = 'rand'
data_class = 'rand'
