name = 'AUC'
subkernel0_name = 'Gaussian'
feature_type = 'Word'
data_type = 'ushort'
km_train = [-0.30101924, -0.0355344354, 0.220234575, 0.164216145, 0.0307538017, 0.0355344354, 0.26084722, 0.0307538017, -0.0750251988, -0.247542047, 0.0750251988;-0.0355344354, 0.0363910622, -0.210789252, 0.175110093, 0.239798305, -0.0363910622, 0.193551836, 0.239798305, 0.187206695, -0.203668144, -0.187206695;0.220234575, -0.210789252, 0.138139848, -0.37216813, -0.382918369, -0.101709407, -0.247340269, -0.382918369, 0.00997497808, 0.309506536, -0.00997497808;0.164216145, 0.175110093, -0.37216813, -0.0111850942, -0.170836659, 0.133416575, -0.524938545, -0.170836659, 0.248435687, 0.476332207, -0.248435687;0.0307538017, 0.239798305, -0.382918369, -0.170836659, -0.283854271, 0.0564743996, -0.143230862, -0.283854271, 0.169241905, 0.111902335, -0.169241905;0.0355344354, -0.0363910622, -0.101709407, 0.133416575, 0.0564743996, 0.0363910622, -0.193551836, -0.239798305, -0.187206695, 0.203668144, 0.187206695;0.26084722, 0.193551836, -0.247340269, -0.524938545, -0.143230862, -0.193551836, 0.00748397248, -0.085922256, -0.0603462572, 0.232135648, 0.0603462572;0.0307538017, 0.239798305, -0.382918369, -0.170836659, -0.283854271, -0.239798305, -0.085922256, -0.283854271, 0.169241905, 0.111902335, -0.169241905;-0.0750251988, 0.187206695, 0.00997497808, 0.248435687, 0.169241905, -0.187206695, -0.0603462572, 0.169241905, -0.000437072194, 0.0731236212, 0.000437072194;-0.247542047, -0.203668144, 0.309506536, 0.476332207, 0.111902335, 0.203668144, 0.232135648, 0.111902335, 0.0731236212, -0.428055455, -0.112777516;0.0750251988, -0.187206695, -0.00997497808, -0.248435687, -0.169241905, 0.187206695, 0.0603462572, -0.169241905, 0.000437072194, -0.112777516, -0.000437072194]
data_train = ['1', '8', '6', '3', '3', '10', '7', '3', '5', '4', '2';'9', '10', '1', '8', '9', '8', '0', '9', '2', '7', '5']
feature_class = 'simple'
subkernel0_kparam0_size = '10'
subkernel0_feature_type = 'Real'
subkernel0_accuracy = 1e-06
subkernel0_kparam1_width = 1.5
km_test = [0.00507911893, 0, 0.388964011, -0.058657567, 0, 0, -0.0231231317, 0.0957998251, 0.205219415, 0.320680479, -0.0957998251, 0.0376625181, -0.258769794, 0.18002395, 0.155786332, -0.0355344354, 0.331773042;-0.109373231, 0, 0.0157861131, 0.106614223, 0, 0, 0.0702231612, 0.0539190462, -0.188290043, -0.0863859346, -0.0539190462, -0.118607258, -0.0168694609, 0.113669059, 0.151987567, 0.0363910622, 0.105427308;0.305178426, 0, 0.00837066027, 0.0955394614, 0, 0, -0.00616994552, 0.0269334616, 0.113784967, 0.15437902, -0.0269334616, -0.0161832219, 0.115389285, -0.106567164, -0.183718546, 0.101709407, -0.242199941;-0.0478692129, 0, 0.108418296, -0.220341667, 0, 0, -0.0869250924, 0.065724251, 0.0294313249, -0.198702704, -0.065724251, 0.0939273136, 0.169448716, 0.0675204485, 0.115615641, -0.133416575, -0.0756810829;0.134163165, 0, 0.457382342, -0.148663325, 0, 0, -0.0921889256, 0.146116315, 0.272447345, 0.196398664, -0.146116315, 0.0910580801, -0.0156930923, 0.051402967, 0.143777029, -0.0564743996, 0.134709389;0.109373231, 0, -0.0157861131, -0.106614223, 0, 0, -0.0702231612, -0.0539190462, 0.188290043, 0.0863859346, 0.0539190462, 0.118607258, 0.0168694609, -0.113669059, -0.151987567, -0.0363910622, -0.105427308;0.123551528, 0, 0.154267107, -0.416192694, 0, 0, -0.408899972, -0.140478276, 0.221514852, -0.306190052, 0.140478276, -0.0769401233, 0.00690148782, -0.171522245, -0.201539095, -0.0072927217, -0.00488568011;0.134163165, 0, 0.457382342, -0.148663325, 0, 0, -0.0921889256, 0.146116315, 0.272447345, 0.196398664, -0.146116315, 0.0910580801, -0.0156930923, 0.051402967, 0.143777029, -0.0564743996, 0.134709389;0.081749356, 0, 0.31710597, -0.293088973, 0, 0, -0.232584672, -0.0351563377, 0.0754652815, -0.276154889, 0.0351563377, -0.0108250247, -0.242077761, 0.0562100203, 0.235507962, -0.0605043011, 0.259095742;-0.491651962, 0, -0.140292844, 0.0808108589, 0, 0, 0.184543694, -0.00186642114, -0.237770287, 0.135817876, 0.00186642114, 0.00872762648, 0.015300074, 0.191467596, 0.591762299, -0.103732835, -0.118869606;-0.081749356, 0, -0.31710597, 0.293088973, 0, 0, 0.232584672, 0.0351563377, -0.0754652815, 0.276154889, -0.0351563377, 0.0108250247, 0.242077761, -0.0562100203, -0.235507962, 0.0605043011, -0.259095742]
data_test = ['4', '4', '14', '16', '8', '2', '16', '9', '2', '16', '2', '2', '5', '12', '14', '8', '3';'13', '4', '1', '10', '8', '2', '8', '2', '1', '11', '9', '8', '14', '7', '4', '10', '1']
subkernel0_feature_class = 'simple'
subkernel0_data_train = [0.720036537, 0.641147633, 0.693948444, 0.542724443, 0.251799059, 0.345695994, 0.181597717, 0.908450561, 0.583391795, 0.400851417, 0.462005804;0.94728334, 0.153351403, 0.586229832, 0.505888679, 0.611454235, 0.0181101838, 0.872123909, 0.932118282, 0.565133184, 0.696650824, 0.922499381;0.707238634, 0.152539043, 0.57628836, 0.606715046, 0.424130671, 0.736444236, 0.934367015, 0.925568513, 0.450839371, 0.113238046, 0.984841199;0.838898086, 0.124662681, 0.920841883, 0.869896362, 0.518838057, 0.591275436, 0.399002704, 0.0547616388, 0.335197242, 0.802853449, 0.004632023;0.333499172, 0.398168694, 0.537395603, 0.919855616, 0.346345994, 0.346953202, 0.737501248, 0.452217941, 0.224604823, 0.452439516, 0.14085702;0.176386987, 0.498367773, 0.41892545, 0.914845901, 0.362393899, 0.58058835, 0.632264288, 0.0130944566, 0.663537372, 0.178035967, 0.961070317;0.148662728, 0.414624124, 0.0853496681, 0.996874252, 0.50219501, 0.595385017, 0.0670764774, 0.74996047, 0.209905593, 0.898054289, 0.20513964;0.190687721, 0.0365496678, 0.472066945, 0.564841133, 0.0657086394, 0.775527617, 0.453288835, 0.524390269, 0.440762747, 0.400763061, 0.559640331;0.155240246, 0.18192813, 0.861785621, 0.946115462, 0.373309316, 0.270744673, 0.643999543, 0.408734171, 0.0253863557, 0.156152597, 0.715972229;0.658923942, 0.0270959925, 0.221972162, 0.231074797, 0.671892744, 0.0197105378, 0.104108582, 0.799916085, 0.178544662, 0.652746108, 0.238182781;0.0994413928, 0.243172191, 0.722266932, 0.855696468, 0.830219865, 0.39718353, 0.668085137, 0.204984295, 0.29314773, 0.896335819, 0.0130019235]
subkernel0_data_type = 'double'
accuracy = 1e-08
