name = 'AUC'
subkernel0_name = 'Gaussian'
feature_type = 'word'
data_type = 'ushort'
km_train = [-0.244558785, -0.488869115, 0.280534871, 0, 0.175563676, -0.294817364, 0.380527163, -0.197679212, 0.7334279, -0.0689951089, -0.000240904855;-0.488869115, -0.0173172989, -0.316018389, 0, -0.0432699598, 0.396064016, -0.433750924, 0.0813897108, -0.262085382, 0.236132721, 0.094725788;0.280534871, -0.316018389, 0.550260431, 0, 0.320610429, -0.522850345, 0.252504348, -0.18945394, 0.406377749, 0.0439158381, -0.272437959;0, 0, 0, 0, 0, 0, 0, 0, 0, 0, 0;0.175563676, -0.0432699598, 0.320610429, 0, -0.0650431115, 0.11050344, 0.109855334, 0.0804408275, -0.093021316, -0.223471786, 0.0546581391;-0.294817364, 0.396064016, -0.522850345, 0, 0.11050344, 0.221549514, -0.273480882, 0.144778642, -0.314903906, -0.0925259638, 0.224975481;0.380527163, -0.433750924, 0.252504348, 0, 0.109855334, -0.273480882, -0.275733348, 0.173021327, -0.665431019, 0.033282349, 0.125375072;-0.197679212, 0.0813897108, -0.18945394, 0, 0.0804408275, 0.144778642, 0.173021327, 0.258820433, -0.353483718, 0.114694681, 0.0470601671;0.7334279, -0.262085382, 0.406377749, 0, -0.093021316, -0.314903906, -0.665431019, -0.353483718, -0.471342518, -0.167137612, -0.0944848831;-0.0689951089, 0.236132721, 0.0439158381, 0, -0.223471786, -0.0925259638, 0.033282349, 0.114694681, -0.167137612, -0.292466895, 0.0544172343;-0.000240904855, 0.094725788, -0.272437959, 0, 0.0546581391, 0.224975481, 0.125375072, 0.0470601671, -0.0944848831, 0.0544172343, 0.0369399373]
data_train = ['0', '7', '2', '9', '6', '9', '4', '9', '4', '6', '8';'4', '0', '9', '9', '0', '1', '5', '8', '7', '4', '0']
feature_class = 'simple'
subkernel0_kparam0_size = '10'
subkernel0_feature_type = 'real'
data_test = ['15', '6', '4', '2', '11', '15', '4', '13', '4', '14', '16', '13', '4', '11', '15', '15', '6';'3', '0', '4', '9', '4', '3', '1', '9', '0', '4', '12', '3', '15', '15', '1', '16', '11']
subkernel0_kparam1_width = 1.5
km_test = [0.327723495, 0.175563676, 0, 0.280534871, 0.052164413, 0.327723495, 0.147661538, 0.438342335, 0.244558785, -0.0483358491, 0.290466008, 0.630473324, 0.306886396, 0.359050809, -0.159224857, -0.319442125, -0.121159522;-0.281603461, -0.0432699598, 0, -0.316018389, -0.0473228403, -0.281603461, -0.059454164, -0.302401559, -0.279402681, 0.010333207, -0.235101625, -0.367842007, -0.239355167, -0.286678007, 0.179901003, 0.237239797, 0.283455561;0.211650982, 0.320610429, 0, 0.550260431, -0.0239509872, 0.211650982, 0.215736144, 0.794713697, 0.27669459, 0.0896196725, 0.105788222, 0.547120022, 0.279341832, 0.255390845, -0.0636056876, -0.010307234, 0.0678668252;0, 0, 0, 0, 0, 0, 0, 0, 0, 0, 0, 0, 0, 0, 0, 0, 0;-0.0892156396, -0.0650431115, 0, 0.0583109747, -0.0885475795, -0.0892156396, 0.133833148, -0.267894274, 0.158428674, 0.273710812, -0.0712002696, -0.33043343, 0.0500061913, -0.0385413882, 0.0838269567, 0.220869102, -0.134924206;-0.158938113, -0.146637039, 0, -0.325990096, 0.0432339601, -0.158938113, -0.202315683, -0.354223248, -0.0541110751, 0.0752365391, -0.262953562, -0.224249316, -0.134953153, -0.0917191931, -0.0673625302, 0.126010743, -0.135759924;-0.363515909, -0.254767601, 0, -0.465926343, 0.117409378, -0.363515909, -0.11387063, -0.50998764, -0.28804995, 0.0170820689, -0.0678790308, -0.552225758, -0.265168557, -0.14775918, 0.151297927, 0.0272629609, -0.0841270286;-0.255706837, -0.381911231, 0, -0.482075769, 0.284955364, -0.255706837, -0.396006524, -0.547720865, -0.496605911, 0.0560598127, -0.0112153236, -0.131040174, -0.130098983, 0.154856382, -0.265907541, -0.393470595, -0.170260684;-0.0461200334, -0.132293716, 0, 0.0354835178, -0.00484157267, -0.0461200334, -0.0882073743, -0.135940776, 0.0348438958, 0.0380026422, -0.0553643823, -0.262631316, -0.0675312287, -0.0723728014, -0.0206761456, 0.0822023274, -0.162296039;0.238507855, 0.110520565, 0, 0.338845846, -0.0363831665, 0.238507855, 0.281494686, 0.170448062, 0.402987459, 0.225374963, 0.219265738, 0.300039894, 0.356892587, 0.32050942, -0.0753979005, -0.0985730226, -0.256083728;-0.0297220117, 0.124477501, 0, 0.0800620796, -0.268760067, -0.0297220117, 0.14747589, -0.143293312, 0.0798545052, 0.033395781, -0.215342575, -0.41022447, -0.192933786, -0.461693853, 0.340409676, 0.528498897, 0.313383063]
subkernel0_data_type = 'double'
subkernel0_data_train = [0.374540119, 0.950714306, 0.731993942, 0.598658484, 0.15601864, 0.15599452, 0.0580836122, 0.866176146, 0.601115012, 0.708072578, 0.0205844943;0.969909852, 0.832442641, 0.212339111, 0.181824967, 0.18340451, 0.304242243, 0.524756432, 0.431945019, 0.29122914, 0.611852895, 0.139493861;0.292144649, 0.366361843, 0.456069984, 0.785175961, 0.199673782, 0.514234438, 0.592414569, 0.0464504127, 0.607544852, 0.170524124, 0.065051593;0.948885537, 0.965632033, 0.808397348, 0.304613769, 0.097672114, 0.684233027, 0.440152494, 0.122038235, 0.49517691, 0.0343885211, 0.909320402;0.258779982, 0.662522284, 0.311711076, 0.520068021, 0.546710279, 0.184854456, 0.969584628, 0.775132823, 0.939498942, 0.89482735, 0.597899979;0.921874235, 0.0884925021, 0.195982862, 0.0452272889, 0.325330331, 0.38867729, 0.271349032, 0.828737509, 0.356753327, 0.28093451, 0.542696083;0.140924225, 0.802196981, 0.0745506437, 0.986886937, 0.772244769, 0.198715682, 0.00552211712, 0.815461428, 0.706857344, 0.729007168, 0.771270347;0.0740446517, 0.358465729, 0.11586906, 0.863103426, 0.623298127, 0.330898025, 0.0635583503, 0.310982322, 0.325183322, 0.729606178, 0.637557471;0.887212743, 0.472214925, 0.119594246, 0.713244787, 0.760785049, 0.561277198, 0.77096718, 0.493795596, 0.522732829, 0.427541018, 0.0254191267;0.107891427, 0.0314291857, 0.636410411, 0.314355981, 0.508570691, 0.907566474, 0.249292229, 0.410382923, 0.755551139, 0.228798165, 0.0769799098;0.289751453, 0.161221287, 0.929697652, 0.80812038, 0.633403757, 0.87146059, 0.803672077, 0.186570059, 0.892558998, 0.539342242, 0.807440155]
subkernel0_feature_class = 'simple'
data_class = 'rand'
subkernel0_data_test = [0.8960913, 0.318003475, 0.110051925, 0.227935163, 0.427107789, 0.818014766, 0.860730583, 0.00695213053, 0.510747303, 0.417411003, 0.22210781, 0.119865367, 0.337615171, 0.942909704, 0.323202932, 0.518790622, 0.703018959;0.363629602, 0.971782083, 0.962447295, 0.251782296, 0.497248506, 0.30087831, 0.284840494, 0.0368869474, 0.609564334, 0.502679023, 0.0514787512, 0.278646464, 0.908265886, 0.239561891, 0.144894872, 0.48945276, 0.985650454;0.242055272, 0.672135547, 0.761619615, 0.237637544, 0.728216349, 0.367783133, 0.632305831, 0.633529711, 0.535774684, 0.0902897701, 0.835302496, 0.320780065, 0.18651851, 0.0407751416, 0.590892943, 0.677564362, 0.0165878289;0.512093058, 0.226495775, 0.64517279, 0.174366429, 0.690937738, 0.386735346, 0.936729989, 0.137520944, 0.341066351, 0.113473521, 0.924693618, 0.877339353, 0.257941628, 0.659984046, 0.8172222, 0.555200812, 0.529650578;0.241852291, 0.0931027678, 0.897215758, 0.900418057, 0.633101457, 0.339029791, 0.349209575, 0.725955679, 0.89711026, 0.887086424, 0.779875546, 0.642031646, 0.084139965, 0.161628714, 0.898554189, 0.60642906, 0.00919705162;0.101471543, 0.663501769, 0.00506158385, 0.160808051, 0.548733789, 0.691895198, 0.65196126, 0.224269309, 0.712179221, 0.237249087, 0.325399698, 0.746491405, 0.649632899, 0.84922341, 0.657612892, 0.568308603, 0.0936747678;0.367715803, 0.265202368, 0.243989643, 0.973010555, 0.393097725, 0.892046555, 0.631138626, 0.794811304, 0.502637093, 0.576903885, 0.492517694, 0.195242988, 0.722452115, 0.280772362, 0.0243159664, 0.645472296, 0.177110679;0.940458584, 0.953928577, 0.91486439, 0.3701587, 0.0154566165, 0.928318563, 0.428184148, 0.966654819, 0.963619977, 0.853009455, 0.294448892, 0.385097729, 0.851136672, 0.316922005, 0.169492747, 0.556801262, 0.936154774;0.696029797, 0.57006117, 0.0971764938, 0.615007227, 0.99005385, 0.140084015, 0.518329652, 0.877373072, 0.740768618, 0.697015741, 0.702484084, 0.359491151, 0.293591844, 0.809361155, 0.810113395, 0.867072319, 0.913240553;0.511342399, 0.501516295, 0.798295179, 0.649963931, 0.701966877, 0.795792669, 0.890005342, 0.337995157, 0.375582953, 0.0939819398, 0.578280141, 0.0359422738, 0.465598018, 0.542644635, 0.286541252, 0.590833261, 0.0305002499;0.0373481887, 0.822600561, 0.360190641, 0.127060513, 0.52224326, 0.769993553, 0.215821027, 0.622890476, 0.085347465, 0.0516817212, 0.531354632, 0.540635122, 0.637429901, 0.726091334, 0.975852079, 0.516300348, 0.322956473]
subkernel0_data_class = 'rand'
accuracy = 1e-08
