name = 'Chi2Kernel'
data_train = [0.374540119, 0.950714306, 0.731993942, 0.598658484, 0.15601864, 0.15599452, 0.0580836122, 0.866176146, 0.601115012, 0.708072578, 0.0205844943;0.969909852, 0.832442641, 0.212339111, 0.181824967, 0.18340451, 0.304242243, 0.524756432, 0.431945019, 0.29122914, 0.611852895, 0.139493861;0.292144649, 0.366361843, 0.456069984, 0.785175961, 0.199673782, 0.514234438, 0.592414569, 0.0464504127, 0.607544852, 0.170524124, 0.065051593;0.948885537, 0.965632033, 0.808397348, 0.304613769, 0.097672114, 0.684233027, 0.440152494, 0.122038235, 0.49517691, 0.0343885211, 0.909320402;0.258779982, 0.662522284, 0.311711076, 0.520068021, 0.546710279, 0.184854456, 0.969584628, 0.775132823, 0.939498942, 0.89482735, 0.597899979;0.921874235, 0.0884925021, 0.195982862, 0.0452272889, 0.325330331, 0.38867729, 0.271349032, 0.828737509, 0.356753327, 0.28093451, 0.542696083;0.140924225, 0.802196981, 0.0745506437, 0.986886937, 0.772244769, 0.198715682, 0.00552211712, 0.815461428, 0.706857344, 0.729007168, 0.771270347;0.0740446517, 0.358465729, 0.11586906, 0.863103426, 0.623298127, 0.330898025, 0.0635583503, 0.310982322, 0.325183322, 0.729606178, 0.637557471;0.887212743, 0.472214925, 0.119594246, 0.713244787, 0.760785049, 0.561277198, 0.77096718, 0.493795596, 0.522732829, 0.427541018, 0.0254191267;0.107891427, 0.0314291857, 0.636410411, 0.314355981, 0.508570691, 0.907566474, 0.249292229, 0.410382923, 0.755551139, 0.228798165, 0.0769799098;0.289751453, 0.161221287, 0.929697652, 0.80812038, 0.633403757, 0.87146059, 0.803672077, 0.186570059, 0.892558998, 0.539342242, 0.807440155]
km_test = [2.60505727, 2.08813284, 3.58100591, 3.20711236, 1.29986044, 3.36484255, 2.03196781, 4.05987051, 2.07937948, 2.7720567, 2.41546243, 1.25421253, 2.25524589, 1.63213336, 1.69915993, 1.75212987, 2.15824329;1.51314173, 3.15215311, 2.56030468, 1.98893565, 2.22355665, 2.61966789, 1.7065866, 3.3400046, 1.73792228, 1.59911653, 2.28544749, 2.03790881, 2.54721007, 2.72448966, 3.00470237, 1.63783322, 1.98338122;2.30968291, 2.47150864, 2.47971576, 2.88274703, 1.63688807, 1.81430563, 1.66079836, 3.50028091, 3.20599953, 3.79768896, 1.63313029, 1.86918385, 2.5890382, 1.60392831, 1.40493083, 1.93991499, 3.42339202;1.61901874, 1.96334324, 2.42474292, 1.48995451, 2.09273201, 1.43149539, 1.84308232, 0.974831122, 1.72852023, 1.94009329, 1.40348366, 2.55005518, 2.0352172, 2.51515978, 2.38809786, 0.981420103, 2.90197397;1.84139465, 1.70696622, 2.64766293, 0.648704224, 1.85493278, 1.45429456, 1.97440502, 0.627520291, 1.50382098, 1.25079869, 1.38143923, 1.81084278, 1.31362609, 1.8744171, 2.11879093, 1.02446449, 2.97357905;2.05785563, 1.18786951, 2.06651018, 2.10313292, 1.06579816, 1.67809564, 1.29283591, 2.12794386, 2.30213516, 3.18851948, 0.974301882, 1.3711862, 1.60627231, 1.312724, 1.23371883, 1.0496445, 2.98026885;3.34203477, 2.41734151, 2.41235333, 2.35550499, 1.22397077, 3.61623823, 3.03530475, 2.27662411, 2.46388962, 2.815663, 1.53816241, 1.38163586, 3.14146098, 2.83503652, 0.75642099, 1.80519217, 3.57975653;1.85809465, 2.61394417, 3.65127397, 1.11559547, 2.03951597, 1.58212591, 1.56690166, 2.72107281, 1.15163289, 1.11516794, 2.53205737, 2.28664694, 1.6693231, 1.50539618, 2.82079878, 1.3660613, 3.0488727;2.04222233, 1.90916069, 2.10362497, 1.19667573, 0.841266517, 1.0373449, 0.982171672, 1.65897596, 1.45422866, 2.27632326, 0.705746514, 1.77621538, 1.90036234, 1.64793685, 1.26496935, 0.453332128, 3.66755716;1.72914542, 1.90310318, 2.52720823, 1.17708502, 2.40211468, 1.44511319, 2.2486242, 1.76758607, 1.18211444, 0.707051982, 2.45325341, 2.18152735, 1.30131248, 2.26891808, 2.79326363, 1.29658148, 2.35386702;3.44941593, 3.29572413, 3.0264513, 2.65452422, 3.3498333, 2.0645323, 2.91540653, 2.30248826, 3.02897694, 2.71424533, 2.20342901, 1.08363803, 2.21942136, 2.69948495, 2.61076471, 2.51614512, 3.79297365]
data_test = [0.8960913, 0.318003475, 0.110051925, 0.227935163, 0.427107789, 0.818014766, 0.860730583, 0.00695213053, 0.510747303, 0.417411003, 0.22210781, 0.119865367, 0.337615171, 0.942909704, 0.323202932, 0.518790622, 0.703018959;0.363629602, 0.971782083, 0.962447295, 0.251782296, 0.497248506, 0.30087831, 0.284840494, 0.0368869474, 0.609564334, 0.502679023, 0.0514787512, 0.278646464, 0.908265886, 0.239561891, 0.144894872, 0.48945276, 0.985650454;0.242055272, 0.672135547, 0.761619615, 0.237637544, 0.728216349, 0.367783133, 0.632305831, 0.633529711, 0.535774684, 0.0902897701, 0.835302496, 0.320780065, 0.18651851, 0.0407751416, 0.590892943, 0.677564362, 0.0165878289;0.512093058, 0.226495775, 0.64517279, 0.174366429, 0.690937738, 0.386735346, 0.936729989, 0.137520944, 0.341066351, 0.113473521, 0.924693618, 0.877339353, 0.257941628, 0.659984046, 0.8172222, 0.555200812, 0.529650578;0.241852291, 0.0931027678, 0.897215758, 0.900418057, 0.633101457, 0.339029791, 0.349209575, 0.725955679, 0.89711026, 0.887086424, 0.779875546, 0.642031646, 0.084139965, 0.161628714, 0.898554189, 0.60642906, 0.00919705162;0.101471543, 0.663501769, 0.00506158385, 0.160808051, 0.548733789, 0.691895198, 0.65196126, 0.224269309, 0.712179221, 0.237249087, 0.325399698, 0.746491405, 0.649632899, 0.84922341, 0.657612892, 0.568308603, 0.0936747678;0.367715803, 0.265202368, 0.243989643, 0.973010555, 0.393097725, 0.892046555, 0.631138626, 0.794811304, 0.502637093, 0.576903885, 0.492517694, 0.195242988, 0.722452115, 0.280772362, 0.0243159664, 0.645472296, 0.177110679;0.940458584, 0.953928577, 0.91486439, 0.3701587, 0.0154566165, 0.928318563, 0.428184148, 0.966654819, 0.963619977, 0.853009455, 0.294448892, 0.385097729, 0.851136672, 0.316922005, 0.169492747, 0.556801262, 0.936154774;0.696029797, 0.57006117, 0.0971764938, 0.615007227, 0.99005385, 0.140084015, 0.518329652, 0.877373072, 0.740768618, 0.697015741, 0.702484084, 0.359491151, 0.293591844, 0.809361155, 0.810113395, 0.867072319, 0.913240553;0.511342399, 0.501516295, 0.798295179, 0.649963931, 0.701966877, 0.795792669, 0.890005342, 0.337995157, 0.375582953, 0.0939819398, 0.578280141, 0.0359422738, 0.465598018, 0.542644635, 0.286541252, 0.590833261, 0.0305002499;0.0373481887, 0.822600561, 0.360190641, 0.127060513, 0.52224326, 0.769993553, 0.215821027, 0.622890476, 0.085347465, 0.0516817212, 0.531354632, 0.540635122, 0.637429901, 0.726091334, 0.975852079, 0.516300348, 0.322956473]
km_train = [0, 1.98980191, 2.45037292, 3.69348905, 2.99146342, 1.93835058, 1.84994665, 2.41330122, 2.73057567, 2.97011196, 3.2613367;1.98980191, 0, 2.61459394, 1.96456098, 2.73126874, 3.02565998, 2.92050038, 1.97007406, 1.94423634, 1.62880734, 2.8572514;2.45037292, 2.61459394, 0, 2.37270831, 2.59048793, 0.995643333, 1.91306315, 2.99242242, 1.35875669, 2.77959529, 2.68327206;3.69348905, 1.96456098, 2.37270831, 0, 1.0599854, 1.99365865, 2.63026805, 2.35471352, 0.960622298, 1.31105746, 2.72754124;2.99146342, 2.73126874, 2.59048793, 1.0599854, 0, 1.40172777, 2.06590483, 1.36729449, 1.09703517, 0.920211938, 1.9163232;1.93835058, 3.02565998, 0.995643333, 1.99365865, 1.40172777, 0, 1.49047434, 2.83076963, 1.10861647, 2.65512746, 2.41616035;1.84994665, 2.92050038, 1.91306315, 2.63026805, 2.06590483, 1.49047434, 0, 3.11333514, 1.70357227, 2.56474654, 3.01978535;2.41330122, 1.97007406, 2.99242242, 2.35471352, 1.36729449, 2.83076963, 3.11333514, 0, 1.5588509, 0.846995557, 2.79467928;2.73057567, 1.94423634, 1.35875669, 0.960622298, 1.09703517, 1.10861647, 1.70357227, 1.5588509, 0, 1.31302941, 2.38225302;2.97011196, 1.62880734, 2.77959529, 1.31105746, 0.920211938, 2.65512746, 2.56474654, 0.846995557, 1.31302941, 0, 2.43937824;3.2613367, 2.8572514, 2.68327206, 2.72754124, 1.9163232, 2.41616035, 3.01978535, 2.79467928, 2.38225302, 2.43937824, 0]
size_ = 10
