name = 'Chi2'
feature_type = 'Real'
data_type = 'double'
km_train = [1, 0.242867967, 0.209144605, 0.177876933, 0.12525489, 0.190561869, 0.129407478, 0.088182534, 0.265084112, 0.263916894, 0.118529977;0.242867967, 1, 0.505962445, 0.200426983, 0.105526585, 0.239402191, 0.121913856, 0.20555196, 0.411857821, 0.210439615, 0.110957916;0.209144605, 0.505962445, 1, 0.314276354, 0.095941841, 0.305759209, 0.122066988, 0.148753438, 0.200420257, 0.254647472, 0.171580946;0.177876933, 0.200426983, 0.314276354, 1, 0.164277162, 0.435376162, 0.177351492, 0.385578379, 0.0736780244, 0.258125645, 0.172913689;0.12525489, 0.105526585, 0.095941841, 0.164277162, 1, 0.178725944, 0.0858896054, 0.106678244, 0.0668163644, 0.10214194, 0.282238517;0.190561869, 0.239402191, 0.305759209, 0.435376162, 0.178725944, 1, 0.114401643, 0.199966816, 0.116489865, 0.224250409, 0.266874744;0.129407478, 0.121913856, 0.122066988, 0.177351492, 0.0858896054, 0.114401643, 1, 0.246711288, 0.0685388156, 0.305802648, 0.108244334;0.088182534, 0.20555196, 0.148753438, 0.385578379, 0.106678244, 0.199966816, 0.246711288, 1, 0.0782073821, 0.108391587, 0.110111487;0.265084112, 0.411857821, 0.200420257, 0.0736780244, 0.0668163644, 0.116489865, 0.0685388156, 0.0782073821, 1, 0.0776972934, 0.124774702;0.263916894, 0.210439615, 0.254647472, 0.258125645, 0.10214194, 0.224250409, 0.305802648, 0.108391587, 0.0776972934, 1, 0.190412686;0.118529977, 0.110957916, 0.171580946, 0.172913689, 0.282238517, 0.266874744, 0.108244334, 0.110111487, 0.124774702, 0.190412686, 1]
data_train = [0.929921763, 0.545083413, 0.661466205, 0.903273622, 0.0985468514, 0.232078578, 0.708900006, 0.823744462, 0.857029028, 0.415107177, 0.0893399023;0.437781477, 0.23073459, 0.291196455, 0.772267557, 0.075527086, 0.827581217, 0.427669086, 0.596063931, 0.0896522312, 0.337359078, 0.089700919;0.961543723, 0.807261649, 0.459632754, 0.223602548, 0.933455105, 0.344596596, 0.160984432, 0.563164388, 0.94377412, 0.0038302905, 0.238124843;0.93844764, 0.171085967, 0.113243452, 0.570187216, 0.861843823, 0.477109818, 0.994564257, 0.6791717, 0.0740749072, 0.992832132, 0.407894237;0.287402534, 0.557879184, 0.304307592, 0.0864575071, 0.00142834308, 0.449583353, 0.836863422, 0.572315186, 0.999207299, 0.286846646, 0.280455065;0.15974946, 0.164063588, 0.285186596, 0.792840045, 0.905756791, 0.97508717, 0.232289654, 0.881297546, 0.328255089, 0.112840545, 0.870024926;0.636105635, 0.164730896, 0.429831258, 0.287257695, 0.736794569, 0.453416231, 0.989279945, 0.0547449823, 0.355015266, 0.481900167, 0.503133555;0.315935822, 0.729240249, 0.874747073, 0.938719302, 0.805093377, 0.850580197, 0.550545301, 0.825888226, 0.303503909, 0.398478762, 0.316913014;0.467387335, 0.285579616, 0.961611442, 0.312844628, 0.0980445381, 0.526817166, 0.0570990784, 0.110543166, 0.219389389, 0.46435025, 0.433250932;0.799691862, 0.739474654, 0.426318294, 0.333704208, 0.316468784, 0.773995087, 0.0520724062, 0.0128216495, 0.795544392, 0.477146376, 0.130881139;0.235565935, 0.932503953, 0.859502976, 0.70978505, 0.48222523, 0.520323626, 0.975244535, 0.965770444, 0.215269046, 0.811104566, 0.197242666]
feature_class = 'simple'
data_test = [0.213537478, 0.676093034, 0.405001099, 0.931544407, 0.0890097349, 0.511525641, 0.91852153, 0.90411366, 0.156529213, 0.3666377, 0.6191214, 0.159394885, 0.968022172, 0.914749329, 0.166950179, 0.121155461, 0.0854084828;0.909443664, 0.19362381, 0.416284929, 0.448851366, 0.599011044, 0.0717353437, 0.226758617, 0.931490387, 0.908410107, 0.781290647, 0.0194012456, 0.327006768, 0.627958735, 0.275190212, 0.909586695, 0.633889462, 0.0719067173;0.909005589, 0.957766658, 0.0777124184, 0.532360235, 0.303364282, 0.392839076, 0.179651218, 0.578072102, 0.957979353, 0.5030726, 0.0829145814, 0.620001333, 0.340222994, 0.85592519, 0.434678148, 0.192839609, 0.191105623;0.768764181, 0.265587598, 0.767233394, 0.205887311, 0.321686369, 0.465486972, 0.94319585, 0.931731425, 0.206871875, 0.358219041, 0.149399388, 0.509985079, 0.460582551, 0.900760162, 0.930005378, 0.383567391, 0.491737943;0.896236249, 0.806707808, 0.00365631134, 0.320059564, 0.421774242, 0.229716284, 0.199571616, 0.0377845066, 0.643369725, 0.26251029, 0.0523471784, 0.230979311, 0.801913953, 0.851489182, 0.483066245, 0.41607067, 0.977853694;0.20056466, 0.215359283, 0.291867177, 0.172757318, 0.379365598, 0.910834227, 0.615347841, 0.411946549, 0.934410795, 0.0484642325, 0.210276178, 0.565888605, 0.615552623, 0.0395575066, 0.403038758, 0.649153965, 0.698070546;0.638139903, 0.320563224, 0.0935201236, 0.427112446, 0.128754437, 0.947623659, 0.475170866, 0.317259174, 0.766304071, 0.497948593, 0.310034024, 0.811967742, 0.867152151, 0.673008166, 0.0469644224, 0.56632288, 0.763294912;0.136503012, 0.228670751, 0.882495105, 0.0201217219, 0.752727138, 0.473773293, 0.446772159, 0.00709653249, 0.819398231, 0.359824901, 0.540765631, 0.677300686, 0.702629576, 0.955980059, 0.531339953, 0.399719551, 0.953703626;0.642110235, 0.298150356, 0.126464245, 0.842554501, 0.362181603, 0.660469721, 0.470816419, 0.19892978, 0.601686609, 0.060683069, 0.41334246, 0.54661494, 0.436046974, 0.748672175, 0.827924955, 0.771243074, 0.0388129478;0.19412877, 0.536607509, 0.93482204, 0.834956775, 0.842534508, 0.303208194, 0.429447897, 0.470705947, 0.157371583, 0.0310681302, 0.946902899, 0.240712586, 0.239948904, 0.0833790538, 0.928507752, 0.579737115, 0.667036857;0.911576887, 0.345620169, 0.621507311, 0.0387994547, 0.186772528, 0.831245805, 0.766768356, 0.350642691, 0.376810628, 0.533554434, 0.000241004685, 0.241244336, 0.208231809, 0.250482947, 0.805905843, 0.279673857, 0.191521322]
kparam1_size = 10
km_test = [0.2201528, 0.436998483, 0.141986497, 0.384986521, 0.186762759, 0.189205447, 0.331416637, 0.36953001, 0.116207754, 0.194502586, 0.141311281, 0.29758955, 0.288441672, 0.320440846, 0.183474135, 0.214048782, 0.0790319044;0.165548849, 0.550407019, 0.219889976, 0.161774821, 0.314597294, 0.195013598, 0.218995363, 0.10276767, 0.146957555, 0.215957602, 0.153133796, 0.19670716, 0.166038996, 0.160473683, 0.235106549, 0.168425291, 0.124990855;0.157154017, 0.294142054, 0.157240368, 0.214763763, 0.238653519, 0.399776045, 0.343686641, 0.0933052448, 0.224914341, 0.182630058, 0.178459521, 0.326286231, 0.270861122, 0.211257232, 0.204651463, 0.298579026, 0.0909531375;0.0962533918, 0.12817958, 0.376060597, 0.0905407742, 0.232986676, 0.29586464, 0.544768009, 0.289483973, 0.176318926, 0.206829902, 0.119348603, 0.264338546, 0.342359373, 0.10625502, 0.208799878, 0.255934166, 0.0924771841;0.0731180513, 0.106163176, 0.147511378, 0.0278906224, 0.118724173, 0.294704851, 0.190947948, 0.103990874, 0.161348082, 0.118116546, 0.062740512, 0.417717346, 0.101571637, 0.0729735709, 0.0694322672, 0.137856573, 0.208428935;0.189041721, 0.178360307, 0.235890166, 0.119830032, 0.524706021, 0.313800659, 0.308924762, 0.147750591, 0.446975311, 0.156871454, 0.102525826, 0.437039861, 0.359782124, 0.100580724, 0.450947637, 0.658363733, 0.252031809;0.206202801, 0.133523214, 0.106611955, 0.0373454313, 0.0683800757, 0.184862307, 0.288362289, 0.0960651867, 0.0887331231, 0.299859813, 0.0322104688, 0.151814324, 0.299255437, 0.209764186, 0.0751630218, 0.109947086, 0.14078795;0.121275348, 0.140800139, 0.136456356, 0.0328505779, 0.12263895, 0.151875639, 0.237674046, 0.125324969, 0.157836614, 0.214131103, 0.0256108975, 0.138379904, 0.221734696, 0.122490618, 0.152074162, 0.0944137883, 0.0720383589;0.0956579948, 0.768194893, 0.0619819164, 0.272235725, 0.180015107, 0.127969836, 0.124511992, 0.0956073032, 0.112281891, 0.108456467, 0.178752428, 0.145993445, 0.218437364, 0.141631355, 0.0668367654, 0.132511649, 0.160016295;0.206065498, 0.180783179, 0.346685029, 0.122461701, 0.204189596, 0.260427751, 0.535038524, 0.175226367, 0.0712866209, 0.231241369, 0.155002207, 0.235397972, 0.180731576, 0.152241407, 0.256887694, 0.297172769, 0.114161594;0.11763447, 0.194060931, 0.105095862, 0.114511717, 0.276624142, 0.427379205, 0.277319219, 0.103881049, 0.24322505, 0.180983859, 0.171648577, 0.577659563, 0.237530793, 0.0969690484, 0.104674749, 0.478704014, 0.290616356]
kparam0_width = 1.2
accuracy = 1e-08
data_class = 'rand'
