name = 'Chi2'
feature_type = 'real'
data_type = 'double'
km_train = [1, 0.22887221, 0.339129689, 0.114007215, 0.171381103, 0.0492396442, 0.100650791, 0.117933406, 0.167120286, 0.180995134, 0.211256224;0.22887221, 1, 0.112979581, 0.371393776, 0.129641959, 0.0742980046, 0.105880175, 0.072280282, 0.149489255, 0.328475127, 0.255806331;0.339129689, 0.112979581, 1, 0.0431396412, 0.222882425, 0.0645406895, 0.0712605668, 0.0825224489, 0.139893096, 0.442650045, 0.297518925;0.114007215, 0.371393776, 0.0431396412, 1, 0.155298081, 0.0777807215, 0.131236866, 0.192091674, 0.0568552027, 0.181661018, 0.115399132;0.171381103, 0.129641959, 0.222882425, 0.155298081, 1, 0.180709035, 0.242072272, 0.181270649, 0.101666481, 0.282434983, 0.605398823;0.0492396442, 0.0742980046, 0.0645406895, 0.0777807215, 0.180709035, 1, 0.174366534, 0.102196391, 0.0486609105, 0.129923885, 0.20536596;0.100650791, 0.105880175, 0.0712605668, 0.131236866, 0.242072272, 0.174366534, 1, 0.231504758, 0.104346288, 0.123406445, 0.184233506;0.117933406, 0.072280282, 0.0825224489, 0.192091674, 0.181270649, 0.102196391, 0.231504758, 1, 0.0582327257, 0.130426136, 0.0940511552;0.167120286, 0.149489255, 0.139893096, 0.0568552027, 0.101666481, 0.0486609105, 0.104346288, 0.0582327257, 1, 0.195608535, 0.112712504;0.180995134, 0.328475127, 0.442650045, 0.181661018, 0.282434983, 0.129923885, 0.123406445, 0.130426136, 0.195608535, 1, 0.34145053;0.211256224, 0.255806331, 0.297518925, 0.115399132, 0.605398823, 0.20536596, 0.184233506, 0.0940511552, 0.112712504, 0.34145053, 1]
data_train = [0.563737101, 0.204979233, 0.741995391, 0.0522791033, 0.852542645, 0.198196386, 0.874398032, 0.352529241, 0.722683574, 0.319225298, 0.905911671;0.126637126, 0.178519789, 0.493030125, 0.081938439, 0.195980185, 0.943766382, 0.976489661, 0.376259329, 0.923286021, 0.544824676, 0.269742466;0.702398721, 0.658901807, 0.989125319, 0.265047287, 0.672059503, 0.052023755, 0.113646039, 0.00391837495, 0.999460681, 0.802273697, 0.786723015;0.509726075, 0.300067083, 0.151264284, 0.284674739, 0.375971222, 0.756310097, 0.539661789, 0.0774836266, 0.018029009, 0.10233218, 0.410498714;0.933192917, 0.637402481, 0.8018259, 0.466374595, 0.361666083, 0.108400373, 0.875933022, 0.783160029, 0.168118098, 0.512260564, 0.487374808;0.625091553, 0.946186894, 0.579771442, 0.540217267, 0.0503229329, 0.062907476, 0.187346791, 0.0324707717, 0.743352896, 0.723330304, 0.136056234;0.836078901, 0.154786035, 0.301175587, 0.248976899, 0.372307099, 0.254663766, 0.488950926, 0.407407881, 0.986569491, 0.0559263501, 0.142181376;0.0528258939, 0.625841195, 0.0545092774, 0.836439737, 0.511938631, 0.527007625, 0.561594508, 0.170813706, 0.197690303, 0.318817323, 0.593496416;0.210117776, 0.116331727, 0.970116886, 0.0219818148, 0.802697405, 0.78803515, 0.297214114, 0.135626616, 0.145628647, 0.697431617, 0.642806591;0.782745674, 0.937481172, 0.691927363, 0.155851537, 0.243442617, 0.842193731, 0.209306076, 0.072522317, 0.703280054, 0.402526355, 0.920040053;0.650255071, 0.0904189778, 0.947856567, 0.258557264, 0.33721249, 0.402260414, 0.0512242964, 0.496515422, 0.123318491, 0.400970327, 0.350709788]
feature_class = 'simple'
data_test = [0.772840083, 0.803170512, 0.153412882, 0.366551187, 0.373353161, 0.151410444, 0.798453505, 0.707228328, 0.190381786, 0.366721909, 0.105805025, 0.628206597, 0.121371925, 0.985934169, 0.780682075, 0.39023855, 0.578563932;0.911341816, 0.55409928, 0.174498486, 0.378703356, 0.843144865, 0.644213016, 0.650724384, 0.866821486, 0.893973057, 0.919792572, 0.0948491933, 0.544126002, 0.740509521, 0.756926845, 0.606716202, 0.166787335, 0.797420554;0.720111334, 0.0861357715, 0.463809825, 0.1739774, 0.337477046, 0.0180810922, 0.400329868, 0.549876921, 0.619582593, 0.663490345, 0.836291313, 0.215462907, 0.120481822, 0.851537172, 0.156612815, 0.974760081, 0.842538229;0.500876606, 0.981421425, 0.0973767291, 0.303065761, 0.638224415, 0.350006868, 0.928372552, 0.0656260882, 0.549411832, 0.590866267, 0.652728124, 0.255666223, 0.364566428, 0.84368053, 0.194942769, 0.826867847, 0.562655423;0.762187511, 0.713607366, 0.207511495, 0.568812736, 0.867723153, 0.432116237, 0.96659077, 0.4522151, 0.142785637, 0.38943468, 0.951702406, 0.319720849, 0.86809816, 0.881250682, 0.350186524, 0.0832576581, 0.724557909;0.311512299, 0.782923614, 0.442654848, 0.485266742, 0.777909407, 0.382363331, 0.443127345, 0.376190469, 0.367340515, 0.525946577, 0.808799445, 0.361768312, 0.524254721, 0.670727325, 0.269439446, 0.277522805, 0.933413127;0.723534573, 0.577186676, 0.647720054, 0.0292994431, 0.618102966, 0.509508873, 0.54574968, 0.359423827, 0.0814738977, 0.193339234, 0.950744713, 0.408699562, 0.466683156, 0.0527097899, 0.0375662295, 0.717181447, 0.538094664;0.508705984, 0.24312453, 0.744750732, 0.168236579, 0.189934744, 0.460712171, 0.286279862, 0.247462981, 0.645237645, 0.650971745, 0.82451707, 0.417708567, 0.073085091, 0.273666385, 0.980005463, 0.596258575, 0.709737085;0.00735782963, 0.518205732, 0.0375286575, 0.569230212, 0.92077085, 0.968419131, 0.540552675, 0.458204805, 0.945017094, 0.673609832, 0.0648992795, 0.465725578, 0.240245018, 0.469804321, 0.455465572, 0.582144803, 0.35677049;0.164270449, 0.503719435, 0.830202884, 0.664012228, 0.338367866, 0.935523023, 0.912207571, 0.209348399, 0.0394175851, 0.741308708, 0.827610261, 0.967864566, 0.889836394, 0.600534768, 0.530052339, 0.0278410513, 0.246656447;0.459614752, 0.6285039, 0.557251833, 0.74263599, 0.279766931, 0.564952608, 0.0881422434, 0.413665524, 0.750160833, 0.693400853, 0.990642737, 0.277891126, 0.498189299, 0.329530414, 0.440603114, 0.85695013, 0.684209075]
kparam1_size = 10
km_test = [0.232157833, 0.324875757, 0.219971691, 0.255286525, 0.261421457, 0.133322277, 0.302463802, 0.196876719, 0.0463410317, 0.183088475, 0.36623203, 0.248255096, 0.337331804, 0.236049818, 0.0831541215, 0.138618966, 0.277528308;0.127258812, 0.117467404, 0.355085027, 0.231072002, 0.150640935, 0.136673142, 0.209955085, 0.148893805, 0.0733912732, 0.241405911, 0.252184614, 0.297072598, 0.219406416, 0.214021847, 0.180195461, 0.0634847948, 0.209373682;0.133107007, 0.21474669, 0.0962843886, 0.360661296, 0.278025938, 0.176117461, 0.195219898, 0.372984383, 0.125432739, 0.32510776, 0.0863261799, 0.246958364, 0.203160568, 0.31320262, 0.14235762, 0.100052057, 0.2650587;0.173863997, 0.0945322773, 0.401346437, 0.169066078, 0.108446723, 0.12370503, 0.0738320354, 0.15205648, 0.12609408, 0.130552493, 0.189016591, 0.178502035, 0.157276311, 0.0694655824, 0.188706726, 0.12389451, 0.159938148;0.233705843, 0.183550257, 0.155623264, 0.222068491, 0.213276411, 0.171789234, 0.219887924, 0.392211005, 0.231663827, 0.271654987, 0.0673379425, 0.357822414, 0.0898207705, 0.215409599, 0.317248164, 0.344465441, 0.234863283;0.0768951051, 0.191544742, 0.114135156, 0.240241697, 0.183541312, 0.516974501, 0.173897198, 0.146717843, 0.245483209, 0.358679819, 0.0339269847, 0.381618666, 0.210552291, 0.104962979, 0.282107883, 0.100342879, 0.0944506131;0.384920674, 0.301470328, 0.0729960832, 0.148097382, 0.311935429, 0.165283768, 0.41573825, 0.327554924, 0.102063074, 0.176600875, 0.0406852851, 0.332653786, 0.19477901, 0.219513993, 0.290913387, 0.0716435889, 0.238854331;0.183782913, 0.140594043, 0.134787545, 0.214993577, 0.12503598, 0.153884811, 0.0806319667, 0.287576953, 0.0751004746, 0.0730860781, 0.0428272319, 0.189789539, 0.236053116, 0.057866536, 0.164850718, 0.0729968926, 0.0954263408;0.208072533, 0.094937308, 0.196839166, 0.0787658905, 0.142401428, 0.0766606121, 0.156700311, 0.340188233, 0.0473318708, 0.139599618, 0.0587706709, 0.267418301, 0.126882536, 0.127405878, 0.0909821405, 0.0629923701, 0.183231266;0.165779419, 0.179380643, 0.193544738, 0.504600468, 0.338824511, 0.234717361, 0.18326829, 0.544233386, 0.330408453, 0.483094177, 0.0890000109, 0.352090489, 0.225509965, 0.383131773, 0.335995868, 0.129938177, 0.348032414;0.179722742, 0.185373457, 0.183097749, 0.323428836, 0.168681328, 0.206847172, 0.33251267, 0.295323073, 0.164490439, 0.430960308, 0.0953615668, 0.497004944, 0.131491585, 0.397136579, 0.432534131, 0.16475621, 0.219722375]
kparam0_width = 1.2
data_class = 'rand'
accuracy = 1e-08
