name = 'Chi2'
feature_type = 'real'
data_type = 'double'
km_train = [1, 0.250755565, 0.26623998, 0.264252558, 0.191157307, 0.275337905, 0.24358218, 0.268119097, 0.428557436, 0.22594526, 0.157591487;0.250755565, 1, 0.175358179, 0.197489313, 0.216319913, 0.146471262, 0.2261006, 0.49835238, 0.167943401, 0.0546638567, 0.0853334858;0.26623998, 0.175358179, 1, 0.387518427, 0.316936941, 0.426167409, 0.229344652, 0.212815395, 0.217792078, 0.223182894, 0.240044788;0.264252558, 0.197489313, 0.387518427, 1, 0.413044047, 0.290473788, 0.120068212, 0.323650344, 0.493610215, 0.337566297, 0.270683612;0.191157307, 0.216319913, 0.316936941, 0.413044047, 1, 0.225595564, 0.0994409795, 0.29296264, 0.232586784, 0.122353375, 0.152110904;0.275337905, 0.146471262, 0.426167409, 0.290473788, 0.225595564, 1, 0.0952470393, 0.205297322, 0.0982962564, 0.12353681, 0.23264144;0.24358218, 0.2261006, 0.229344652, 0.120068212, 0.0994409795, 0.0952470393, 1, 0.200891149, 0.220369981, 0.11088512, 0.219868461;0.268119097, 0.49835238, 0.212815395, 0.323650344, 0.29296264, 0.205297322, 0.200891149, 1, 0.240838884, 0.0548886417, 0.150092417;0.428557436, 0.167943401, 0.217792078, 0.493610215, 0.232586784, 0.0982962564, 0.220369981, 0.240838884, 1, 0.376401279, 0.149200266;0.22594526, 0.0546638567, 0.223182894, 0.337566297, 0.122353375, 0.12353681, 0.11088512, 0.0548886417, 0.376401279, 1, 0.152076106;0.157591487, 0.0853334858, 0.240044788, 0.270683612, 0.152110904, 0.23264144, 0.219868461, 0.150092417, 0.149200266, 0.152076106, 1]
data_train = [0.101891754, 0.0159202673, 0.616182965, 0.960829417, 0.902868023, 0.696754815, 0.0966405842, 0.274164038, 0.320056727, 0.763150058, 0.802249179;0.385106123, 0.417883997, 0.0445090393, 0.289136718, 0.451285177, 0.116983046, 0.453267461, 0.853175812, 0.58132102, 0.078929855, 0.191671319;0.47454435, 0.36148715, 0.35872702, 0.529267448, 0.584395922, 0.79686157, 0.340966563, 0.805466283, 0.338611229, 0.0554329889, 0.554187651;0.587902325, 0.934540246, 0.726061326, 0.917772652, 0.90834721, 0.60457411, 0.527762065, 0.557440967, 0.978330808, 0.773167692, 0.106265905;0.778428407, 0.170538049, 0.447350549, 0.210459672, 0.689583066, 0.877309736, 0.290361885, 0.0820107412, 0.298493098, 0.672361858, 0.328760128;0.278112168, 0.184435191, 0.497516427, 0.275948828, 0.731010349, 0.076622402, 0.664033033, 0.237560015, 0.489279261, 0.286089922, 0.722768676;0.94530704, 0.917076779, 0.583426215, 0.462610303, 0.818300509, 0.683326363, 0.183564114, 0.820919214, 0.428884389, 0.18898566, 0.28179735;0.26752703, 0.519206975, 0.234370091, 0.123566487, 0.123690851, 0.583276197, 0.734759289, 0.321533009, 0.0346507098, 0.127224887, 0.91469456;0.49354366, 0.45357281, 0.0380491783, 0.728637022, 0.528068081, 0.202080936, 0.11007376, 0.383387864, 0.837161964, 0.865294559, 0.60284638;0.727536427, 0.115155787, 0.588126065, 0.666965703, 0.200712843, 0.880154733, 0.194996738, 0.31347736, 0.620556847, 0.638350065, 0.699384741;0.112011713, 0.84946443, 0.532847132, 0.471321794, 0.981097625, 0.740378297, 0.118006027, 0.756539167, 0.095248934, 0.0274705625, 0.403625895]
feature_class = 'simple'
data_test = [0.993578173, 0.174883936, 0.672644344, 0.173396066, 0.724786975, 0.505353668, 0.67997171, 0.202873176, 0.745628333, 0.99561906, 0.665650501, 0.493479998, 0.923173989, 0.0158518422, 0.729923519, 0.888746517, 0.0616745836;0.45006417, 0.204719454, 0.566518166, 0.649542959, 0.302623183, 0.45998167, 0.279339485, 0.369391164, 0.159539957, 0.885559444, 0.0100104106, 0.882409186, 0.571678878, 0.331657844, 0.723057125, 0.507752152, 0.499108658;0.110142283, 0.389516026, 0.241064346, 0.0156959056, 0.360099631, 0.0898221294, 0.256830038, 0.0925166212, 0.100941626, 0.199011294, 0.999849244, 0.00218414286, 0.638672636, 0.141243698, 0.920628137, 0.0936328933, 0.955063187;0.610926387, 0.00126807692, 0.894007198, 0.521711801, 0.262669735, 0.767279178, 0.926665554, 0.483690823, 0.315553474, 0.788945124, 0.681785498, 0.888752484, 0.692514013, 0.243528339, 0.93165925, 0.104835747, 0.26794275;0.520194608, 0.565742026, 0.0153105866, 0.780572726, 0.361607318, 0.406418541, 0.809369544, 0.379283392, 0.0472248765, 0.17643977, 0.955903172, 0.0704053624, 0.354931201, 0.503179167, 0.493280827, 0.00395994301, 0.501162731;0.383772458, 0.972079335, 0.159159084, 0.354154197, 0.419481485, 0.390693537, 0.665830828, 0.215512858, 0.221071553, 0.729210949, 0.500290519, 0.415155676, 0.169203052, 0.187527223, 0.0105516368, 0.0914262689, 0.556838695;0.89187313, 0.287164765, 0.327747226, 0.115605611, 0.388630946, 0.0372217046, 0.917600696, 0.673111348, 0.990748809, 0.882823163, 0.472990594, 0.519685031, 0.190576047, 0.462039343, 0.903027873, 0.0508534236, 0.863556803;0.340947802, 0.899512765, 0.940879906, 0.670864887, 0.664423787, 0.452754338, 0.835540225, 0.961612758, 0.7750818, 0.621936734, 0.606792896, 0.849469902, 0.541203766, 0.803859886, 0.508885255, 0.062444275, 0.383947009;0.444440958, 0.141617245, 0.102496329, 0.53546495, 0.0851436366, 0.302945168, 0.744596976, 0.96443218, 0.717870581, 0.992625548, 0.698337971, 0.293794471, 0.672052541, 0.702156765, 0.371726985, 0.0177138506, 0.703199785;0.0217000953, 0.631188078, 0.163616489, 0.565603528, 0.503913025, 0.0135136423, 0.362865817, 0.601091167, 0.848606552, 0.888642114, 0.48384997, 0.728422487, 0.316454577, 0.342186406, 0.194463519, 0.56194811, 0.314564151;0.0843708964, 0.685006087, 0.707753208, 0.359992419, 0.0767233995, 0.426297717, 0.442335458, 0.668670885, 0.315416391, 0.68259928, 0.871488542, 0.237486042, 0.978919556, 0.386368137, 0.267258685, 0.421511183, 0.0943974759]
kparam1_size = 10
km_test = [0.240817512, 0.136102967, 0.0766796871, 0.285734089, 0.277781023, 0.124467358, 0.309518701, 0.299789761, 0.195786716, 0.137012673, 0.188015982, 0.170585394, 0.137142253, 0.35959999, 0.269266046, 0.046994946, 0.564946847;0.170232759, 0.0926182606, 0.298936148, 0.159302279, 0.113942287, 0.209028932, 0.228931767, 0.352298824, 0.152426184, 0.143942656, 0.127857179, 0.17170851, 0.242319843, 0.359671842, 0.252175767, 0.0408614022, 0.224350671;0.211997064, 0.221092464, 0.212759285, 0.156333452, 0.418868118, 0.214598577, 0.297435586, 0.172836408, 0.201403069, 0.152096459, 0.318678879, 0.173840646, 0.211545965, 0.149771554, 0.176880668, 0.142139805, 0.135489044;0.242217817, 0.0748655353, 0.201282323, 0.152877142, 0.244147732, 0.198012413, 0.304924958, 0.231253741, 0.292239556, 0.354199741, 0.285603854, 0.208503874, 0.480980404, 0.149244021, 0.288682933, 0.141745031, 0.163747563;0.279661589, 0.0880288127, 0.138247135, 0.107428993, 0.136205647, 0.187682442, 0.422611542, 0.140290536, 0.0911028996, 0.260771545, 0.354447838, 0.0924600631, 0.367983829, 0.0971512515, 0.271774779, 0.0442884732, 0.167649425;0.116014802, 0.160967315, 0.153986133, 0.136868518, 0.261589701, 0.101756503, 0.272081187, 0.208054328, 0.189167358, 0.117254996, 0.483950961, 0.101347886, 0.300615537, 0.157818899, 0.306357817, 0.0629139131, 0.125895637;0.195484505, 0.295176619, 0.263001488, 0.345915339, 0.477002429, 0.385123753, 0.181056733, 0.186825712, 0.103417087, 0.0810055869, 0.0941682307, 0.258476974, 0.155359538, 0.331215497, 0.143692959, 0.0942986922, 0.294703932;0.157766994, 0.107389148, 0.312468104, 0.148053502, 0.184085153, 0.165419083, 0.17810665, 0.253625052, 0.181064396, 0.233083265, 0.164355442, 0.234366657, 0.37423897, 0.208817746, 0.39026091, 0.0989843015, 0.314807635;0.237018097, 0.068784223, 0.102585386, 0.243639399, 0.211189141, 0.191622516, 0.238071952, 0.213376894, 0.156714456, 0.236165667, 0.118178011, 0.248133502, 0.192830996, 0.184395554, 0.186045868, 0.083785765, 0.290111167;0.251515074, 0.0516360441, 0.0622569917, 0.25072355, 0.216042475, 0.20250109, 0.20928572, 0.161343005, 0.176727047, 0.105426426, 0.148894779, 0.130805905, 0.147132525, 0.152769917, 0.088649082, 0.0915990976, 0.0982057018;0.138488441, 0.436014829, 0.139839421, 0.209431056, 0.464980379, 0.156781478, 0.297148825, 0.267919219, 0.326922892, 0.231236098, 0.311467185, 0.16607617, 0.291473123, 0.258168156, 0.11519632, 0.100923596, 0.211630651]
kparam0_width = 1.2
accuracy = 1e-08
data_class = 'rand'
