name = 'Chi2'
width_ = 10
km_train = [1, 0.206066631, 0.193889714, 0.217016399, 0.108806755, 0.0453472398, 0.315366918, 0.164679345, 0.0897013213, 0.263311247, 0.179042545;0.206066631, 1, 0.10780662, 0.45830884, 0.237607555, 0.226223529, 0.269867379, 0.303484092, 0.248282858, 0.372313173, 0.371276276;0.193889714, 0.10780662, 1, 0.220401712, 0.149717935, 0.0559806722, 0.269064386, 0.104396945, 0.179473275, 0.124163828, 0.121871394;0.217016399, 0.45830884, 0.220401712, 1, 0.188776686, 0.109837019, 0.279475709, 0.149614545, 0.258234352, 0.279415562, 0.161322867;0.108806755, 0.237607555, 0.149717935, 0.188776686, 1, 0.268997139, 0.297287537, 0.233390343, 0.366006673, 0.1160688, 0.162864865;0.0453472398, 0.226223529, 0.0559806722, 0.109837019, 0.268997139, 1, 0.20862027, 0.225425963, 0.270301947, 0.0967087497, 0.244833293;0.315366918, 0.269867379, 0.269064386, 0.279475709, 0.297287537, 0.20862027, 1, 0.536836395, 0.55433017, 0.324457704, 0.421771066;0.164679345, 0.303484092, 0.104396945, 0.149614545, 0.233390343, 0.225425963, 0.536836395, 1, 0.446572713, 0.262296386, 0.334901539;0.0897013213, 0.248282858, 0.179473275, 0.258234352, 0.366006673, 0.270301947, 0.55433017, 0.446572713, 1, 0.153088779, 0.345448044;0.263311247, 0.372313173, 0.124163828, 0.279415562, 0.1160688, 0.0967087497, 0.324457704, 0.262296386, 0.153088779, 1, 0.3079354;0.179042545, 0.371276276, 0.121871394, 0.161322867, 0.162864865, 0.244833293, 0.421771066, 0.334901539, 0.345448044, 0.3079354, 1]
data_train = [0.958702407, 0.0578638978, 0.394521799, 0.106756066, 0.335660065, 0.169679904, 0.646848362, 0.388268384, 0.229394746, 0.265937925, 0.360345095;0.259949863, 0.453240847, 0.0323159511, 0.279763507, 0.411206721, 0.602781882, 0.270957643, 0.133185125, 0.0762003796, 0.940531827, 0.416639058;0.581162621, 0.919176552, 0.08274842, 0.876661486, 0.551587873, 0.164834261, 0.411255117, 0.777602284, 0.480370082, 0.985286051, 0.37673897;0.7495783, 0.392989449, 0.829164221, 0.569081469, 0.0635118296, 0.0368218676, 0.133852119, 0.0136719648, 0.0753590604, 0.691714397, 0.534346275;0.749910749, 0.913165752, 0.585149532, 0.726120844, 0.757081202, 0.377850549, 0.241084832, 0.205045329, 0.25144244, 0.274731797, 0.207227649;0.878220667, 0.756999132, 0.0468964678, 0.268672482, 0.022184742, 0.498165187, 0.476210697, 0.83137149, 0.30777724, 0.816385735, 0.967973765;0.0884082234, 0.791817839, 0.589955897, 0.480045967, 0.420535779, 0.784668264, 0.639361357, 0.805044668, 0.903151059, 0.617263712, 0.980462725;0.60808785, 0.636644322, 0.554815609, 0.0910020911, 0.726397033, 0.547446307, 0.450910447, 0.910471278, 0.297959452, 0.523602276, 0.697641871;0.796471776, 0.459346808, 0.842091415, 0.768917741, 0.0662359779, 0.0458612664, 0.620805684, 0.347413408, 0.209130791, 0.579649934, 0.34156321;0.537263417, 0.460119159, 0.584766106, 0.400300489, 0.697667574, 0.180067272, 0.696501466, 0.411661214, 0.874317605, 0.515236055, 0.973110349;0.601935396, 0.223849066, 0.821790637, 0.345082628, 0.347619214, 0.0318046815, 0.548715309, 0.534423504, 0.355991484, 0.894217263, 0.128748398]
size_ = 1.2
data_test = [0.330099513, 0.321582765, 0.0922905862, 0.481145394, 0.687784717, 0.511657014, 0.156977683, 0.377285965, 0.00259502438, 0.868301107, 0.0845170077, 0.597278082, 0.986256996, 0.536590646, 0.924041759, 0.236116533, 0.759955409;0.531265754, 0.720516061, 0.0623413625, 0.147739092, 0.133116929, 0.687165505, 0.844440673, 0.749616232, 0.0304721527, 0.867214981, 0.354146671, 0.397163833, 0.104869167, 0.737405206, 0.182283878, 0.563965092, 0.840709986;0.0892043287, 0.535335564, 0.233216412, 0.342926864, 0.473969941, 0.355104303, 0.64882284, 0.479582102, 0.584199485, 0.736822475, 0.557742266, 0.586535435, 0.564458543, 0.378772626, 0.337446834, 0.899647397, 0.607555222;0.244353155, 0.498247698, 0.330348481, 0.933691824, 0.00753436313, 0.225332798, 0.36535682, 0.487809801, 0.850817518, 0.0878876245, 0.805864887, 0.0556534894, 0.842314035, 0.0516354779, 0.0182424814, 0.696961462, 0.997255535;0.896610263, 0.575998418, 0.917395613, 0.0053000064, 0.975067163, 0.490748779, 0.722896097, 0.820861473, 0.718457271, 0.535036732, 0.476619484, 0.838582559, 0.20507756, 0.967994067, 0.710952479, 0.199506927, 0.736247184;0.529840023, 0.707230096, 0.767779501, 0.0872901796, 0.506103956, 0.932014342, 0.320642192, 0.593883098, 0.369230482, 0.454267972, 0.548603118, 0.54892198, 0.201730462, 0.684571548, 0.0878681112, 0.138824773, 0.00271089941;0.116696064, 0.473166201, 0.606101881, 0.79428945, 0.10669925, 0.85072746, 0.745974526, 0.408518293, 0.932938067, 0.990929476, 0.20500181, 0.379228585, 0.926449424, 0.721596551, 0.048094644, 0.781514482, 0.827940887;0.750501925, 0.799537131, 0.825132677, 0.186404987, 0.235691746, 0.633758564, 0.90786613, 0.316196582, 0.588306676, 0.682982063, 0.451948601, 0.713782455, 0.899667445, 0.624101544, 0.539781062, 0.438744675, 0.577486271;0.355362452, 0.39148211, 0.53185748, 0.0666191124, 0.229025391, 0.542849311, 0.431528143, 0.332815786, 0.730549137, 0.693717607, 0.16673076, 0.878629115, 0.495423626, 0.741460911, 0.573150849, 0.997692616, 0.75240312;0.706980461, 0.778571939, 0.143127986, 0.204544593, 0.714064082, 0.493981487, 0.754635292, 0.102916031, 0.536481351, 0.378821566, 0.457000219, 0.603957872, 0.502288347, 0.539860637, 0.486357482, 0.408955177, 0.771881981;0.0122030723, 0.598442701, 0.565508347, 0.716179075, 0.599029365, 0.826798828, 0.959074795, 0.342524257, 0.227350983, 0.423596862, 0.287929616, 0.614950263, 0.911852409, 0.139116194, 0.100794603, 0.256015532, 0.726095586]
km_test = [0.206328135, 0.400136248, 0.210140224, 0.0684762577, 0.296677593, 0.30488023, 0.175865386, 0.294134829, 0.157534961, 0.210807986, 0.290136551, 0.438621719, 0.244601471, 0.216487938, 0.216636537, 0.155248344, 0.207369599;0.238206939, 0.5166024, 0.404264549, 0.0641703575, 0.149349938, 0.365967725, 0.438845763, 0.441045146, 0.471942548, 0.319815961, 0.45696973, 0.340091326, 0.1207603, 0.419841191, 0.0992631214, 0.330110502, 0.155686333;0.11670356, 0.203069341, 0.25638709, 0.206174888, 0.11803271, 0.179709354, 0.195443122, 0.136769096, 0.298073846, 0.104710786, 0.163036193, 0.193411419, 0.371873528, 0.10499981, 0.14033214, 0.219230507, 0.308181948;0.140805871, 0.291439591, 0.250862715, 0.147371047, 0.188328323, 0.192877287, 0.264800608, 0.401433102, 0.440395159, 0.192127218, 0.428306871, 0.271629614, 0.142647512, 0.206544418, 0.139942202, 0.495776411, 0.205335838;0.259871799, 0.31188605, 0.154064554, 0.117477155, 0.317239897, 0.202122054, 0.321260143, 0.233151183, 0.129563412, 0.240362793, 0.269180523, 0.325490523, 0.12943831, 0.268057175, 0.31679951, 0.167238961, 0.186674621;0.279180891, 0.187400537, 0.195342948, 0.098924724, 0.111155716, 0.21591296, 0.139166233, 0.29006753, 0.102931942, 0.197769678, 0.229660679, 0.139173104, 0.0539029009, 0.299100699, 0.126854774, 0.122981989, 0.0422683448;0.217855061, 0.471386426, 0.258241021, 0.185105617, 0.355739841, 0.599799171, 0.328704083, 0.290924294, 0.210517599, 0.515243082, 0.253930621, 0.603935916, 0.388750219, 0.418406903, 0.280524886, 0.3301308, 0.22350734;0.114225942, 0.334915624, 0.298928955, 0.111765626, 0.22655209, 0.426296739, 0.242143216, 0.188283539, 0.173554538, 0.362965123, 0.202913887, 0.393427198, 0.258088547, 0.271832327, 0.134716688, 0.182487073, 0.0756490083;0.145049052, 0.258849493, 0.205043755, 0.210962542, 0.288974154, 0.253818252, 0.225933492, 0.173065896, 0.258082232, 0.216249689, 0.261555049, 0.243626783, 0.20299553, 0.214208177, 0.170287416, 0.2221359, 0.0970264858;0.0972219571, 0.638283595, 0.167101815, 0.116766797, 0.0954169712, 0.525946494, 0.51121481, 0.355934164, 0.176789572, 0.332800745, 0.325117776, 0.278396873, 0.23053153, 0.201203294, 0.0445701975, 0.401060629, 0.279039872;0.246582809, 0.497075129, 0.187835933, 0.115240022, 0.104356647, 0.413668183, 0.248386108, 0.233471704, 0.250973713, 0.247861592, 0.323243177, 0.20584157, 0.208645676, 0.317139495, 0.0875286397, 0.267963367, 0.140483263]
