name = 'Chi2'
feature_type = 'real'
data_type = 'double'
km_train = [1, 0.369572706, 0.230922794, 0.184593497, 0.470002571, 0.141130635, 0.135283502, 0.213125685, 0.370531767, 0.567347492, 0.121014072;0.369572706, 1, 0.208713826, 0.1195617, 0.588882897, 0.201276891, 0.0563327777, 0.156606255, 0.188480227, 0.244722031, 0.265668141;0.230922794, 0.208713826, 1, 0.366614133, 0.154307243, 0.186150133, 0.202122942, 0.371995766, 0.514645563, 0.116650993, 0.192327077;0.184593497, 0.1195617, 0.366614133, 1, 0.120966112, 0.155592763, 0.0670535417, 0.175765997, 0.325837429, 0.0953605455, 0.16971177;0.470002571, 0.588882897, 0.154307243, 0.120966112, 1, 0.134413293, 0.130179398, 0.254311993, 0.199549581, 0.531780178, 0.299592815;0.141130635, 0.201276891, 0.186150133, 0.155592763, 0.134413293, 1, 0.0371409608, 0.111502766, 0.19549327, 0.119771616, 0.122299286;0.135283502, 0.0563327777, 0.202122942, 0.0670535417, 0.130179398, 0.0371409608, 1, 0.187236503, 0.137940453, 0.187752555, 0.0613799702;0.213125685, 0.156606255, 0.371995766, 0.175765997, 0.254311993, 0.111502766, 0.187236503, 1, 0.38656475, 0.231335145, 0.269619222;0.370531767, 0.188480227, 0.514645563, 0.325837429, 0.199549581, 0.19549327, 0.137940453, 0.38656475, 1, 0.278569161, 0.214236778;0.567347492, 0.244722031, 0.116650993, 0.0953605455, 0.531780178, 0.119771616, 0.187752555, 0.231335145, 0.278569161, 1, 0.132808353;0.121014072, 0.265668141, 0.192327077, 0.16971177, 0.299592815, 0.122299286, 0.0613799702, 0.269619222, 0.214236778, 0.132808353, 1]
data_train = [0.471626365, 0.227481604, 0.166185, 0.332729477, 0.939924373, 0.343026713, 0.988124076, 0.485230456, 0.179163918, 0.891140092, 0.460355373;0.709671344, 0.983711583, 0.0501753503, 0.0966945598, 0.720456741, 0.281825003, 0.184301397, 0.0393618798, 0.021846712, 0.774485603, 0.134433427;0.467720616, 0.605896815, 0.428351801, 0.0271066523, 0.783501503, 0.0105132245, 0.761889894, 0.893304494, 0.432839921, 0.535542473, 0.476983393;0.389208619, 0.887424535, 0.893933511, 0.335816365, 0.615069754, 0.926907562, 0.962058499, 0.50895904, 0.452824805, 0.278694316, 0.958871873;0.142814304, 0.579829576, 0.282550268, 0.27900829, 0.404968587, 0.998792936, 0.0549663068, 0.578541818, 0.082572158, 0.15452083, 0.439562942;0.510460131, 0.258792408, 0.316457131, 0.0869670203, 0.303219784, 0.966558439, 0.944707382, 0.33487829, 0.570853936, 0.909595391, 0.00618382264;0.81068357, 0.948369553, 0.0913257343, 0.161447686, 0.960746303, 0.537540144, 0.0141966345, 0.257631999, 0.449943674, 0.692908911, 0.733160378;0.995421513, 0.287511199, 0.538220102, 0.533323548, 0.405645259, 0.169161894, 0.977456563, 0.853317187, 0.498333028, 0.603245423, 0.227261054;0.54378707, 0.694970133, 0.515167028, 0.990285171, 0.611341656, 0.370973713, 0.772152028, 0.170462512, 0.384515814, 0.34695895, 0.431807095;0.781779826, 0.484173032, 0.79401445, 0.576488903, 0.342069435, 0.809978744, 0.238289671, 0.22438298, 0.504502924, 0.260849246, 0.00908703495;0.648297527, 0.511093821, 0.445517814, 0.966968515, 0.571199184, 0.863431578, 0.139450236, 0.569206463, 0.867979627, 0.583105757, 0.718014178]
feature_class = 'simple'
data_test = [0.372043568, 0.092449517, 0.457900295, 0.394479391, 0.867060182, 0.243995302, 0.966734228, 0.95813812, 0.247631643, 0.348051955, 0.895555741, 0.966622221, 0.443439103, 0.320997046, 0.526094013, 0.687769206, 0.273474515;0.736473175, 0.0516573571, 0.0492944928, 0.386287705, 0.353473192, 0.315633215, 0.491019763, 0.320733582, 0.192257918, 0.309469549, 0.974904273, 0.411113417, 0.444712777, 0.57654499, 0.983340768, 0.241601276, 0.681282111;0.715984694, 0.607324417, 0.0885783396, 0.676872276, 0.064094711, 0.59614265, 0.739581177, 0.210969891, 0.841622008, 0.0303538055, 0.843812864, 0.460329051, 0.21758794, 0.133778145, 0.953307168, 0.0726655876, 0.19909342;0.347822347, 0.620234849, 0.544801085, 0.125643492, 0.289727984, 0.238751771, 0.213542854, 0.411144336, 0.704031453, 0.217452932, 0.36667888, 0.390917427, 0.976456529, 0.954666357, 0.800137583, 0.241658921, 0.0680373141;0.316904138, 0.266794549, 0.5059258, 0.77772791, 0.858322939, 0.844864085, 0.359675561, 0.687234343, 0.312834198, 0.0609055432, 0.701565266, 0.00982755257, 0.409182587, 0.329379269, 0.693377539, 0.766245473, 0.304094636;0.811627014, 0.293916761, 0.44632636, 0.727018527, 0.692920229, 0.987368472, 0.225161024, 0.662317914, 0.609681908, 0.915098454, 0.156362142, 0.751798164, 0.568268616, 0.27466587, 0.474434914, 0.333776597, 0.579313403;0.889000611, 0.569304984, 0.631722418, 0.518747847, 0.0511655064, 0.232858557, 0.492001729, 0.310235284, 0.181763598, 0.504132842, 0.322809793, 0.258107643, 0.463985417, 0.133284258, 0.927745733, 0.867702098, 0.707620586;0.106213828, 0.775877254, 0.807957328, 0.767764618, 0.113965887, 0.643907957, 0.834324796, 0.577353401, 0.646407375, 0.458363479, 0.52870732, 0.0343768584, 0.638963022, 0.0814472129, 0.435014594, 0.292655098, 0.54542795;0.133416336, 0.691643402, 0.795011537, 0.16335445, 0.104313087, 0.145515483, 0.877127562, 0.528189262, 0.467260996, 0.106711819, 0.649556007, 0.867999592, 0.828185869, 0.626054709, 0.0752787167, 0.112397027, 0.0493089871;0.257479216, 0.135661467, 0.26004804, 0.385058056, 0.942982784, 0.61037606, 0.834973786, 0.710351501, 0.112503131, 0.735920406, 0.275098882, 0.639107847, 0.340961974, 0.997672263, 0.263551479, 0.279130471, 0.930672256;0.0246444046, 0.696688988, 0.725326391, 0.836378577, 0.974439311, 0.975601919, 0.0652767576, 0.821839323, 0.646309934, 0.647342134, 0.128349927, 0.650187166, 0.982482581, 0.91181857, 0.439130661, 0.0399479733, 0.36229349]
kparam1_size = 10
km_test = [0.18673416, 0.27842365, 0.30597915, 0.365397192, 0.0934489076, 0.255215561, 0.375516535, 0.384965451, 0.260177723, 0.332541214, 0.224475441, 0.245917546, 0.431102767, 0.1971456, 0.264016935, 0.124172904, 0.401788366;0.25179929, 0.26254141, 0.211018153, 0.205835509, 0.0653705193, 0.149353581, 0.193293044, 0.205730126, 0.229824439, 0.0997999499, 0.322792157, 0.141331016, 0.403118501, 0.281969808, 0.483016237, 0.136863977, 0.186179792;0.0805163415, 0.420774159, 0.315351398, 0.164934884, 0.126423362, 0.234698388, 0.16424651, 0.278022881, 0.456052044, 0.182271086, 0.124908285, 0.167264715, 0.332234619, 0.370082321, 0.1027876, 0.0937678245, 0.14457039;0.0307261695, 0.28181223, 0.458464957, 0.126267073, 0.146710802, 0.140155061, 0.134224678, 0.3108578, 0.203889173, 0.198878253, 0.0953645886, 0.159203622, 0.335769545, 0.326678871, 0.0378247573, 0.0966357621, 0.107916803;0.271691129, 0.253132357, 0.262988271, 0.285979223, 0.0893799051, 0.154375198, 0.365025013, 0.346095457, 0.272970052, 0.121125863, 0.491313466, 0.254134174, 0.40222164, 0.173269108, 0.531184933, 0.192304667, 0.172395964;0.0961468026, 0.104653822, 0.270829414, 0.196545712, 0.355242214, 0.278433736, 0.0495830836, 0.397485761, 0.142534001, 0.264195214, 0.0566982949, 0.135078025, 0.355661699, 0.340987924, 0.133605635, 0.164811336, 0.155567235;0.071030606, 0.141694854, 0.128001066, 0.0779752056, 0.0351913951, 0.0746233667, 0.172253695, 0.147497403, 0.311753121, 0.0682600787, 0.139715165, 0.177869195, 0.169596043, 0.0563959072, 0.0667383982, 0.0452134498, 0.035972576;0.135181621, 0.463494144, 0.347764571, 0.467205452, 0.116060316, 0.386270234, 0.180495622, 0.295359409, 0.610665031, 0.142967915, 0.235877269, 0.100370416, 0.253703786, 0.0986194617, 0.275833414, 0.176421399, 0.137394885;0.135246882, 0.570096409, 0.425336609, 0.31307137, 0.11801174, 0.336375995, 0.123347414, 0.300004721, 0.476243437, 0.414659898, 0.084770861, 0.249001459, 0.369696264, 0.216676407, 0.128089132, 0.117434675, 0.225241387;0.341279779, 0.195628026, 0.232110683, 0.42991755, 0.119504057, 0.263626527, 0.259736057, 0.378549947, 0.296362749, 0.326469497, 0.284510407, 0.318302651, 0.335284203, 0.107810552, 0.360666584, 0.180443789, 0.313373227;0.108286458, 0.374111107, 0.279932106, 0.132725768, 0.0544792553, 0.0887972931, 0.0802649026, 0.14768722, 0.297877808, 0.0719809283, 0.144047098, 0.0941406726, 0.274509197, 0.149726309, 0.19229537, 0.150535777, 0.0616592018]
kparam0_width = 1.2
data_class = 'rand'
accuracy = 1e-08
