name = 'Combined'
km_train = [2.98822967, 1.05500554, 1.06196709, 1.02387143, 0.998357822, 0.980298828, 1.00395745, 1.06326677, 1.08090126, 0.999929295, 1.02200716;1.05500554, 3.00460726, 1.06822291, 1.02072605, 1.05760999, 1.00987086, 1.02788139, 1.12078836, 1.0372824, 0.99806588, 1.06676341;1.06196709, 1.06822291, 3.03650115, 1.08798104, 1.08249385, 0.999095202, 1.05550971, 1.03790643, 1.04071619, 1.00358845, 1.02078871;1.02387143, 1.02072605, 1.08798104, 3.01193639, 1.05376979, 0.996377849, 1.03451325, 1.01509512, 1.09342588, 1.01320113, 1.00622323;0.998357822, 1.05760999, 1.08249385, 1.05376979, 2.98994575, 0.969419375, 1.00428399, 1.04387533, 1.05145258, 0.996067021, 1.03154094;0.980298828, 1.00987086, 0.999095202, 0.996377849, 0.969419375, 2.95805836, 1.0217233, 0.984414195, 1.03708141, 1.00059505, 1.0046978;1.00395745, 1.02788139, 1.05550971, 1.03451325, 1.00428399, 1.0217233, 3.01583334, 1.06215484, 1.0379431, 1.00394543, 1.00059028;1.06326677, 1.12078836, 1.03790643, 1.01509512, 1.04387533, 0.984414195, 1.06215484, 3.0131812, 1.0717015, 1.04209653, 1.05045787;1.08090126, 1.0372824, 1.04071619, 1.09342588, 1.05145258, 1.03708141, 1.0379431, 1.0717015, 3.03712844, 1.07824801, 1.02550054;0.999929295, 0.99806588, 1.00358845, 1.01320113, 0.996067021, 1.00059505, 1.00394543, 1.04209653, 1.07824801, 2.96164655, 0.971957158;1.02200716, 1.06676341, 1.02078871, 1.00622323, 1.03154094, 1.0046978, 1.00059028, 1.05045787, 1.02550054, 0.971957158, 2.98293189]
subkernel1_data_class = 'dna'
subkernel2_feature_class = 'string'
subkernel0_kparam1_degree = 3
subkernel0_name = 'FixedDegreeString'
feature_type = ''
subkernel1_data_train = ['TAATCCTTTCTGAGTACGTAAAATATCTTAAGACAATAAATGTGGCACGTAGTCTGCCGC', 'CGTTGTAATTGATCTCAGACGCGTTCCCCCGGGCAGGGGGATTGGGTCCGGAAGGTGCCT', 'CATATACTTCCGGTCCCGTTGAAGATCAACCTAATTGACGGAGGAAGCCAGAGCGACTGT', 'CGCTGCGTTACCAATAGGCGTTACATTGCCAGGATAAAGTCCGGACATTGCCGTCTGCAG', 'TCTTATTCTAGTATCGCGACCGAACCGTATGACAGTAATTGTGATCAGCACGGGGGTCAG', 'GAGAGGAGTCGATCGGTACTTGTAGCGTCACTATAAGGTCTATTGTGAATATTTCCAACT', 'GTTATTGCGCATCTGCGGCCTGCGATGGCAATAGCGTCCCTACAGGCGGGTAAATAAGAG', 'GCCAAGAGGCCTTTGCGCTGAAATTAAGATGTGCTCATAAAGGGGTCCGGGGGAAGTTCG', 'TTGGGGTTTCAGATTCACAGCCCCCCCTTTTTTGTGGGCAGCATGTTTGGTATCATTGTC', 'ACGCGGCCGAGAACGTTGTCGTCCGTTTTCATGCACGCAGCAATTGAAAGCATTCAACGG', 'AGGCCCTTCCATGGACCGGGCGATTTACCTTCGCATTTTAGCTCAATCGTCAGAGCGCCC']
subkernel2_data_train = ['AGTATATAACGATCAAGCGCTATGATCTCGCCAAGATCACCCTCGTAGACAGGCATAGTA', 'CATCTGTGTAATCCAAAGTACAGTGAACAAGCGTCGATGCAGTTCAGTGAGAAGATGTCG', 'GCAGCCGTGCTATACATGCAGTGAGTTGGCGAGATTGTCGCACCGTATCTCTCATTGCTC', 'ATCACCCGCGGTTTTCAGCCGTACGCGTAATTTGTCGGCTGTAAATCAGCCAAGTAAGAA', 'CGGAGCGCATCACCGCTTTCAGGAATTCCATCAAAATCGGAACTCCAGAATTCGCTTAGA', 'AGATGAAGAAGGCCGCTCGATGGATCGATAGACGGCGCACACCGCTGCTAAGACCCACTC', 'CACGAATGCCCCGGTAAGAAACTGTTCTAATGCAGATTCAGTCACTTTTAACACGTCTGG', 'GTAAGCCTTCGAACATGTTTACACAACTCTTAAGCCCCAGTGGGAGATACAGTTAACCTT', 'GCATTAAACTGTGCTGCTTAGCATATGTCGCGGCATCGTGTGCGCGGTGGGATGGTACGA', 'ATCAAACTAGACTCAAGGCAAGGAGCGTTCACAGGGACCGGCGGGACCGTGCTCAGAGTC', 'CGACGGGCAGATAGTAGCACATTGGATCTCAGCCCCTTCCCCCGCCTGGATGCTCCAAGA']
subkernel0_feature_type = 'char'
subkernel2_data_type = ''
subkernel0_data_test = ['AACATTAGCCGGATAAGGCATTGCATGTTACGATCATAGAAGGCCCCACGACGACGCAAT', 'GTTAAGACTGTGGACCCTCCCACAAACTCCGATGCGAGCTAGGACGTCTTTAGCTCAGCT']
subkernel1_kparam0_size = '10'
subkernel1_alphabet = 'DNA'
subkernel0_alphabet = 'DNA'
subkernel2_data_class = 'dna'
subkernel0_data_type = ''
subkernel2_accuracy = 1e-08
subkernel1_accuracy = 1e-10
subkernel1_data_test = ['ACCAGTGCGGGTGGCTGGATCTTCTGACTGTAGGGGTTGCCTTACAGAACCGGGTCGCTT', 'TCTCCACGTGTTACAGTAGGGCCAAAGATGGCGTACTAACAGATTGGTATTGGACTATAA']
subkernel2_alphabet = 'DNA'
subkernel0_accuracy = 1e-09
subkernel0_seqlen = 60
subkernel2_feature_type = 'char'
subkernel2_name = 'LinearString'
subkernel1_kparam1_degree = 3
subkernel1_kparam2_inhomogene = 'True'
subkernel0_data_train = ['GCACCGTGCACTCTCAATCTAAACCCACCACTTATTGTAAAGTGCACTAACCTTCTTGGG', 'GCCGCTACGGGGGTTACAGTCAGAAATTTGAGGTCGGAACGGGGCGCTACAAAGTTTGGC', 'AGGGATGCGGAAGAGTATATTAGCGGGCCGACGACGTTACACGGCAGGTACTAGATGCAT', 'AATCGGTATCTAAACCATGGCCTCCGGGCAACGTTGAGGGTGTACGTTGGTACCATGCCG', 'CGAGTTACACGGGCCTAACGTTCGTTGCCGAAACTGATTGTGGGGCGATAGGGTCGGGCC', 'TATAACCAGACGCACTCTGTATTAATGGGGTCGTCCAATCAATTAGGGGTACTGTCAAAT', 'ACAAAATATTAGATGGCTTACAGCTATGTTCGAGCAACACTCGAAGGTCCGTTGAAATAT', 'TCATGAGGTGGGGCAGGGCTAACCCCTTTGGGAGTTCCACGGAAGGGCAGATCGCTCGGG', 'TGTAGAAGCATCCAAGAATGCATATTGCGTTCGTTCCGGGGGAATGTTAACGGCAGAAGG', 'GACTATCACTGAGTATGCTTAATGCACACGCATCTGCCCGGGAACTCAGACATCTGAATG', 'AACCGCTTGGGGGACATTCGTCTAGAATCAGCACGCACGGAATTGGATATGGTAACCATG']
subkernel0_feature_class = 'string'
subkernel0_data_class = 'dna'
accuracy = 1e-08
data_type = ''
subkernel1_data_type = ''
subkernel2_data_test = ['TTAGTTCGATTCAGGAACACGCCTTACGTTAAGACTCATTTCGTAGCCTCTGGGAACAAC', 'ATCCACTCCGTCCTGAACACTAGCTGAGATTCCCGCCCAGAGAAGTTAATCATTTTTAAG']
subkernel2_seqlen = 60
subkernel1_name = 'PolyMatchString'
subkernel1_seqlen = 60
subkernel1_feature_class = 'string'
subkernel2_kparam0_size = '10'
subkernel0_kparam0_size = '10'
km_test = [1.0137695, 1.00519186;1.02395763, 1.0202476;1.02097353, 1.02102169;1.02067241, 1.08058858;1.06058214, 1.00752654;1.00938469, 1.03643302;1.05554237, 1.01429949;1.03391695, 1.0193019;1.04402642, 1.02187888;1.00965273, 1.01816188;1.05225884, 1.0334174]
subkernel1_feature_type = 'char'
feature_class = ''
data_class = ''
