name = 'Combined'
km_train = [3.00298144, 1.01716274, 1.05512311, 1.02197538, 1.00640528, 1.06445439, 0.989776065, 1.00588959, 1.0125473, 1.00362792, 1.02299725;1.01716274, 3.0284612, 1.04272847, 1.04061769, 1.05815319, 1.05405764, 1.06315967, 1.05003991, 1.01777423, 1.04256906, 1.05553903;1.05512311, 1.04272847, 3.02300377, 1.01009023, 1.02582356, 1.03397077, 1.0468415, 1.0102753, 1.06628874, 1.03130411, 1.0273969;1.02197538, 1.04061769, 1.01009023, 2.9804927, 0.999871074, 1.03886592, 1.01430409, 1.01776537, 1.04638798, 0.988487146, 1.03220248;1.00640528, 1.05815319, 1.02582356, 0.999871074, 2.9681415, 1.03345647, 0.99022154, 0.993081415, 1.00896712, 1.0246145, 1.00546052;1.06445439, 1.05405764, 1.03397077, 1.03886592, 1.03345647, 3.02392507, 1.01981728, 1.02756645, 1.00632145, 1.04874241, 1.01852117;0.989776065, 1.06315967, 1.0468415, 1.01430409, 0.99022154, 1.01981728, 2.98862768, 1.00754332, 1.00670279, 1.0478942, 0.996013521;1.00588959, 1.05003991, 1.0102753, 1.01776537, 0.993081415, 1.02756645, 1.00754332, 2.99768395, 1.00319273, 1.0095454, 1.01320873;1.0125473, 1.01777423, 1.06628874, 1.04638798, 1.00896712, 1.00632145, 1.00670279, 1.00319273, 2.98302629, 0.998618826, 1.05256469;1.00362792, 1.04256906, 1.03130411, 0.988487146, 1.0246145, 1.04874241, 1.0478942, 1.0095454, 0.998618826, 2.99308064, 1.05313917;1.02299725, 1.05553903, 1.0273969, 1.03220248, 1.00546052, 1.01852117, 0.996013521, 1.01320873, 1.05256469, 1.05313917, 3.01057578]
subkernel1_data_class = 'dna'
subkernel2_feature_class = 'string'
subkernel0_kparam1_degree = 3
subkernel0_name = 'FixedDegreeString'
feature_type = ''
subkernel1_data_train = ['AGGATACAATAAGCTACTTCCCATGAACGGTCTCCAATATCTGGTCATCAACATGTCGAT', 'TCGGAGAGGAGTGCGTTCTGGCAGAATATTGTTCTCTTGTAACCCCTCCCGGCACTGTCG', 'CCCCTATAGCTGGCTATTGGACTTGACGCCAGAATAAACGATTGGGATGCGCACGACAGC', 'ACCAATGCAGCTTCGTCGTTGGGGAAGAATCAGAATGCGACGAAAATGAAGGAGTCTATA', 'TATGAATTCCACGAGATAGTGGGAGTGGAGAACGACGCCGCGGGTAGCCTGGTCTTGACT', 'TAACGGAGAGGGTCCGTGTGGAGCAGGAGGGATGTGCGTGACGTATGTAGCAATTCACAA', 'TCTCACATCACGAGGCCTCGGTGTCCCTTCTAAGGGGGCACTATATAATCTGACCAATCA', 'CTCAAGTGACACAACCCAAGCAGAAGCGTTCTGGCACTATAGTGCTGTAACTTGACTGCC', 'CATGTGTCTACTAGGAGTTTCACGGTCCCACATCCAGACGGAATAGTGCCGAATCTAGAT', 'GCGCTTTCCCCCCTCCTCCAGAAAGACTCAGATATCACGTACGGTGCTATCTAACCATAC', 'CACACTAATTACCTTTGCGCGAGGAATACATTGGGCAAGAGACTCAACAGAGGACCGGTG']
subkernel2_data_train = ['CGGTGACGACATCGCTAGGCTAACGGAGCTGTATGGTCATATGTCAGCTTAGACGACTCT', 'ACAACTTTGGGGCTTGTCAGCAGTAGGGTGTGTATTGACCATCGTGTAGCAGCTCTTACA', 'TAATACGATAATCGTTTTATACCTTCAACCTCTCCTGAAGTTTGTTACCAAGGAACCTAC', 'AACCATTTCGATAAGGTCATGGAAACTCCAAGGATCCGTCATCCCGTCCTGTAGGGGAGA', 'GCTGCAAATAGTGGTCGCCATCGGACTCGGAAGGCTTGGGGGTAGCCTCACAGAGACAAG', 'AAAACCAGCAATTGGCCTCGATGACATATTTAATCTAACTATGATATTTTCCGTTACTGC', 'CAATGGACCATGCCAGCCTGTCTACGTTAGCCATACCCTGAGAAAGAATGCTGTCTGCTG', 'AGCCTGATAGCGTGCTCAGTCACTTCAGAGTTGGCCTTATCGCACCCCCGAGAAGTTATA', 'GAACACTACGTCCGCGCCGTGTTCCTGACACCTGTTGGCAACATATCGTAAACGGGGTCA', 'GTAGATCCGACGGTCGGCGGTCGATAATTTCAGAATATCCGGGCATGAGTTGCCAAACAT', 'TGAGCCCCCCATTTCCACAGATCGGCCGTGTGTTCCCTAGATGGCAACATTAGTTTAATA']
subkernel0_feature_type = 'Char'
subkernel2_data_type = ''
subkernel0_data_test = ['GCGACATATGGGGGTGACGACGGGCCTTCCGCCTAGCCGCTGCGCAATCACGTTCGGTCC', 'ATGCGCCTCCTGAAAGCATGAGGACTCGCAACAATTTTATATTGTGCCGAGTATTTTGTT']
subkernel1_kparam0_size = '10'
subkernel1_alphabet = 'DNA'
subkernel0_alphabet = 'DNA'
subkernel2_data_class = 'dna'
subkernel0_data_type = ''
subkernel2_accuracy = 1e-08
subkernel1_accuracy = 1e-10
subkernel1_data_test = ['GAGGTCCGGCGGAATGTCCCTTTTTTCTTAGCGGCTGGAATGCCACGGCTTGAGTACGTG', 'AATGGCTACCTTATTACCTATCGCGTTTAGACGCGTAGCAATTTTACGCCCGGACGGAGA']
subkernel2_alphabet = 'DNA'
subkernel0_accuracy = 1e-09
subkernel0_seqlen = 60
subkernel2_feature_type = 'Char'
subkernel2_name = 'LinearString'
subkernel1_kparam1_degree = 3
subkernel1_kparam2_inhomogene = 'True'
subkernel0_data_train = ['CCCAACGCGTGTTGTTAAGTGCTCGAGCTTAGGGTTAACTCTCTAGCATGCCAACCATTG', 'AGCACCGTCACCTAATCGAGCAAGAAGTGTTTTTGGAAACTCGTGGACGCCAGGTCGAGA', 'TAACTGGCCCACAGTAGAGCTTAATATGATTTGGAGGACATGGGTGGGGACTGCGTCAAC', 'GCCAGCTCCCGTGAATTTACCGGCAGGACCGGGTACTACCACATAGGCCACGTAGATCCG', 'TGGCGGGATGGCCTAATTGTTGCCTCCGCTTTTTCCGTTTCTGAAAGCGAAGACTGAAAA', 'TGGCTACGACCAAATCGTCCCCTTCCTTGTGGGGAAAGCTAATATTCATGTCGGGCACGA', 'AGTTCCGGGTAGATGGGTTCATCAGATAAACATCGGCACACAGGTTACGGACAGTCTCCG', 'CATGTCTTCACGAAGACAATTCAACTGGACTGGTCACGAGGACTGCGGCTCCGTTCTATC', 'GCTGTGCGGCTTATAGTGCGACAGTGTGCTCTATACGGTTACATTGGACTTGTGCTCAAT', 'TTTTCCAGACGCATGAAATGTATTGCCGCGGGCGGGACACCACGAACGCCGCTGACCGCT', 'AAAGCCCACGCATTAAACCAGGTCCTTTCGGGAACAGACGACAATACACTTTTCCCAGTC']
subkernel0_feature_class = 'string'
subkernel0_data_class = 'dna'
accuracy = 1e-08
data_type = ''
subkernel1_data_type = ''
subkernel2_data_test = ['AAGTCTCGTTGACGAAATAAATGGGATTAGTAATGCTTTCCGCAGTGGACTCTGATCCCC', 'AATTCTGCGGTCGAAATTTGCACCTGAAACTGTCCATTAGCGTGGAAAAGGATACACCCC']
subkernel2_seqlen = 60
subkernel1_name = 'PolyMatchString'
subkernel1_seqlen = 60
subkernel1_feature_class = 'string'
subkernel2_kparam0_size = '10'
subkernel0_kparam0_size = '10'
km_test = [1.00920052, 1.00071356;1.02609096, 1.00915253;1.01399463, 1.03734514;1.08311194, 0.986046401;1.03038873, 1.06101403;1.05252231, 0.997033991;1.0218243, 1.00061389;1.00839118, 1.02100975;1.00077124, 0.998496171;1.00421006, 1.03134832;1.03067264, 1.01613974]
subkernel1_feature_type = 'Char'
feature_class = ''
data_class = ''
