name = 'Combined'
subkernel1_kparam0_size = '10'
alphabet = 'DNA'
subkernel2_data_type = ''
accuracy = 1e-08
data_type = ''
km_train = [2.99326083, 1.04659534, 1.01893875, 1.04606661, 1.03426925, 1.05517298, 1.0025388, 1.04496229, 1.0608123, 1.03762382, 1.01997688;1.04659534, 3.02499979, 1.04538344, 1.02092755, 0.99442187, 1.01912618, 1.03929592, 1.04223038, 1.05444086, 1.08592596, 1.03128571;1.01893875, 1.04538344, 3.02957597, 1.0576323, 1.08683701, 1.01505111, 1.06719329, 1.03591766, 1.00980752, 1.03348186, 1.11276762;1.04606661, 1.02092755, 1.0576323, 2.97573551, 1.00758283, 0.982095812, 0.99542066, 1.03060055, 0.987523049, 1.01194279, 1.03680894;1.03426925, 0.99442187, 1.08683701, 1.00758283, 2.97076478, 0.994721996, 0.993283484, 1.02450384, 0.983279975, 0.987482175, 1.05407467;1.05517298, 1.01912618, 1.01505111, 0.982095812, 0.994721996, 2.97417347, 0.986362838, 1.03603947, 1.00733261, 1.01091112, 1.06719135;1.0025388, 1.03929592, 1.06719329, 0.99542066, 0.993283484, 0.986362838, 2.98736839, 1.05062763, 0.996983784, 1.04063176, 1.05472365;1.04496229, 1.04223038, 1.03591766, 1.03060055, 1.02450384, 1.03603947, 1.05062763, 3.0435406, 1.01294888, 1.07151807, 1.07524875;1.0608123, 1.05444086, 1.00980752, 0.987523049, 0.983279975, 1.00733261, 0.996983784, 1.01294888, 2.95276082, 0.994706013, 1.00968582;1.03762382, 1.08592596, 1.03348186, 1.01194279, 0.987482175, 1.01091112, 1.04063176, 1.07151807, 0.994706013, 3.01645867, 1.0316421;1.01997688, 1.03128571, 1.11276762, 1.03680894, 1.05407467, 1.06719135, 1.05472365, 1.07524875, 1.00968582, 1.0316421, 3.03136117]
subkernel1_data_type = ''
subkernel1_data_class = 'dna'
subkernel1_name = 'PolyMatchString'
subkernel2_data_class = 'dna'
feature_class = 'wordstring'
subkernel2_feature_class = 'string'
seqlen = 60
subkernel0_data_type = ''
subkernel1_data_test = ['CGACGAAAATGAAGGAGTCTATATATGAATTCCACGAGATAGTGGGAGTGGAGAACGACG', 'GGAAGCTAACAAGAGCACTCTATAGGTCAATGTACATGTCGGCTTTGCCTAGGGTCCACC']
subkernel2_feature_type = 'char'
gap = 0
subkernel0_kparam1_degree = 3
feature_type = ''
subkernel2_name = 'LinearString'
subkernel2_data_train = ['CTCAAACAGTTTAGCTCCACAGCGAGCGTGCATGAAGAGACTCCAGACCTCTACTCTCTT', 'GCATGCGGCCTCACGCAAAGGTTTGTGGAGCTTGGAATGGTTTGGTGCCATAAGAATATA', 'GAACGTCCCATATACATCCGGTACGAGGTCCGGCGGAATGTCCCTTTTTTCTTAGCGGCT', 'GGAATGCCACGGCTTGAGTACGTGCCGGGGCATAGAGCGTGGGACACTGCCGAAGTCGAC', 'TAAGAAGGAGCTGCCGCAAGGTCCGCCATCACGGTGAGCAAAGTCGGCACATTCTCATGC', 'GGTAACCCGCCTGTTTCGAGATAAAAAGCAAGTTAAGTCAAATTCAGCCCAGCAAGCACT', 'TACACCTTGCCTGATTAGCGAGAATCGGCCGCCGGAAGGATTTGGCAGCAAACAGTACGT', 'GTACAGATCTTTGCGGGCGCATTTTCCATCTATCGATACTTTGGTACCTAGCTAGCGCAG', 'CTTAGCCCGAAGCTTCCGGCCAATGAGCGCGAAACCGTACCTGTGAACAAAGCTCAACAA', 'ATTAAAATTTCCGGCTGGCATCATTTTGATGACCGCACGCATACACGCAAAATTGTGACT', 'TGACGCTCTTCTTGTCCCCAGCCTTCGCAATGGGGTCAATCTTTAAGAAGGTTCGCGAGG']
subkernel0_name = 'FixedDegreeString'
reverse = 'False'
subkernel1_data_train = ['TGTAGCATCGATAAATATATACGATTACGTTATTCAAGCATTTGTAGGAATGCCCCGAAC', 'GCCGGGAACGCAGTTCGACGTCGCCTAGTTGAACCGTGTATGTAGAGTGCTTGGAACTGG', 'CCATCGAAAATGTAAGCTCCTGTTGCGACATATGGGGGTGACGACGGGCCTTCCGCCTAG', 'CCGCTGCGCAATCACGTTCGGTCCACGGCCTGGCCATGAACTCCGCTGGTTGATTACGAG', 'GCTAAGCGGTGTAACCTAGATACATCCATCAGGAATGACCGGAAGTACCTTCCACGAGTT', 'CTATCACTTACAGAGGGTCACACACGATGTGATAATCAGTTTCAAGATTTCAGGTCCTCG', 'AGAGGATGACATTTTGGCATTTGTCAGGCATGCGCCACTTCTGTGGAAAATTCGCTTTCG', 'CAAGTCTAGCAAGTCAGAGCCTCTTGAGTTCCTGCTGTGCACTGTCTCTGCGGAGAGAAC', 'GCGTGGCGGACGATGATCCAAAGCCACGGACGGACGCGTAGAGCGCCATAATCGGGGAGA', 'CAGGTTTAGGCGCTTGGCTTCCATTGAAGTACGCTCTCTAGAGTCAAAAGGAAAAGACAG', 'CGGGTGGCGCACTCGCGTTCCTCCTACTGCCGACCGGACTGTTTAGATTGTGCCCATAGT']
subkernel1_feature_class = 'string'
subkernel2_kparam0_size = '10'
subkernel1_kparam1_degree = 3
subkernel0_kparam0_size = '10'
subkernel0_feature_type = 'char'
order = 3
subkernel1_kparam2_inhomogene = 'True'
km_test = [1.02507151, 1.03807829;1.03045812, 1.06453382;1.05404013, 1.04066155;0.996008695, 1.05405215;0.983297599, 1.00750307;1.01657566, 1.01593741;1.11462395, 1.01862474;1.06952856, 1.07257561;1.00342351, 0.993923373;1.03928645, 1.02845701;1.02750251, 1.02655885]
subkernel1_feature_type = 'char'
subkernel0_data_train = ['CCTTAAAATTAGGCTTCCTTAGCCTCTGCGTAACCAGAAGACTTCTCAAAAGTCAAAGAT', 'GCGATCCCGTGCGTTGTACTGTTCATTTTCTAGAGGGTATGACCTGCTACCCGAAAATGA', 'AAAAGAGTATACGCAGGAGCAAAGTAGCCGCGAAAAACATTATGTCGACAGCACCTCCTA', 'TAGAAAGCCCCGACTAGAGTAAATCAATAGGCAGCAGATGGGCTCTATGATCGCGAACTG', 'AAAAGAAAAGTGCATCGAGAAATGAGTGCAAACTCGGGCTTTCCGATAAACGAATGACGA', 'AACGGGGAGCCAGGATCCTTATTGAATGATGTTTCAAACAGCTATTTTTCTTCACCATCA', 'TCTGTTGAATATTCGTAGACTTGACGAGTCTGCTTGGGATTCATAGGGTTTGAGCACATG', 'TACGCCAGAGTCCCTTAGTTTTTATTAGAACCACGGTCAAGGCAACGTAGAAGGCAGCGA', 'ATTAGGATAACTGCTTCCTCTGGGATTACCATGTTAACCGAAGTGACGACCATAGCCACA', 'TGTGTCTAGACATTTGTCTTTGCCCAAGGCGACGGTTAGAACCCTCGCAAGGTTATTAGT', 'CTTGGGGAAGAGTGCGAGCAAAAAATGCTGCGAAATGTCTGGAATACAGCGTTAACTTAA']
subkernel0_feature_class = 'string'
subkernel2_data_test = ['GTCATCCCGTCCTGTAGGGGAGAGCTGCAAATAGTGGTCGCCATCGGACTCGGAAGGCTT', 'TTAATGACCGGTCGGCATTCGAGGGTGCTACCCTCTGCTAAGCAGGCTGTAGTGGCACCT']
subkernel0_data_test = ['ACCACATAGGCCACGTAGATCCGTGGCGGGATGGCCTAATTGTTGCCTCCGCTTTTTCCG', 'ATCCAAGCCGTAGATGTAACCATACTCTACAATAGCCTAGTGTACCGTCGAGCTGCAAAC']
subkernel0_data_class = 'dna'
data_class = ''
