name = 'Combined'
subkernel1_kparam0_size = '10'
alphabet = 'DNA'
subkernel2_data_type = ''
accuracy = 1e-08
data_type = ''
km_train = [3.04940952, 1.03733668, 1.04259619, 1.03532218, 1.03828471, 1.07046498, 1.0330156, 1.03794582, 1.01930306, 1.02246604, 1.0766206;1.03733668, 2.99131859, 1.01640373, 1.02859473, 1.06794708, 1.02455394, 0.988777073, 1.01232321, 1.01680272, 1.01847648, 1.04355587;1.04259619, 1.01640373, 3.03734808, 1.05176321, 1.05721587, 1.03140909, 1.05365078, 1.01332604, 1.01340081, 1.07310168, 1.07216493;1.03532218, 1.02859473, 1.05176321, 2.98363847, 1.036919, 1.00924245, 1.03661738, 1.02483324, 1.04572444, 0.993036254, 1.03518384;1.03828471, 1.06794708, 1.05721587, 1.036919, 3.01506996, 1.03554888, 1.01132991, 0.984862016, 1.009546, 1.02964646, 1.03230844;1.07046498, 1.02455394, 1.03140909, 1.00924245, 1.03554888, 3.01960181, 1.04801899, 1.07723166, 1.00546657, 1.05753606, 1.02597583;1.0330156, 0.988777073, 1.05365078, 1.03661738, 1.01132991, 1.04801899, 2.96628293, 0.998240594, 0.972725663, 0.985987068, 1.02090353;1.03794582, 1.01232321, 1.01332604, 1.02483324, 0.984862016, 1.07723166, 0.998240594, 2.96136035, 0.985372557, 0.983873546, 1.01484253;1.01930306, 1.01680272, 1.01340081, 1.04572444, 1.009546, 1.00546657, 0.972725663, 0.985372557, 2.96473602, 0.976924421, 1.02638233;1.02246604, 1.01847648, 1.07310168, 0.993036254, 1.02964646, 1.05753606, 0.985987068, 0.983873546, 0.976924421, 2.97780311, 1.04088321;1.0766206, 1.04355587, 1.07216493, 1.03518384, 1.03230844, 1.02597583, 1.02090353, 1.01484253, 1.02638233, 1.04088321, 3.03343115]
subkernel1_data_type = ''
subkernel1_data_class = 'dna'
subkernel1_name = 'PolyMatchString'
subkernel2_data_class = 'dna'
feature_class = 'wordstring'
subkernel2_feature_class = 'string'
seqlen = 60
subkernel0_data_type = ''
subkernel1_data_test = ['TATCTGGTCATCAACATGTCGATTCGGAGAGGAGTGCGTTCTGGCAGAATATTGTTCTCT', 'CTGCACCACCGGGAAGCATTGATGTTTGAGGGAATGTTGGTGGACGCACAACTGAAGCTG']
subkernel2_feature_type = 'char'
gap = 0
subkernel0_kparam1_degree = 3
feature_type = ''
subkernel2_name = 'LinearString'
subkernel2_data_train = ['TGTCAACTTACAAAACTTTAATGTACATCATTTGTGTGATCATTGCGTGGCGACTAGTTC', 'ACGCAATGTACTTTTCTTAAACATTCCACGAATACTGACACACGTCTTAGCCCCATGCAC', 'AAATTGCCGTGAAATTCATCACTCGTTACGGAGTAAGGATTTGTATTCTTGCTGCAGTCC', 'CTCAAACAGTTTAGCTCCACAGCGAGCGTGCATGAAGAGACTCCAGACCTCTACTCTCTT', 'GCATGCGGCCTCACGCAAAGGTTTGTGGAGCTTGGAATGGTTTGGTGCCATAAGAATATA', 'GAACGTCCCATATACATCCGGTACGAGGTCCGGCGGAATGTCCCTTTTTTCTTAGCGGCT', 'GGAATGCCACGGCTTGAGTACGTGCCGGGGCATAGAGCGTGGGACACTGCCGAAGTCGAC', 'TAAGAAGGAGCTGCCGCAAGGTCCGCCATCACGGTGAGCAAAGTCGGCACATTCTCATGC', 'GGTAACCCGCCTGTTTCGAGATAAAAAGCAAGTTAAGTCAAATTCAGCCCAGCAAGCACT', 'TACACCTTGCCTGATTAGCGAGAATCGGCCGCCGGAAGGATTTGGCAGCAAACAGTACGT', 'GTACAGATCTTTGCGGGCGCATTTTCCATCTATCGATACTTTGGTACCTAGCTAGCGCAG']
subkernel0_name = 'FixedDegreeString'
reverse = 'False'
subkernel1_data_train = ['CGATGACCATTCCGGATAATACGGTCGACCTTCATGATTACAAGCCTTGCACGGAAGAGA', 'TCCGAGCACGAGGATTGTATCCTATCTTTTTATAATGGGCGGAAGATGGCGTGTCCTCTC', 'GGTGGGGGCCATTCCAGTGGATGACACCCTACAGCTGTTACTCCAATGCATTCGCACGAA', 'TGTAGCATCGATAAATATATACGATTACGTTATTCAAGCATTTGTAGGAATGCCCCGAAC', 'GCCGGGAACGCAGTTCGACGTCGCCTAGTTGAACCGTGTATGTAGAGTGCTTGGAACTGG', 'CCATCGAAAATGTAAGCTCCTGTTGCGACATATGGGGGTGACGACGGGCCTTCCGCCTAG', 'CCGCTGCGCAATCACGTTCGGTCCACGGCCTGGCCATGAACTCCGCTGGTTGATTACGAG', 'GCTAAGCGGTGTAACCTAGATACATCCATCAGGAATGACCGGAAGTACCTTCCACGAGTT', 'CTATCACTTACAGAGGGTCACACACGATGTGATAATCAGTTTCAAGATTTCAGGTCCTCG', 'AGAGGATGACATTTTGGCATTTGTCAGGCATGCGCCACTTCTGTGGAAAATTCGCTTTCG', 'CAAGTCTAGCAAGTCAGAGCCTCTTGAGTTCCTGCTGTGCACTGTCTCTGCGGAGAGAAC']
subkernel1_feature_class = 'string'
subkernel2_kparam0_size = '10'
subkernel1_kparam1_degree = 3
subkernel0_kparam0_size = '10'
subkernel0_feature_type = 'char'
order = 3
subkernel1_kparam2_inhomogene = 'True'
km_test = [1.04527047, 1.0448408;1.0404176, 1.03156169;1.09903155, 1.05473056;1.04589051, 0.993464161;1.02817115, 1.08258614;1.07486222, 1.02623244;1.0185753, 1.01091104;0.99804441, 0.992246239;1.03313422, 0.996655763;1.06123662, 0.994780839;1.04471881, 1.04040985]
subkernel1_feature_type = 'char'
subkernel0_data_train = ['CGAAGATACCGCCAGGATCGAACCGTTGAACTCAATAGTCTCCGTATTGAACTCACTGTT', 'TCATACATGCTCCGATATGACGACAGGGGTCTCTGATCGTGAGAAGGGCGGACTTTGACG', 'TTACTCTATGGATGCTTGTGTCGCCATATGAGGGTCATCAGGTGCCAATCCACGCGGAAT', 'CCTTAAAATTAGGCTTCCTTAGCCTCTGCGTAACCAGAAGACTTCTCAAAAGTCAAAGAT', 'GCGATCCCGTGCGTTGTACTGTTCATTTTCTAGAGGGTATGACCTGCTACCCGAAAATGA', 'AAAAGAGTATACGCAGGAGCAAAGTAGCCGCGAAAAACATTATGTCGACAGCACCTCCTA', 'TAGAAAGCCCCGACTAGAGTAAATCAATAGGCAGCAGATGGGCTCTATGATCGCGAACTG', 'AAAAGAAAAGTGCATCGAGAAATGAGTGCAAACTCGGGCTTTCCGATAAACGAATGACGA', 'AACGGGGAGCCAGGATCCTTATTGAATGATGTTTCAAACAGCTATTTTTCTTCACCATCA', 'TCTGTTGAATATTCGTAGACTTGACGAGTCTGCTTGGGATTCATAGGGTTTGAGCACATG', 'TACGCCAGAGTCCCTTAGTTTTTATTAGAACCACGGTCAAGGCAACGTAGAAGGCAGCGA']
subkernel0_feature_class = 'string'
subkernel2_data_test = ['CATATGTCAGCTTAGACGACTCTACAACTTTGGGGCTTGTCAGCAGTAGGGTGTGTATTG', 'TAGTGAGGGTTGCGATACTGCCTCTATTACAGGGAAACGTGCTGTGCAGACGGGACGTGT']
subkernel0_data_test = ['ACTCTCTAGCATGCCAACCATTGAGCACCGTCACCTAATCGAGCAAGAAGTGTTTTTGGA', 'CAGTAGAGACTCGTTACATTGTGGATATTGACCCATGCCCGGTCTTATATCTTTTCACAG']
subkernel0_data_class = 'dna'
data_class = ''
