functionname = 'test_commwordstring'
kernelname = 'CommWordStringKernel'
data_train = ['CGCGGATAAGACCGAGTAGGGGGCTAAGCACGTTATCTTCTTTTAATGCCTTCGTATAGT', 'ATCTTAGTCCAGGCTTTTTGGGGTCTGACATGTATGCTATACTCCTTGTAAGGCGTTGCA', 'GAAGCCTGTTCTCAAAGCCAACACCGTATCGACCGCTGCACCCTGCGGACGTAAACTGTC', 'TCGGCACAGGCAATTGGCTTGAGTTATGTTCCGTGGTCTGTCGGTTTCAGGGCTCTGGTG', 'TAGGTATTGCCACTCCCACCGGTCTGGTACACCGATCCAGAGAAAATCATAAGTCCCCCT', 'ACTAGCTGCTGGTATGGTCAGGCCCCTACAGTACCTGGAACGGGTCTATGACTCTTGAGG', 'CTGGAAGTCCGTCGACAACGTATCAAGGAACTTATAAGGTATTGCCCAACGCGTGTTGTT', 'AAGTGCTCGAGCTTAGGGTTAACTCTCTAGCATGCCAACCATTGAGCACCGTCACCTAAT', 'CGAGCAAGAAGTGTTTTTGGAAACTCGTGGACGCCAGGTCGAGATAACTGGCCCACAGTA', 'GAGCTTAATATGATTTGGAGGACATGGGTGGGGACTGCGTCAACGCCAGCTCCCGTGAAT', 'TTACCGGCAGGACCGGGTACTACCACATAGGCCACGTAGATCCGTGGCGGGATGGCCTAA']
km_test = [0.515432395, 0.536110964;0.500802927, 0.571547607;0.528140138, 0.720576692;0.469044916, 0.420595512;0.463713017, 0.579434723;0.445528193, 0.422299883;0.486422803, 0.684006993;0.561360891, 0.616444714;0.496342306, 0.536110964;0.516538779, 0.494764254;0.234862538, 0.554338946]
data_test = ['ACCCTCGCAAGGTTATTAGTCTTGGGGAAGAGTGCGAGCAAAAAATGCTGCGAAATGTCT', 'AACTGTGCACCAAGGTTGCGTACTCGGACCAATCGCTCCTTATCCAAGCCGTAGATGTAA']
km_train = [1, 0.656599154, 0.485362672, 0.435203489, 0.379087698, 0.417968488, 0.500384912, 0.570114034, 0.459183673, 0.520946398, 0.53935406;0.656599154, 1, 0.402038077, 0.64624421, 0.452257711, 0.644707801, 0.543920083, 0.504975247, 0.454568645, 0.556967473, 0.460287309;0.485362672, 0.402038077, 1, 0.376543159, 0.537831591, 0.490653381, 0.64764842, 0.563133337, 0.524984114, 0.445012367, 0.442321864;0.435203489, 0.64624421, 0.376543159, 1, 0.396541252, 0.585799576, 0.463943204, 0.445131907, 0.520351997, 0.521647833, 0.465586448;0.379087698, 0.452257711, 0.537831591, 0.396541252, 1, 0.537037037, 0.457963926, 0.485912658, 0.515170462, 0.406919078, 0.540352237;0.417968488, 0.644707801, 0.490653381, 0.585799576, 0.537037037, 1, 0.457963926, 0.495440357, 0.48600987, 0.60541619, 0.513777537;0.500384912, 0.543920083, 0.64764842, 0.463943204, 0.457963926, 0.457963926, 1, 0.40392085, 0.637745475, 0.56101073, 0.357656445;0.570114034, 0.504975247, 0.563133337, 0.445131907, 0.485912658, 0.495440357, 0.40392085, 1, 0.450090027, 0.541267383, 0.446637301;0.459183673, 0.454568645, 0.524984114, 0.520351997, 0.515170462, 0.48600987, 0.637745475, 0.450090027, 1, 0.604297822, 0.437062773;0.520946398, 0.556967473, 0.445012367, 0.521647833, 0.406919078, 0.60541619, 0.56101073, 0.541267383, 0.604297822, 1, 0.47475011;0.53935406, 0.460287309, 0.442321864, 0.465586448, 0.540352237, 0.513777537, 0.357656445, 0.446637301, 0.437062773, 0.47475011, 1]
alphabet = 'DNA'
reverse = 'False'
order = 3
gap = 0
