name = 'CommWordString'
accuracy = 1e-09
reverse = 'False'
data_type = ''
km_train = [1, 0.518267489, 0.477252218, 0.409243777, 0.545776823, 0.396787697, 0.572702661, 0.440958552, 0.454620605, 0.529150262, 0.468487481;0.518267489, 1, 0.573491646, 0.331701736, 0.565716767, 0.360148289, 0.515170462, 0.505181486, 0.509259259, 0.702442828, 0.348638526;0.477252218, 0.573491646, 1, 0.330357143, 0.489689614, 0.359634168, 0.459183673, 0.361971328, 0.602652238, 0.505076272, 0.414151344;0.409243777, 0.331701736, 0.330357143, 1, 0.428478413, 0.589016217, 0.544642857, 0.559792868, 0.459279327, 0.380069895, 0.564642385;0.545776823, 0.565716767, 0.489689614, 0.428478413, 1, 0.451946146, 0.56262211, 0.507115446, 0.545867056, 0.618852748, 0.383534413;0.396787697, 0.360148289, 0.359634168, 0.589016217, 0.451946146, 1, 0.608611669, 0.669438681, 0.404068812, 0.365148372, 0.539640733;0.572702661, 0.515170462, 0.459183673, 0.544642857, 0.56262211, 0.608611669, 1, 0.622927402, 0.437408883, 0.484873221, 0.548991317;0.440958552, 0.505181486, 0.361971328, 0.559792868, 0.507115446, 0.669438681, 0.622927402, 1, 0.384900179, 0.408333333, 0.397276079;0.454620605, 0.509259259, 0.602652238, 0.459279327, 0.545867056, 0.404068812, 0.437408883, 0.384900179, 1, 0.586972774, 0.504608392;0.529150262, 0.702442828, 0.505076272, 0.380069895, 0.618852748, 0.365148372, 0.484873221, 0.408333333, 0.586972774, 1, 0.390919662;0.468487481, 0.348638526, 0.414151344, 0.564642385, 0.383534413, 0.539640733, 0.548991317, 0.397276079, 0.504608392, 0.390919662, 1]
data_train = ['CGAAGATACCGCCAGGATCGAACCGTTGAACTCAATAGTCTCCGTATTGAACTCACTGTT', 'TCATACATGCTCCGATATGACGACAGGGGTCTCTGATCGTGAGAAGGGCGGACTTTGACG', 'TTACTCTATGGATGCTTGTGTCGCCATATGAGGGTCATCAGGTGCCAATCCACGCGGAAT', 'CCTTAAAATTAGGCTTCCTTAGCCTCTGCGTAACCAGAAGACTTCTCAAAAGTCAAAGAT', 'GCGATCCCGTGCGTTGTACTGTTCATTTTCTAGAGGGTATGACCTGCTACCCGAAAATGA', 'AAAAGAGTATACGCAGGAGCAAAGTAGCCGCGAAAAACATTATGTCGACAGCACCTCCTA', 'TAGAAAGCCCCGACTAGAGTAAATCAATAGGCAGCAGATGGGCTCTATGATCGCGAACTG', 'AAAAGAAAAGTGCATCGAGAAATGAGTGCAAACTCGGGCTTTCCGATAAACGAATGACGA', 'AACGGGGAGCCAGGATCCTTATTGAATGATGTTTCAAACAGCTATTTTTCTTCACCATCA', 'TCTGTTGAATATTCGTAGACTTGACGAGTCTGCTTGGGATTCATAGGGTTTGAGCACATG', 'TACGCCAGAGTCCCTTAGTTTTTATTAGAACCACGGTCAAGGCAACGTAGAAGGCAGCGA']
feature_class = 'string_complex'
seqlen = 60
data_test = ['ACTCTCTAGCATGCCAACCATTGAGCACCGTCACCTAATCGAGCAAGAAGTGTTTTTGGA', 'CAGTAGAGACTCGTTACATTGTGGATATTGACCCATGCCCGGTCTTATATCTTTTCACAG']
gap = 0
feature_obtain = 'char'
kparam1_normalization = 2
kparam0_use_sign = 'False'
km_test = [0.561360891, 0.517932397;0.390635666, 0.61872363;0.50010003, 0.596284794;0.420084025, 0.447213595;0.510629606, 0.576223131;0.515209837, 0.423390197;0.530106032, 0.468509481;0.429063935, 0.307443661;0.57166195, 0.61872363;0.544581149, 0.706242011;0.547559811, 0.512569286]
alphabet = 'DNA'
data_class = 'dna'
order = 3
feature_type = 'word'
