name = 'CommUlongString'
accuracy = 1e-09
reverse = 'False'
data_type = ''
km_train = [1, 0, 0.0172413793, 0, 0.0166759336, 0, 0, 0.0333518673, 0.0484881138, 0.0862068966, 0.0820665205;0, 1, 0, 0, 0.0491869377, 0, 0.0166666667, 0.0491869377, 0.0158910432, 0.0508547628, 0.0484122918;0.0172413793, 0, 1, 0.0166759336, 0.0500278009, 0.0161627046, 0, 0, 0.0484881138, 0.0172413793, 0.0164133041;0, 0, 0.0166759336, 1, 0, 0.015632635, 0, 0, 0.015632635, 0, 0.0158750159;0.0166759336, 0.0491869377, 0.0500278009, 0, 1, 0, 0, 0.0967741935, 0.0937958099, 0.0667037346, 0.127000127;0, 0, 0.0161627046, 0.015632635, 0, 1, 0, 0.0937958099, 0.0303030303, 0, 0.0153864364;0, 0.0166666667, 0, 0, 0, 0, 1, 0, 0, 0, 0;0.0333518673, 0.0491869377, 0, 0, 0.0967741935, 0.0937958099, 0, 1, 0.03126527, 0.0166759336, 0.0476250476;0.0484881138, 0.0158910432, 0.0484881138, 0.015632635, 0.0937958099, 0.0303030303, 0, 0.03126527, 1, 0.080813523, 0.107705055;0.0862068966, 0.0508547628, 0.0172413793, 0, 0.0667037346, 0, 0, 0.0166759336, 0.080813523, 1, 0.0492399123;0.0820665205, 0.0484122918, 0.0164133041, 0.0158750159, 0.127000127, 0.0153864364, 0, 0.0476250476, 0.107705055, 0.0492399123, 1]
data_train = ['CGAAGATACCGCCAGGATCGAACCGTTGAACTCAATAGTCTCCGTATTGAACTCACTGTT', 'TCATACATGCTCCGATATGACGACAGGGGTCTCTGATCGTGAGAAGGGCGGACTTTGACG', 'TTACTCTATGGATGCTTGTGTCGCCATATGAGGGTCATCAGGTGCCAATCCACGCGGAAT', 'CCTTAAAATTAGGCTTCCTTAGCCTCTGCGTAACCAGAAGACTTCTCAAAAGTCAAAGAT', 'GCGATCCCGTGCGTTGTACTGTTCATTTTCTAGAGGGTATGACCTGCTACCCGAAAATGA', 'AAAAGAGTATACGCAGGAGCAAAGTAGCCGCGAAAAACATTATGTCGACAGCACCTCCTA', 'TAGAAAGCCCCGACTAGAGTAAATCAATAGGCAGCAGATGGGCTCTATGATCGCGAACTG', 'AAAAGAAAAGTGCATCGAGAAATGAGTGCAAACTCGGGCTTTCCGATAAACGAATGACGA', 'AACGGGGAGCCAGGATCCTTATTGAATGATGTTTCAAACAGCTATTTTTCTTCACCATCA', 'TCTGTTGAATATTCGTAGACTTGACGAGTCTGCTTGGGATTCATAGGGTTTGAGCACATG', 'TACGCCAGAGTCCCTTAGTTTTTATTAGAACCACGGTCAAGGCAACGTAGAAGGCAGCGA']
feature_class = 'string_complex'
seqlen = 60
data_test = ['ACTCTCTAGCATGCCAACCATTGAGCACCGTCACCTAATCGAGCAAGAAGTGTTTTTGGA', 'CAGTAGAGACTCGTTACATTGTGGATATTGACCCATGCCCGGTCTTATATCTTTTCACAG']
gap = 0
feature_obtain = 'char'
kparam1_normalization = 2
kparam0_use_sign = 'False'
km_test = [0.0492399123, 0.084757938;0.080687153, 0.0333333333;0.0328266082, 0.084757938;0, 0.0163956459;0.142875143, 0.114769521;0, 0.0317820863;0, 0.0333333333;0.0635000635, 0.0491869377;0.107705055, 0.127128345;0.114893129, 0.118661113;0.140625, 0.112962014]
alphabet = 'DNA'
data_class = 'dna'
order = 3
feature_type = 'ulong'
