name = 'CommWordStringKernel'
data_train = ['CAATTCAACTGGACTGGTCACGAGGACTGCGGCTCCGTTCTATCGCTGTGCGGCTTATAG', 'TGCGACAGTGTGCTCTATACGGTTACATTGGACTTGTGCTCAATTTTTCCAGACGCATGA', 'AATGTATTGCCGCGGGCGGGACACCACGAACGCCGCTGACCGCTAAAGCCCACGCATTAA', 'ACCAGGTCCTTTCGGGAACAGACGACAATACACTTTTCCCAGTCACTCAGCTGAAGTGTT', 'TTATTCACCTCTTACTTGTCGACCTTTATATTGCCAATTCGGACCTTCGGGTCGGGTGTC', 'AACGCAAGACCTTTGCGAGTGAGCGCCACTGTGCGCCACAGTCACCGCGCTTATCCGCCT', 'ATCCACCTTGAAATAGGCCTAACTAGCCCAATTAATTCGGATTTAGGATACAATAAGCTA', 'CTTCCCATGAACGGTCTCCAATATCTGGTCATCAACATGTCGATTCGGAGAGGAGTGCGT', 'TCTGGCAGAATATTGTTCTCTTGTAACCCCTCCCGGCACTGTCGCCCCTATAGCTGGCTA', 'TTGGACTTGACGCCAGAATAAACGATTGGGATGCGCACGACAGCACCAATGCAGCTTCGT', 'CGTTGGGGAAGAATCAGAATGCGACGAAAATGAAGGAGTCTATATATGAATTCCACGAGA']
km_test = [0.615384615, 0.411376676;0.485459773, 0.490915693;0.52813472, 0.452601905;0.557692308, 0.514220845;0.414370965, 0.330387415;0.584817779, 0.351221644;0.361079072, 0.63196809;0.427204601, 0.434271574;0.375960309, 0.443898023;0.491077672, 0.450468731;0.430945804, 0.45126086]
data_test = ['GAGTCAAAAGGAAAAGACAGCGGGTGGCGCACTCGCGTTCCTCCTACTGCCGACCGGACT', 'AGAATACATTGTACCACTACAATCCTACCGTTCTAAACGGTGGAAGCTAACAAGAGCACT']
km_train = [1, 0.572842533, 0.465474668, 0.490384615, 0.505532577, 0.47301438, 0.415240933, 0.592260924, 0.563940463, 0.44474959, 0.372933869;0.572842533, 1, 0.460977223, 0.640806901, 0.502096445, 0.486313432, 0.373716925, 0.509803922, 0.397705839, 0.608140966, 0.401677156;0.465474668, 0.460977223, 1, 0.358057437, 0.37032804, 0.7285831, 0.445393878, 0.307318149, 0.441666667, 0.629684823, 0.393473542;0.490384615, 0.640806901, 0.358057437, 1, 0.513819997, 0.47301438, 0.433294887, 0.534005751, 0.402814617, 0.546671371, 0.464095481;0.505532577, 0.502096445, 0.37032804, 0.513819997, 1, 0.385449645, 0.459036258, 0.510464719, 0.43204938, 0.40728381, 0.3;0.47301438, 0.486313432, 0.7285831, 0.47301438, 0.385449645, 1, 0.29873702, 0.373419242, 0.344275531, 0.538682255, 0.289087233;0.415240933, 0.373716925, 0.445393878, 0.433294887, 0.459036258, 0.29873702, 1, 0.391947019, 0.462201194, 0.469725075, 0.412354604;0.592260924, 0.509803922, 0.307318149, 0.534005751, 0.510464719, 0.373419242, 0.391947019, 1, 0.38866707, 0.402308639, 0.527201268;0.563940463, 0.397705839, 0.441666667, 0.402814617, 0.43204938, 0.344275531, 0.462201194, 0.38866707, 1, 0.370910238, 0.300891532;0.44474959, 0.608140966, 0.629684823, 0.546671371, 0.40728381, 0.538682255, 0.469725075, 0.402308639, 0.370910238, 1, 0.54304508;0.372933869, 0.401677156, 0.393473542, 0.464095481, 0.3, 0.289087233, 0.412354604, 0.527201268, 0.300891532, 0.54304508, 1]
alphabet = 'DNA'
reverse = 'False'
order = 3
gap = 0
