name = 'CommUlongString'
reverse = 'False'
feature_type = 'Ulong'
data_type = ''
km_train = [1, 0.0508547628, 0.0172413793, 0.0333518673, 0.0339031752, 0.0169515876, 0.0344827586, 0, 0.0172413793, 0.0172413793, 0.0172413793;0.0508547628, 1, 0, 0, 0, 0, 0.0169515876, 0.0166666667, 0, 0.0678063504, 0;0.0172413793, 0, 1, 0, 0, 0, 0, 0, 0.0517241379, 0, 0.0172413793;0.0333518673, 0, 0, 1, 0.0655825836, 0.0491869377, 0.0833796682, 0.0163956459, 0.0333518673, 0.0500278009, 0.0500278009;0.0339031752, 0, 0, 0.0655825836, 1, 0.166666667, 0.0508547628, 0, 0.084757938, 0, 0.0508547628;0.0169515876, 0, 0, 0.0491869377, 0.166666667, 1, 0.0339031752, 0, 0.0508547628, 0, 0.0169515876;0.0344827586, 0.0169515876, 0, 0.0833796682, 0.0508547628, 0.0339031752, 1, 0.0339031752, 0.0344827586, 0.0862068966, 0.0344827586;0, 0.0166666667, 0, 0.0163956459, 0, 0, 0.0339031752, 1, 0.0169515876, 0.0339031752, 0;0.0172413793, 0, 0.0517241379, 0.0333518673, 0.084757938, 0.0508547628, 0.0344827586, 0.0169515876, 1, 0, 0.0172413793;0.0172413793, 0.0678063504, 0, 0.0500278009, 0, 0, 0.0862068966, 0.0339031752, 0, 1, 0;0.0172413793, 0, 0.0172413793, 0.0500278009, 0.0508547628, 0.0169515876, 0.0344827586, 0, 0.0172413793, 0, 1]
data_train = ['GTCTCCGATGTGTCATCCACCCAGCGAAGCTAAAGATCCGTTTACGCATACAATCGCAAT', 'GGGAATGCCGTGTGAATCTACAGGTACGTGTACGATGCCTACACTGGGGTAGCGGAGACA', 'GACCTCTACACGGCCGGGACCCGTGACTCCCAATGGCCCACAACCGGTCCCAGATCCTTA', 'GTATTGCATCCTGCCCCACCGCTGCAAATGCGTTGCCGAGTGCCTGCCGAATGTTTTCCA', 'CAGCAGGTTTTGGTGTGTTAAGTAGTCCCTGACCGCCAAATATCGTCACGGCACGTGCGG', 'TTTCTGCACGGTGAGATCGCCGCGTATGATATTGCCGTTAAGTAGGTCTACACGGAAAAT', 'CGGTGTCCTGCGAAACTCCATCGGGTTGCTTTCAGTAAGCGCTGGCACGAGCGCTATTAC', 'CGAACCACAGGAGTGCGCCACGACATACGGCCAAAGTAGTTGGCCCGAAACTCCCCTGCA', 'GTGGCCAGCCCTGGCGCCTCCAGTGCACACCAATGATAACGGCATCTACCAAATTTGTTA', 'TGCCGGAGCAGTCTAGGTACTGCGGCCTCAATGTCATGGATACTTGCTCCGAGCCATAGT', 'GGTAATTACACAACGGCTTACCTTACCGGCAGGGCCGGATCCTCCTCACCATCCACATTT']
feature_class = 'string_complex'
seqlen = 60
data_test = ['AGACGCAATGTACTGATTAAAGGAGCCCGCCTAGGGAATAATGGTGCTCTTTACGTGTGC', 'GGCAGAGCTAAACACTGGAGATCCCTAGAGTCCTGCGGATCATCAGTTTTACTCGGCTGC']
gap = 0
feature_obtain = 'Char'
kparam1_normalization = 2
kparam0_use_sign = 'False'
km_test = [0.0862068966, 0.084757938;0.0339031752, 0;0.0344827586, 0.084757938;0.0333518673, 0.0655825836;0.0508547628, 0.0666666667;0.0169515876, 0.0333333333;0.0344827586, 0.0339031752;0, 0;0.0172413793, 0.0508547628;0.0172413793, 0;0.0344827586, 0.0508547628]
alphabet = 'DNA'
accuracy = 1e-09
order = 3
data_class = 'dna'
