name = 'CommWordString'
accuracy = 1e-09
reverse = 'False'
data_type = ''
km_train = [1, 0.548729485, 0.511456436, 0.505887351, 0.476289672, 0.356674166, 0.556327985, 0.334076552, 0.544061946, 0.396214426, 0.463942181;0.548729485, 1, 0.433393531, 0.427741194, 0.540131986, 0.450819672, 0.573033421, 0.427741194, 0.487619959, 0.408376974, 0.434292497;0.511456436, 0.433393531, 1, 0.617601488, 0.230314068, 0.275038202, 0.385920914, 0.513218138, 0.47900851, 0.460375817, 0.441592041;0.505887351, 0.427741194, 0.617601488, 1, 0.363696484, 0.393521899, 0.396123226, 0.446428571, 0.431290975, 0.57446822, 0.6172134;0.476289672, 0.540131986, 0.230314068, 0.363696484, 1, 0.513996567, 0.450850048, 0.381881308, 0.553398591, 0.462346456, 0.510688231;0.356674166, 0.450819672, 0.275038202, 0.393521899, 0.513996567, 1, 0.394425602, 0.650166615, 0.446296233, 0.426132495, 0.600617283;0.556327985, 0.573033421, 0.385920914, 0.396123226, 0.450850048, 0.394425602, 1, 0.365054738, 0.615307731, 0.257930352, 0.318799126;0.334076552, 0.427741194, 0.513218138, 0.446428571, 0.381881308, 0.650166615, 0.365054738, 1, 0.448542614, 0.426218357, 0.578637562;0.544061946, 0.487619959, 0.47900851, 0.431290975, 0.553398591, 0.446296233, 0.615307731, 0.448542614, 1, 0.384911745, 0.409945796;0.396214426, 0.408376974, 0.460375817, 0.57446822, 0.462346456, 0.426132495, 0.257930352, 0.426218357, 0.384911745, 1, 0.480384461;0.463942181, 0.434292497, 0.441592041, 0.6172134, 0.510688231, 0.600617283, 0.318799126, 0.578637562, 0.409945796, 0.480384461, 1]
data_train = ['GTGGAGGTGACGCCCCTAGTTTCTCGTGGACAAGCTCAGATAGCATGCTGAGGCCCGCAT', 'AAAGGCACGTCCCCCGCAGCACACGTTCGATGTATCTTATAAGGGGCAGGCCATACGCCC', 'GTGGTAAGGAGGCAGGATTTACATGGAACCGCGGGCTGTAGACCGAGATTGGGGCGCGGG', 'TAGCTCTTGGGCTCATTCCTTTTGACGATGAAACGGGGCGTAAGGCGGCATGAACTGAGA', 'ACACATAACGTGCGTCACTCGTCCGCAGCCAAAGTCAATGCACTTCCGCTCTATTTCCAA', 'ACGACTATCAGCGAAGCAAGTACCAATGTATGAATCTACCCAGTCCACATGTTCCATGAA', 'TTCGAAAAGCAGCAACGCGAGCAAGGTCTTAGTAGCTCGCAGGGATAGCATCGCATCTTA', 'CTACCGATCCGAATATCCACCACCCAATGGCGATGAGCGGTAGCGGTTGTTTAAACGAGG', 'CATCTAGGATGTCAACGCGCGCGCTTCGCCCTGCTAGAGCGAACTTACGCACATCCAAGG', 'CTTGAACTCAGACACTAGTAACACGTTACACCTTCGACAGGTATTGAATTGCCTGGCGGC', 'TTCCATGATCTTGGGCAACGGTTTGTCCCAAATACTGATGCGGACATTATAAATGTGACT']
len_seq = 60
kparam1_normalization = 2
data_test = ['CCAGCGTGGACGTCTCTGCATAGCTCCCTGCCTCTGTCGGGCTCGGCTATATGACCGACT', 'TCCCCTTCTTTAGCTAGCCGTGTCGCAGGGGGAAGCACGCGGCTGGGAGCTTGCACCCGA']
gap = 0
order = 3
kparam0_use_sign = 'False'
km_test = [0.633883342, 0.628395072;0.432451925, 0.638858507;0.379366735, 0.564123169;0.548694052, 0.526396805;0.513701167, 0.47351637;0.381575228, 0.319429254;0.400331773, 0.656354699;0.353996163, 0.412344164;0.376192062, 0.567878184;0.413279077, 0.36417852;0.497067423, 0.331667894]
alphabet = 'DNA'
data_class = 'dna'
feature_class = 'wordstring'
feature_type = 'char'
