name = 'CommWordString'
reverse = 'False'
feature_type = 'Word'
data_type = ''
km_train = [1, 0.450193484, 0.534840557, 0.459804507, 0.603022689, 0.516876591, 0.599101526, 0.485362672, 0.606091527, 0.505076272, 0.548948401;0.450193484, 1, 0.466168659, 0.430311155, 0.504777334, 0.643343661, 0.470565017, 0.482536539, 0.454953579, 0.557086015, 0.438390973;0.534840557, 0.466168659, 1, 0.415523546, 0.535218024, 0.428174419, 0.374062135, 0.626600515, 0.675524488, 0.474692883, 0.723792554;0.459804507, 0.430311155, 0.415523546, 1, 0.529338505, 0.55580543, 0.544382532, 0.624881443, 0.579324122, 0.587600181, 0.346526265;0.603022689, 0.504777334, 0.535218024, 0.529338505, 1, 0.693181818, 0.643720686, 0.585369407, 0.682242292, 0.511681719, 0.474835735;0.516876591, 0.643343661, 0.428174419, 0.55580543, 0.693181818, 1, 0.5632556, 0.522651256, 0.501021683, 0.543661827, 0.427352162;0.599101526, 0.470565017, 0.374062135, 0.544382532, 0.643720686, 0.5632556, 1, 0.560415288, 0.539163866, 0.593080253, 0.509144869;0.485362672, 0.482536539, 0.626600515, 0.624881443, 0.585369407, 0.522651256, 0.560415288, 1, 0.706018086, 0.588348405, 0.506671004;0.606091527, 0.454953579, 0.675524488, 0.579324122, 0.682242292, 0.501021683, 0.539163866, 0.706018086, 1, 0.55, 0.659244397;0.505076272, 0.557086015, 0.474692883, 0.587600181, 0.511681719, 0.543661827, 0.593080253, 0.588348405, 0.55, 1, 0.472161527;0.548948401, 0.438390973, 0.723792554, 0.346526265, 0.474835735, 0.427352162, 0.509144869, 0.506671004, 0.659244397, 0.472161527, 1]
data_train = ['GTCTCCGATGTGTCATCCACCCAGCGAAGCTAAAGATCCGTTTACGCATACAATCGCAAT', 'GGGAATGCCGTGTGAATCTACAGGTACGTGTACGATGCCTACACTGGGGTAGCGGAGACA', 'GACCTCTACACGGCCGGGACCCGTGACTCCCAATGGCCCACAACCGGTCCCAGATCCTTA', 'GTATTGCATCCTGCCCCACCGCTGCAAATGCGTTGCCGAGTGCCTGCCGAATGTTTTCCA', 'CAGCAGGTTTTGGTGTGTTAAGTAGTCCCTGACCGCCAAATATCGTCACGGCACGTGCGG', 'TTTCTGCACGGTGAGATCGCCGCGTATGATATTGCCGTTAAGTAGGTCTACACGGAAAAT', 'CGGTGTCCTGCGAAACTCCATCGGGTTGCTTTCAGTAAGCGCTGGCACGAGCGCTATTAC', 'CGAACCACAGGAGTGCGCCACGACATACGGCCAAAGTAGTTGGCCCGAAACTCCCCTGCA', 'GTGGCCAGCCCTGGCGCCTCCAGTGCACACCAATGATAACGGCATCTACCAAATTTGTTA', 'TGCCGGAGCAGTCTAGGTACTGCGGCCTCAATGTCATGGATACTTGCTCCGAGCCATAGT', 'GGTAATTACACAACGGCTTACCTTACCGGCAGGGCCGGATCCTCCTCACCATCCACATTT']
feature_class = 'string_complex'
seqlen = 60
data_test = ['AGACGCAATGTACTGATTAAAGGAGCCCGCCTAGGGAATAATGGTGCTCTTTACGTGTGC', 'GGCAGAGCTAAACACTGGAGATCCCTAGAGTCCTGCGGATCATCAGTTTTACTCGGCTGC']
gap = 0
feature_obtain = 'Char'
kparam1_normalization = 2
kparam0_use_sign = 'False'
km_test = [0.547641551, 0.500834184;0.735682938, 0.407223183;0.447314855, 0.443898023;0.526331659, 0.434000189;0.600148203, 0.498033322;0.677945192, 0.467541486;0.505905469, 0.658012897;0.470269972, 0.476822965;0.562988918, 0.495800546;0.59426608, 0.610216057;0.408670689, 0.518141311]
alphabet = 'DNA'
accuracy = 1e-09
order = 3
data_class = 'dna'
