name = 'CommWordString'
accuracy = 1e-09
reverse = 'False'
data_type = ''
km_train = [1, 0.520408163, 0.480761974, 0.678400525, 0.479591837, 0.452677051, 0.558195779, 0.409165149, 0.470950505, 0.645305583, 0.515491312;0.520408163, 1, 0.441516098, 0.495340066, 0.581632653, 0.654937009, 0.548734834, 0.437062773, 0.451327567, 0.548991317, 0.484561833;0.480761974, 0.441516098, 1, 0.476281336, 0.578876662, 0.370433893, 0.47304013, 0.572250311, 0.490566038, 0.509346603, 0.505570386;0.678400525, 0.495340066, 0.476281336, 1, 0.473803541, 0.579344885, 0.638978451, 0.559361429, 0.383095857, 0.58950883, 0.631031503;0.479591837, 0.581632653, 0.578876662, 0.473803541, 1, 0.452677051, 0.501430107, 0.511456436, 0.627934007, 0.558622743, 0.536110964;0.452677051, 0.654937009, 0.370433893, 0.579344885, 0.452677051, 1, 0.491149743, 0.552972079, 0.500085756, 0.463636364, 0.437905656;0.558195779, 0.548734834, 0.47304013, 0.638978451, 0.501430107, 0.491149743, 1, 0.525940247, 0.336586246, 0.464359757, 0.52574439;0.409165149, 0.437062773, 0.572250311, 0.559361429, 0.511456436, 0.552972079, 0.525940247, 1, 0.491777611, 0.430089395, 0.40400974;0.470950505, 0.451327567, 0.490566038, 0.383095857, 0.627934007, 0.500085756, 0.336586246, 0.491777611, 1, 0.435259825, 0.485744096;0.645305583, 0.548991317, 0.509346603, 0.58950883, 0.558622743, 0.463636364, 0.464359757, 0.430089395, 0.435259825, 1, 0.544949261;0.515491312, 0.484561833, 0.505570386, 0.631031503, 0.536110964, 0.437905656, 0.52574439, 0.40400974, 0.485744096, 0.544949261, 1]
data_train = ['CGCCCTGCTAGAGCGAACTTACGCACATCCAAGGCTTGAACTCAGACACTAGTAACACGT', 'TACACCTTCGACAGGTATTGAATTGCCTGGCGGCTTCCATGATCTTGGGCAACGGTTTGT', 'CCCAAATACTGATGCGGACATTATAAATGTGACTCGCCCAACGCATCCGATAACGATGGA', 'AGAGGGTAGGGCCTGCTCGACGCTAGCAGAAAATCCGTTAACCAACTGCGGAGCGCCTTT', 'ACCGCCTACCCCGAGATTGGACGAAGTGGGCAAACACCGGATCAGTTTGGTTACTGATGA', 'TAGGTCCTTTGTGCTTGAGGAGAGGCGGGTGACGTTGCCGGCAATGTCCACGTGTACCAG', 'GGCTAATCCGATGGTACTATGAGTACTGCTGGCCTTCTTGTGCGCGAGCCGCCAGCGCTA', 'CTAATACGGATATATGCCAGGTCCTAGCTTGACCAGGGTCCGCCAAGGACCGCCGATAGT', 'AGGTTACGAGCCCACGTCTATTGATCGTTTTCATAGTAGTGATACCCCTCGTGACACCCG', 'GGAACGGCTTTACCAGACAGCGACTCACTTCGATTACTGACAACCAGTCGAGGAGCGGCA', 'TTTCTGCCAATTGTGGAGCTTAACGAGATCTACCCCTATCGAATTAAGCTCGGAAAGAGG']
feature_class = 'wordstring'
seqlen = 60
data_test = ['ACCGAACCACAGGAGTGCGCCACGACATACGGCCAAAGTAGTTGGCCCGAAACTCCCCTG', 'CGGCCACGTGAGGCGCGGAGAATTACACTTGCGCTTGCCATCCCTATTTCACCAGCTAGT']
gap = 0
kparam1_normalization = 2
kparam0_use_sign = 'False'
km_test = [0.647556944, 0.704081633;0.500384912, 0.642857143;0.575471698, 0.412081692;0.579820757, 0.635327476;0.676991351, 0.469387755;0.472303214, 0.645305583;0.491233981, 0.662266179;0.554367489, 0.511456436;0.575471698, 0.520007849;0.583433382, 0.59714845;0.475830951, 0.577350269]
alphabet = 'DNA'
data_class = 'dna'
order = 3
feature_type = 'char'
