name = 'CommWordString'
reverse = 'False'
km_train = [1, 0.497940096, 0.357292745, 0.380216837, 0.472594528, 0.437587526, 0.442389503, 0.475750578, 0.490475318, 0.41004543, 0.529411765;0.497940096, 1, 0.391875695, 0.319609977, 0.317500318, 0.508000508, 0.444842631, 0.510740716, 0.270394541, 0.72102238, 0.489048308;0.357292745, 0.391875695, 1, 0.337965102, 0.289278029, 0.370869268, 0.456447594, 0.584248367, 0.391240795, 0.496466387, 0.365601878;0.380216837, 0.319609977, 0.337965102, 1, 0.339411416, 0.546369597, 0.418458577, 0.303071323, 0.536718609, 0.292877009, 0.361669675;0.472594528, 0.317500318, 0.289278029, 0.339411416, 1, 0.390625, 0.317646304, 0.485362672, 0.566612326, 0.261456258, 0.50760153;0.437587526, 0.508000508, 0.370869268, 0.546369597, 0.390625, 1, 0.429251762, 0.372689194, 0.463591903, 0.410859834, 0.411332275;0.442389503, 0.444842631, 0.456447594, 0.418458577, 0.317646304, 0.429251762, 1, 0.628599937, 0.471698113, 0.599247057, 0.538561134;0.475750578, 0.510740716, 0.584248367, 0.303071323, 0.485362672, 0.372689194, 0.628599937, 1, 0.476212074, 0.662993544, 0.388367819;0.490475318, 0.270394541, 0.391240795, 0.536718609, 0.566612326, 0.463591903, 0.471698113, 0.476212074, 1, 0.344772279, 0.68281858;0.41004543, 0.72102238, 0.496466387, 0.292877009, 0.261456258, 0.410859834, 0.599247057, 0.662993544, 0.344772279, 1, 0.502096445;0.529411765, 0.489048308, 0.365601878, 0.361669675, 0.50760153, 0.411332275, 0.538561134, 0.388367819, 0.68281858, 0.502096445, 1]
data_train = ['TCGCAGACTGTTGTGTAAAGATTAGGCGGAGTCGACAATAATGCGGACAGATCATGGCAT', 'GGTCGATGCAATCTCTATTGGTGTCATGGATGGTGACCTCCATACCCAGGTGGATTCGTG', 'GTGTCTTGTGAGCACCTTGCTTAGGGCGCAATCCTTCCTTTCTTGCCAATGGACGCCTTT', 'AAAGCTCTTTACACTAATTCCCGAGACACGTTCATAGCTCCCTATACATACAAATCCGTT', 'TTGGGCAGATGTATTAACCCGCCACTATTTATGGGGGGGAAAGAGCCGAACAAGACGAGA', 'CCATGTGGGAAATCGCTCTGTTACTACGCACTACACATGTGCACCATTGCCACTCCCCCC', 'TTGCTGACACGCTCAGAGTTAGTGGTGGTTAGTCCAACGGCTTCGGCCCTGAGGCTACCA', 'GTGCGGGTGGCTGGATCTTCTGACTGTAGGGGTTGCCTTACAGAACCGGGTCGCTTTCAG', 'GAGCACAACGGTTAAGAGGGGTAAGTACGCTAAAGAAAATCTTACTGCCATTGCCTAATA', 'CGGTGGTGGCTCTTCGGTTCGTCGTGCCAATTGTGGTGGAACACTTACTTGAGGTCGACC', 'AGAGGTCGCCCAGTAACCAAGAATTGCCAGGTCGAGCAAAGCTCACGTGTTGATTAAAGG']
seqlen = 60
data_test = ['GGCGCCGCTATTTCAGCTATCCTCATTCCTTAATGGCAGTGGATAAATGATGCAAAGTAT', 'ATTGTTGCTGGCTATCACAGTTAATTCCCTGCCTACGAATTTTGTCGTACCAATTCAATC']
gap = 0
km_test = [0.543714946, 0.454405489;0.53715834, 0.428950233;0.493731014, 0.479438866;0.495934892, 0.543859649;0.450693909, 0.347689744;0.372689194, 0.496699634;0.466687832, 0.509427832;0.403846154, 0.440831015;0.485736315, 0.509427832;0.290059676, 0.403695337;0.436913796, 0.510046977]
alphabet = 'DNA'
order = 3
normalization = 2
use_sign = 'False'
