name = 'CommUlongString'
reverse = 'False'
feature_type = 'ulong'
data_type = ''
km_train = [1, 0, 0, 0.0339031752, 0.0172413793, 0, 0, 0.0862068966, 0.0169515876, 0.0172413793, 0.0172413793;0, 1, 0.0169515876, 0, 0.0517241379, 0.0169515876, 0.0164133041, 0, 0.0678063504, 0, 0;0, 0.0169515876, 1, 0, 0, 0.133333333, 0.0161374306, 0, 0.05, 0, 0.0339031752;0.0339031752, 0, 0, 1, 0.0169515876, 0, 0, 0.0678063504, 0.0166666667, 0.0339031752, 0.0339031752;0.0172413793, 0.0517241379, 0, 0.0169515876, 1, 0, 0, 0.0344827586, 0.101709526, 0.0344827586, 0.0517241379;0, 0.0169515876, 0.133333333, 0, 0, 1, 0, 0, 0.0333333333, 0, 0;0, 0.0164133041, 0.0161374306, 0, 0, 0, 1, 0, 0.0161374306, 0, 0;0.0862068966, 0, 0, 0.0678063504, 0.0344827586, 0, 0, 1, 0.0169515876, 0.0172413793, 0.0344827586;0.0169515876, 0.0678063504, 0.05, 0.0166666667, 0.101709526, 0.0333333333, 0.0161374306, 0.0169515876, 1, 0.0678063504, 0.0339031752;0.0172413793, 0, 0, 0.0339031752, 0.0344827586, 0, 0, 0.0172413793, 0.0678063504, 1, 0.0344827586;0.0172413793, 0, 0.0339031752, 0.0339031752, 0.0517241379, 0, 0, 0.0344827586, 0.0339031752, 0.0344827586, 1]
data_train = ['CCACCATACTTTATATCCGGCGTCTATAGCGGTTTGTAAATGATTTAGTCGTTGAATGGT', 'CGTCGATAAACAGCTAAGAGTATACGCAGATGGTCCCTTGATTACGTAGACAAGCCATGA', 'AAACAGCACTAAAATAGCTGTGAGATTGGTCAACGGGACGCCGAAATCTTCCTCGGTAGG', 'CGCGTGCTTAGCCTCTAGTTTACGCCAAACAGAACCCCGTGTGTGAGAATGTCACAAATT', 'CATGGTCTCACCATAGCTCGATGAGTTTCAGCGTTACTACCGACAATCGGTCATTGCCCT', 'TGAGGTCCTTGGCCGCGGTACCCATAGAGACATTCCCGTCCTCGGTGGGGACTGTGACTT', 'CACCGGCGATAGGTAACTCGCCCCCAACGCACTCGCGGAGACACGCGGGTCTCGAATACT', 'TGCTTTCGATATTTGACAACGTCCCTACAAAGATGATAGATGTATATCATAATGTTAGGC', 'GGCTGGGCGGTCACTGATCTTGGAAGCAAACGTCCCCTATCGGTGTTTGGGAGTCGTCAT', 'CTTAATCCTAGGCCTGGAGCTTTGACATGGGCGTACCCAGGTAAGTCTGCTACAGATATG', 'CAGCTGCATAACCTACCTGATTCCATTATATCTTTGCTCCGGACATTCGTCTACCTACTA']
feature_class = 'string_complex'
seqlen = 60
data_test = ['CTGCCGCAATGAAGAAGCTTCCTCTGCGATGTGTTGGTGGAATCACCCGGTCGTATTCGC', 'TTGTTAGAGACTTCGGTCGTCTTTCCTCGAACGCGGGGCCAGGCCGATATCCCACAGCTA']
gap = 0
feature_obtain = 'char'
kparam1_normalization = 2
kparam0_use_sign = 'False'
km_test = [0, 0.0169515876;0.0172413793, 0.0678063504;0.084757938, 0.0833333333;0.0169515876, 0.0166666667;0, 0.0339031752;0.084757938, 0.0833333333;0, 0;0.0172413793, 0.084757938;0.0339031752, 0.0666666667;0, 0.0169515876;0.0689655172, 0.0169515876]
alphabet = 'DNA'
accuracy = 1e-09
order = 3
data_class = 'dna'
