name = 'CommWordString'
reverse = 'False'
feature_type = 'word'
data_type = ''
km_train = [1, 0.555810807, 0.507759583, 0.470588235, 0.636661363, 0.495168969, 0.430289983, 0.676466641, 0.574285575, 0.587236955, 0.524017481;0.555810807, 1, 0.601337794, 0.525493854, 0.570189215, 0.5204165, 0.434292497, 0.746390491, 0.479691741, 0.715366361, 0.511716179;0.507759583, 0.601337794, 1, 0.615793537, 0.529050262, 0.577746665, 0.582817325, 0.514451644, 0.600099198, 0.517682886, 0.445742494;0.470588235, 0.525493854, 0.615793537, 1, 0.500979433, 0.456332187, 0.448218732, 0.495440357, 0.425763443, 0.459112528, 0.358538277;0.636661363, 0.570189215, 0.529050262, 0.500979433, 1, 0.547820078, 0.515338501, 0.537579547, 0.579750904, 0.568328616, 0.61658123;0.495168969, 0.5204165, 0.577746665, 0.456332187, 0.547820078, 1, 0.550421139, 0.405732604, 0.617765826, 0.592136908, 0.500745466;0.430289983, 0.434292497, 0.582817325, 0.448218732, 0.515338501, 0.550421139, 1, 0.348472249, 0.461732305, 0.34169522, 0.294211155;0.676466641, 0.746390491, 0.514451644, 0.495440357, 0.537579547, 0.405732604, 0.348472249, 1, 0.423390197, 0.612196593, 0.518187725;0.574285575, 0.479691741, 0.600099198, 0.425763443, 0.579750904, 0.617765826, 0.461732305, 0.423390197, 1, 0.560730421, 0.427099278;0.587236955, 0.715366361, 0.517682886, 0.459112528, 0.568328616, 0.592136908, 0.34169522, 0.612196593, 0.560730421, 1, 0.640769385;0.524017481, 0.511716179, 0.445742494, 0.358538277, 0.61658123, 0.500745466, 0.294211155, 0.518187725, 0.427099278, 0.640769385, 1]
data_train = ['CCACCATACTTTATATCCGGCGTCTATAGCGGTTTGTAAATGATTTAGTCGTTGAATGGT', 'CGTCGATAAACAGCTAAGAGTATACGCAGATGGTCCCTTGATTACGTAGACAAGCCATGA', 'AAACAGCACTAAAATAGCTGTGAGATTGGTCAACGGGACGCCGAAATCTTCCTCGGTAGG', 'CGCGTGCTTAGCCTCTAGTTTACGCCAAACAGAACCCCGTGTGTGAGAATGTCACAAATT', 'CATGGTCTCACCATAGCTCGATGAGTTTCAGCGTTACTACCGACAATCGGTCATTGCCCT', 'TGAGGTCCTTGGCCGCGGTACCCATAGAGACATTCCCGTCCTCGGTGGGGACTGTGACTT', 'CACCGGCGATAGGTAACTCGCCCCCAACGCACTCGCGGAGACACGCGGGTCTCGAATACT', 'TGCTTTCGATATTTGACAACGTCCCTACAAAGATGATAGATGTATATCATAATGTTAGGC', 'GGCTGGGCGGTCACTGATCTTGGAAGCAAACGTCCCCTATCGGTGTTTGGGAGTCGTCAT', 'CTTAATCCTAGGCCTGGAGCTTTGACATGGGCGTACCCAGGTAAGTCTGCTACAGATATG', 'CAGCTGCATAACCTACCTGATTCCATTATATCTTTGCTCCGGACATTCGTCTACCTACTA']
feature_class = 'string_complex'
seqlen = 60
data_test = ['CTGCCGCAATGAAGAAGCTTCCTCTGCGATGTGTTGGTGGAATCACCCGGTCGTATTCGC', 'TTGTTAGAGACTTCGGTCGTCTTTCCTCGAACGCGGGGCCAGGCCGATATCCCACAGCTA']
gap = 0
feature_obtain = 'char'
kparam1_normalization = 2
kparam0_use_sign = 'False'
km_test = [0.521853576, 0.569970447;0.473364631, 0.576632235;0.598056818, 0.628076842;0.605350148, 0.506640397;0.577777778, 0.584306547;0.558156306, 0.658540583;0.49625189, 0.646626578;0.476721485, 0.523138837;0.621914606, 0.607622042;0.500129182, 0.574750612;0.440415165, 0.484982144]
alphabet = 'DNA'
accuracy = 1e-09
order = 3
data_class = 'dna'
