name = 'CommWordStringKernel'
reverse = 'False'
km_train = [1, 0.42698569, 0.441503147, 0.297456538, 0.471575785, 0.442512442, 0.498728329, 0.433321335, 0.287057417, 0.35759927, 0.280541804;0.42698569, 1, 0.510969355, 0.578532154, 0.478373308, 0.303278689, 0.328025298, 0.42297999, 0.450924975, 0.405877173, 0.444302117;0.441503147, 0.510969355, 1, 0.451938454, 0.576559919, 0.340646237, 0.453152947, 0.453152947, 0.436564125, 0.547119092, 0.590717349;0.297456538, 0.578532154, 0.451938454, 1, 0.433124577, 0.388443018, 0.43519414, 0.522232968, 0.462120715, 0.46634953, 0.562182695;0.471575785, 0.478373308, 0.576559919, 0.433124577, 1, 0.497898749, 0.514072576, 0.3392879, 0.537075053, 0.629571251, 0.518810672;0.442512442, 0.303278689, 0.340646237, 0.388443018, 0.497898749, 1, 0.517934681, 0.466141213, 0.295688508, 0.453072193, 0.331048637;0.498728329, 0.328025298, 0.453152947, 0.43519414, 0.514072576, 0.517934681, 1, 0.545454545, 0.342539535, 0.57655101, 0.440385506;0.433321335, 0.42297999, 0.453152947, 0.522232968, 0.3392879, 0.466141213, 0.545454545, 1, 0.295829599, 0.536788871, 0.522957788;0.287057417, 0.450924975, 0.436564125, 0.462120715, 0.537075053, 0.295688508, 0.342539535, 0.295829599, 1, 0.476703657, 0.557828683;0.35759927, 0.405877173, 0.547119092, 0.46634953, 0.629571251, 0.453072193, 0.57655101, 0.536788871, 0.476703657, 1, 0.43138264;0.280541804, 0.444302117, 0.590717349, 0.562182695, 0.518810672, 0.331048637, 0.440385506, 0.522957788, 0.557828683, 0.43138264, 1]
data_train = ['ATGCATTCGCACGAATGTAGCATCGATAAATATATACGATTACGTTATTCAAGCATTTGT', 'AGGAATGCCCCGAACGCCGGGAACGCAGTTCGACGTCGCCTAGTTGAACCGTGTATGTAG', 'AGTGCTTGGAACTGGCCATCGAAAATGTAAGCTCCTGTTGCGACATATGGGGGTGACGAC', 'GGGCCTTCCGCCTAGCCGCTGCGCAATCACGTTCGGTCCACGGCCTGGCCATGAACTCCG', 'CTGGTTGATTACGAGGCTAAGCGGTGTAACCTAGATACATCCATCAGGAATGACCGGAAG', 'TACCTTCCACGAGTTCTATCACTTACAGAGGGTCACACACGATGTGATAATCAGTTTCAA', 'GATTTCAGGTCCTCGAGAGGATGACATTTTGGCATTTGTCAGGCATGCGCCACTTCTGTG', 'GAAAATTCGCTTTCGCAAGTCTAGCAAGTCAGAGCCTCTTGAGTTCCTGCTGTGCACTGT', 'CTCTGCGGAGAGAACGCGTGGCGGACGATGATCCAAAGCCACGGACGGACGCGTAGAGCG', 'CCATAATCGGGGAGACAGGTTTAGGCGCTTGGCTTCCATTGAAGTACGCTCTCTAGAGTC', 'AAAAGGAAAAGACAGCGGGTGGCGCACTCGCGTTCCTCCTACTGCCGACCGGACTGTTTA']
size_ = 10
data_test = ['GGAAGAATCAGAATGCGACGAAAATGAAGGAGTCTATATATGAATTCCACGAGATAGTGG', 'TACCACTACAATCCTACCGTTCTAAACGGTGGAAGCTAACAAGAGCACTCTATAGGTCAA']
gap = 0
km_test = [0.52164153, 0.359738467;0.52058054, 0.345289787;0.536329919, 0.33986471;0.273861279, 0.426490257;0.557135995, 0.647731445;0.460223376, 0.561095904;0.357548471, 0.281818182;0.397276079, 0.472727273;0.48309381, 0.358109514;0.460469331, 0.467205129;0.352825165, 0.495433694]
alphabet = 'DNA'
order = 3
normalization = 2
use_sign = 'False'
