name = 'Custom'
accuracy = 1e-06
symdata = [0.188885922, 0.964861548, 0.353223221, 1.09538859, 0.94799918, 0.0341095872, 1.44630569;0.964861548, 0.236329655, 0.874176709, 0.969746387, 1.78002492, 1.64045302, 1.25192645;0.353223221, 0.874176709, 1.5012295, 1.73759206, 1.49575751, 0.503904354, 0.665228857;1.09538859, 0.969746387, 1.73759206, 1.7168255, 1.25545149, 1.07018471, 1.08320742;0.94799918, 1.78002492, 1.49575751, 1.25545149, 0.640099202, 1.8455852, 1.06172013;0.0341095872, 1.64045302, 0.503904354, 1.07018471, 1.8455852, 1.90121429, 1.32581242;1.44630569, 1.25192645, 0.665228857, 1.08320742, 1.06172013, 1.32581242, 1.58315809]
data_type = 'double'
dim_square = 7
km_triangletriangle = [0.188885927, 0.964861572, 0.23632966, 0.353223234, 0.874176681, 1.50122952, 1.09538853;0.964861572, 0.969746411, 1.7375921, 1.71682549, 0.947999179, 1.78002489, 1.49575746;0.23632966, 1.7375921, 1.25545144, 0.640099227, 0.0341095887, 1.64045298, 0.503904343;0.353223234, 1.71682549, 0.640099227, 1.07018471, 1.84558523, 1.90121424, 1.44630575;0.874176681, 0.947999179, 0.0341095887, 1.84558523, 1.25192642, 0.665228844, 1.08320737;1.50122952, 1.78002489, 1.64045298, 1.90121424, 0.665228844, 1.06172013, 1.32581246;1.09538853, 1.49575746, 0.503904343, 1.44630575, 1.08320737, 1.32581246, 1.58315814]
feature_class = 'custom'
km_fullfull = [0.0944429636, 0.683006763, 0.071188651, 0.318975627, 0.844875336, 0.0232719351, 0.814468503;0.683006763, 0.11816483, 0.69673717, 0.628942847, 0.877472043, 0.735071063, 0.803480923;0.071188651, 0.69673717, 0.750614762, 0.806834757, 0.990505159, 0.412617683, 0.372018099;0.318975627, 0.628942847, 0.806834757, 0.858412743, 0.42899403, 0.750871062, 0.754542887;0.844875336, 0.877472043, 0.990505159, 0.42899403, 0.320049614, 0.89552325, 0.389201671;0.0232719351, 0.735071063, 0.412617683, 0.750871062, 0.89552325, 0.950607121, 0.57343787;0.814468503, 0.803480923, 0.372018099, 0.754542887, 0.389201671, 0.57343787, 0.791579068]
feature_type = ''
km_fulltriangle = [0.188885927, 0.964861572, 0.353223234, 1.09538853, 0.947999179, 0.0341095887, 1.44630575;0.964861572, 0.23632966, 0.874176681, 0.969746411, 1.78002489, 1.64045298, 1.25192642;0.353223234, 0.874176681, 1.50122952, 1.7375921, 1.49575746, 0.503904343, 0.665228844;1.09538853, 0.969746411, 1.7375921, 1.71682549, 1.25545144, 1.07018471, 1.08320737;0.947999179, 1.78002489, 1.49575746, 1.25545144, 0.640099227, 1.84558523, 1.06172013;0.0341095887, 1.64045298, 0.503904343, 1.07018471, 1.84558523, 1.90121424, 1.32581246;1.44630575, 1.25192642, 0.665228844, 1.08320737, 1.06172013, 1.32581246, 1.58315814]
data = [0.0944429608, 0.683006773, 0.0711886485, 0.31897563, 0.844875311, 0.0232719357, 0.814468483;0.281854775, 0.118164828, 0.696737165, 0.628942847, 0.877472014, 0.735071044, 0.80348093;0.282034573, 0.177439544, 0.750614752, 0.806834739, 0.990505142, 0.412617677, 0.372018086;0.776412961, 0.34080354, 0.930757326, 0.858412752, 0.428994027, 0.750871068, 0.754542874;0.103123869, 0.902552907, 0.505252372, 0.826457466, 0.320049601, 0.895523228, 0.389201679;0.0108376515, 0.905381976, 0.0912866768, 0.319313638, 0.950061967, 0.950607147, 0.573437888;0.631837212, 0.448445522, 0.293210772, 0.328664545, 0.672518456, 0.752374529, 0.791579044]
data_class = 'rand'
