name = 'Custom'
accuracy = 0
feature_type = ''
data_type = 'double'
km_triangletriangle = [0.37454012, 0.601114988, 0.304242253, 0.456069976, 0.0650515929, 0.122038238, 0.546710253;0.601114988, 0, 0, -inf, 0, 0, -inf;0.304242253, 0, 0, 0, 0, 0, 0;0.456069976, -inf, 0, 0, 0, 0, -inf;0.0650515929, 0, 0, 0, 0, 0, 0;0.122038238, 0, 0, 0, 0, 0, 0;0.546710253, -inf, 0, -inf, 0, 0, -inf]
feature_class = 'custom'
cols = 7
km_fullfull = [0.37454012, 0.95071429, 0.731993914, 0.598658502, 0.156018645, 0.15599452, 0.0580836125;0.95071429, 0.601114988, 0.708072603, 0.0205844939, 0.969909847, 0.832442641, 0.212339118;0.731993914, 0.708072603, 0.304242253, 0.524756432, 0.431945026, 0.291229129, 0.611852884;0.598658502, 0.0205844939, 0.524756432, 0.456069976, 0.785175979, 0.199673787, 0.514234424;0.156018645, 0.969909847, 0.431945026, 0.785175979, 0.0650515929, 0.94888556, 0.965632021;0.15599452, 0.832442641, 0.291229129, 0.199673787, 0.94888556, 0.122038238, 0.495176911;0.0580836125, 0.212339118, 0.611852884, 0.514234424, 0.965632021, 0.495176911, 0.546710253]
km_fulltriangle = [0.37454012, -inf, 0, -inf, -4.80265017e+23, -inf, 0;-inf, 0, -inf, -inf, 0, 0, -0;0, -inf, inf, -inf, 0, 0, -inf;-inf, -inf, -inf, 0, 0, 0, -inf;-4.80265017e+23, 0, 0, 0, 0, 0, 0;-inf, 0, 0, 0, 0, inf, 0;0, -0, -inf, -inf, 0, 0, 0]
data = [0.374540119, 0.950714306, 0.731993942, 0.598658484, 0.15601864, 0.15599452, 0.0580836122;0.866176146, 0.601115012, 0.708072578, 0.0205844943, 0.969909852, 0.832442641, 0.212339111;0.181824967, 0.18340451, 0.304242243, 0.524756432, 0.431945019, 0.29122914, 0.611852895;0.139493861, 0.292144649, 0.366361843, 0.456069984, 0.785175961, 0.199673782, 0.514234438;0.592414569, 0.0464504127, 0.607544852, 0.170524124, 0.065051593, 0.948885537, 0.965632033;0.808397348, 0.304613769, 0.097672114, 0.684233027, 0.440152494, 0.122038235, 0.49517691;0.0343885211, 0.909320402, 0.258779982, 0.662522284, 0.311711076, 0.520068021, 0.546710279]
data_class = 'rand'
