name = 'Distance'
feature_type = 'Real'
data_type = 'double'
km_train = [1, 0.12532435, 0.102925346, 0.047517447, 0.0710648461, 0.0299189977, 0.0314861182, 0.0568414854, 0.0469888697, 0.0434416897, 0.0408759747;0.12532435, 1, 0.0577919266, 0.0825600472, 0.056593384, 0.043664005, 0.0454388315, 0.0433471025, 0.0663686258, 0.0756568652, 0.0468329237;0.102925346, 0.0577919266, 1, 0.0462131089, 0.0648861384, 0.0210203946, 0.0660313984, 0.0610385349, 0.0724806118, 0.0515261058, 0.0272028163;0.047517447, 0.0825600472, 0.0462131089, 1, 0.0967861057, 0.0311496982, 0.0524576067, 0.0438361492, 0.0809897391, 0.106133899, 0.104142033;0.0710648461, 0.056593384, 0.0648861384, 0.0967861057, 1, 0.0444743775, 0.0621469571, 0.130145629, 0.148748686, 0.134190233, 0.0590251834;0.0299189977, 0.043664005, 0.0210203946, 0.0311496982, 0.0444743775, 1, 0.0308728434, 0.0347911488, 0.0512448677, 0.0378926242, 0.0200665184;0.0314861182, 0.0454388315, 0.0660313984, 0.0524576067, 0.0621469571, 0.0308728434, 1, 0.0922099653, 0.111837683, 0.110477426, 0.0492337216;0.0568414854, 0.0433471025, 0.0610385349, 0.0438361492, 0.130145629, 0.0347911488, 0.0922099653, 1, 0.162279464, 0.118590137, 0.0945451656;0.0469888697, 0.0663686258, 0.0724806118, 0.0809897391, 0.148748686, 0.0512448677, 0.111837683, 0.162279464, 1, 0.179139275, 0.0688429591;0.0434416897, 0.0756568652, 0.0515261058, 0.106133899, 0.134190233, 0.0378926242, 0.110477426, 0.118590137, 0.179139275, 1, 0.185830561;0.0408759747, 0.0468329237, 0.0272028163, 0.104142033, 0.0590251834, 0.0200665184, 0.0492337216, 0.0945451656, 0.0688429591, 0.185830561, 1]
data_train = [0.0121544747, 0.969878827, 0.043159912, 0.891143114, 0.527701109, 0.992964796, 0.0737965647, 0.553854284, 0.969302536, 0.523097844, 0.629398638;0.695748689, 0.454541065, 0.62755808, 0.584314312, 0.90115801, 0.0454463803, 0.28096319, 0.950411484, 0.890263784, 0.455656753, 0.620132598;0.277381183, 0.18812116, 0.463698405, 0.353352228, 0.583656112, 0.077734637, 0.974394808, 0.986210744, 0.698161714, 0.536096366, 0.309527616;0.81379502, 0.684731173, 0.162616939, 0.910927184, 0.822537243, 0.949799913, 0.725719508, 0.613415196, 0.418243036, 0.932728483, 0.86606389;0.0452186701, 0.0263669745, 0.376463367, 0.810553331, 0.987276129, 0.150416891, 0.594130715, 0.380890857, 0.969914398, 0.842118923, 0.838328705;0.46869316, 0.414819502, 0.273407072, 0.0563754967, 0.864722376, 0.812901009, 0.999717673, 0.996636837, 0.555431706, 0.768987415, 0.94476573;0.849647391, 0.247348102, 0.450544135, 0.129159415, 0.954051027, 0.606174634, 0.228642806, 0.671700684, 0.61812824, 0.358162718, 0.113557592;0.671573196, 0.520307701, 0.772318392, 0.520163501, 0.8521815, 0.551906839, 0.560937972, 0.876653603, 0.403482866, 0.134015228, 0.0287826763;0.755137256, 0.620309551, 0.704079768, 0.212964162, 0.136371476, 0.0145446657, 0.350587559, 0.589917687, 0.392244045, 0.437474922, 0.904158694;0.348255467, 0.513989489, 0.783653013, 0.396542782, 0.6220867, 0.862363709, 0.949520624, 0.147073481, 0.926587625, 0.492116293, 0.258244388;0.459135756, 0.980032575, 0.492618094, 0.32875161, 0.633400854, 0.240145619, 0.0758633281, 0.128879722, 0.128045839, 0.151902694, 0.138827173]
feature_class = 'simple'
data_test = [0.640874745, 0.181880084, 0.345667283, 0.89678841, 0.47396164, 0.667557739, 0.172319871, 0.192289019, 0.0408686163, 0.168935063, 0.278590339, 0.177010484, 0.0887025338, 0.120635871, 0.460778768, 0.206333718, 0.364269861;0.503417271, 0.690394829, 0.0393121398, 0.799410399, 0.627900389, 0.0817590319, 0.873578624, 0.920872401, 0.0610779599, 0.276877648, 0.80620128, 0.74825969, 0.184521019, 0.209349323, 0.370472103, 0.484522985, 0.618254772;0.36891364, 0.462534716, 0.747470938, 0.0366832029, 0.252436944, 0.713349586, 0.895206838, 0.511677442, 0.532113485, 0.107172011, 0.447412367, 0.532617266, 0.242470504, 0.269243231, 0.377284163, 0.0200711978, 0.322079166;0.211448007, 0.327497352, 0.119762132, 0.890527281, 0.593592454, 0.679102319, 0.789171239, 0.498442199, 0.0869202881, 0.537106542, 0.586841118, 0.745439474, 0.431659546, 0.127580303, 0.283775906, 0.363082296, 0.645917241;0.570778305, 0.356096726, 0.986515249, 0.605774819, 0.237226792, 0.101782473, 0.152859139, 0.245957728, 0.160681373, 0.186567024, 0.285095169, 0.173373595, 0.896765425, 0.0802337457, 0.52451139, 0.410396827, 0.982378617;0.112038902, 0.397855599, 0.969470433, 0.865507126, 0.817072071, 0.257902827, 0.170887587, 0.66864322, 0.929375989, 0.556762893, 0.571612689, 0.279979094, 0.769492933, 0.187043749, 0.323679236, 0.425436439, 0.507610379;0.242409732, 0.114836825, 0.610620042, 0.288630553, 0.581238221, 0.154362715, 0.481140102, 0.532589433, 0.0518235368, 0.336604278, 0.134414677, 0.0633749705, 0.989960232, 0.322353845, 0.809874446, 0.254640655, 0.681502722;0.76022786, 0.595638741, 0.471576189, 0.411840914, 0.348868267, 0.929529144, 0.830619408, 0.965026911, 0.124297223, 0.730867475, 0.938340457, 0.181233066, 0.0664962674, 0.741120649, 0.574473113, 0.841828777, 0.139772377;0.795267312, 0.20162732, 0.163655943, 0.164265798, 0.81457472, 0.665197221, 0.523065425, 0.358830484, 0.877200541, 0.392445107, 0.816599439, 0.439134909, 0.376944429, 0.462679786, 0.301377874, 0.74760938, 0.50272039;0.232212695, 0.899574573, 0.383891221, 0.543552861, 0.906472111, 0.624237996, 0.116898041, 0.939832124, 0.627708053, 0.334905615, 0.139272073, 0.794025189, 0.620072756, 0.533461092, 0.893892583, 0.788597211, 0.15167488;0.311722068, 0.24848914, 0.743946293, 0.0335324347, 0.569889685, 0.762458686, 0.876765637, 0.342081749, 0.821257305, 0.110631737, 0.846452292, 0.127488662, 0.397287291, 0.797295366, 0.149917427, 0.229251395, 0.722252568]
kparam1_distance = 'CanberraMetric'
