name = 'Distance'
feature_type = 'real'
data_type = 'double'
km_train = [1, 0.0604893041, 0.0975722556, 0.0466828661, 0.073222178, 0.055205046, 0.0315521608, 0.0502502619, 0.0275125663, 0.0594634814, 0.0346170348;0.0604893041, 1, 0.120080471, 0.0703447585, 0.0253607486, 0.0432803464, 0.0379495246, 0.032208996, 0.0285385996, 0.0476280948, 0.0347839055;0.0975722556, 0.120080471, 1, 0.041338892, 0.0575428423, 0.0522214123, 0.0886607914, 0.124121242, 0.0900770662, 0.0754732589, 0.0486844246;0.0466828661, 0.0703447585, 0.041338892, 1, 0.0402161406, 0.0308064676, 0.0421097587, 0.0333995731, 0.0200686673, 0.0395742298, 0.0595970696;0.073222178, 0.0253607486, 0.0575428423, 0.0402161406, 1, 0.0534787219, 0.0689015109, 0.0573386634, 0.0480957553, 0.0955176202, 0.0480886122;0.055205046, 0.0432803464, 0.0522214123, 0.0308064676, 0.0534787219, 1, 0.0200687505, 0.0268876003, 0.0115382808, 0.0234740041, 0.0208545299;0.0315521608, 0.0379495246, 0.0886607914, 0.0421097587, 0.0689015109, 0.0200687505, 1, 0.210621405, 0.114085437, 0.0533004329, 0.128585916;0.0502502619, 0.032208996, 0.124121242, 0.0333995731, 0.0573386634, 0.0268876003, 0.210621405, 1, 0.0721756813, 0.0391722052, 0.0932913808;0.0275125663, 0.0285385996, 0.0900770662, 0.0200686673, 0.0480957553, 0.0115382808, 0.114085437, 0.0721756813, 1, 0.03703812, 0.135471942;0.0594634814, 0.0476280948, 0.0754732589, 0.0395742298, 0.0955176202, 0.0234740041, 0.0533004329, 0.0391722052, 0.03703812, 1, 0.0226407697;0.0346170348, 0.0347839055, 0.0486844246, 0.0595970696, 0.0480886122, 0.0208545299, 0.128585916, 0.0932913808, 0.135471942, 0.0226407697, 1]
data_train = [0.759486569, 0.886073967, 0.729033743, 0.927810062, 0.3326566, 0.503209417, 0.0140796633, 0.0069575873, 0.24012662, 0.100807197, 0.260211368;0.177043295, 0.0285200248, 0.909304146, 0.00822313139, 0.736082144, 0.152147887, 0.912229622, 0.89279594, 0.653901146, 0.67223415, 0.00533914197;0.984871566, 0.877832604, 0.895106226, 0.659244537, 0.344786929, 0.893648649, 0.291516928, 0.562711543, 0.0997309723, 0.92195563, 0.140770458;0.224896806, 0.558134158, 0.764093, 0.619351306, 0.232133913, 0.000943042527, 0.75715058, 0.985207326, 0.80991312, 0.460206618, 0.903767261;0.409847673, 0.524934084, 0.477129767, 0.447623873, 0.775190769, 0.526768907, 0.316717122, 0.258158168, 0.037747317, 0.583195162, 0.229961415;0.148133922, 0.653829964, 0.681209258, 0.752154892, 0.503576896, 0.894054605, 0.936342753, 0.80737094, 0.635593482, 0.303720954, 0.982944922;0.274136167, 0.202656922, 0.442154114, 0.0568405707, 0.978494465, 0.588433556, 0.556952092, 0.65579628, 0.497023648, 0.0320635171, 0.612311289;0.716173877, 0.416749061, 0.757295572, 0.227001299, 0.221276591, 0.161416988, 0.37199476, 0.847012035, 0.827912062, 0.382824208, 0.589118736;0.720816316, 0.241206775, 0.168141086, 0.972095993, 0.617557313, 0.981415722, 0.337755987, 0.7030317, 0.222603637, 0.261200171, 0.511902121;0.319618126, 0.167621564, 0.262880702, 0.0357483945, 0.704423621, 0.492116657, 0.0942430664, 0.171693993, 0.102534538, 0.612592808, 0.0942103636;0.754282333, 0.0205109193, 0.249375788, 0.890666676, 0.718531318, 0.0729683329, 0.821126104, 0.493035122, 0.846783027, 0.600739774, 0.681833032]
feature_class = 'simple'
data_test = [0.99350156, 0.232335546, 0.623945575, 0.46032139, 0.0394519529, 0.0144706415, 0.119228578, 0.649091741, 0.567163088, 0.553429561, 0.0318567625, 0.469302996, 0.924622818, 0.397591869, 0.62492247, 0.779818676, 0.783925279;0.519280082, 0.857951945, 0.391378093, 0.888693215, 0.240227166, 0.280216407, 0.0531206242, 0.795581837, 0.417055236, 0.229116614, 0.231790278, 0.901399941, 0.8339166, 0.553530885, 0.6161108, 0.474325571, 0.391666543;0.915476881, 0.125612704, 0.41844679, 0.344561908, 0.49815072, 0.457631875, 0.518889532, 0.139918977, 0.513141502, 0.242418814, 0.184331349, 0.0648342188, 0.762652559, 0.427441921, 0.626643683, 0.727593343, 0.679316665;0.470500719, 0.387898529, 0.37595991, 0.640048797, 0.494794355, 0.849132248, 0.874701984, 0.170560378, 0.136233652, 0.630400926, 0.301225748, 0.0185707188, 0.888642669, 0.226900767, 0.929280652, 0.717434451, 0.76265349;0.201461496, 0.234194426, 0.521267754, 0.172099853, 0.305431693, 0.321462478, 0.159629933, 0.205182833, 0.788551842, 0.167195855, 0.0284573918, 0.629354943, 0.975983119, 0.331213815, 0.118655703, 0.570387325, 0.906354211;0.78406178, 0.622515868, 0.315056497, 0.541880173, 0.0912448413, 0.678945424, 0.725096019, 0.965031623, 0.260397359, 0.018456419, 0.545608464, 0.706790504, 0.790407476, 0.193738933, 0.261752869, 0.512590925, 0.33060081;0.860511487, 0.473760154, 0.799578644, 0.58061976, 0.773090142, 0.332672987, 0.831416622, 0.274572316, 0.546098808, 0.214007113, 0.475526522, 0.31817521, 0.266703431, 0.966985018, 0.160074105, 0.787325837, 0.984164959;0.0199014837, 0.699027414, 0.252911806, 0.0404878243, 0.402889579, 0.93521781, 0.0117650944, 0.587885692, 0.501396479, 0.873384164, 0.0840017145, 0.68152603, 0.680109698, 0.669080017, 0.942334495, 0.823087529, 0.0419727262;0.471082851, 0.397953056, 0.310147221, 0.451336725, 0.384194185, 0.4323339, 0.979261866, 0.0886329747, 0.92223087, 0.480236713, 0.623742245, 0.830182967, 0.360463029, 0.430421908, 0.40951848, 0.374731023, 0.925529322;0.828929891, 0.10899999, 0.108123352, 0.427869515, 0.0986573767, 0.619093095, 0.143691607, 0.522373264, 0.007219947, 0.316596348, 0.677190724, 0.48403894, 0.978269486, 0.874103796, 0.359070779, 0.0454865415, 0.8456263;0.91123431, 0.820627393, 0.127949941, 0.997915134, 0.258584222, 0.724204913, 0.908034876, 0.235687114, 0.908258555, 0.309481579, 0.976413222, 0.28126002, 0.953435825, 0.0535446509, 0.709272012, 0.532111134, 0.477877077]
kparam1_distance = 'CanberraMetric'
