name = 'Distance'
feature_type = 'real'
data_type = 'double'
km_train = [1, 0.0727883489, 0.0111453353, 0.0147738278, 0.025530119, 0.0230151776, 0.020123333, 0.0118634359, 0.0105080903, 0.00696152579, 0.0244962014;0.0727883489, 1, 0.0507837639, 0.0689487207, 0.0922234669, 0.0659439587, 0.100124842, 0.0329809602, 0.0334217331, 0.018146887, 0.0661255128;0.0111453353, 0.0507837639, 1, 0.0467245627, 0.105171806, 0.024510244, 0.0214929146, 0.019342128, 0.0293148634, 0.0126198948, 0.0369424769;0.0147738278, 0.0689487207, 0.0467245627, 1, 0.11346396, 0.125560752, 0.0647014037, 0.0808329344, 0.0614269349, 0.075751591, 0.103508521;0.025530119, 0.0922234669, 0.105171806, 0.11346396, 1, 0.0512884708, 0.0360668398, 0.0523463255, 0.0439486701, 0.0191860452, 0.0884934247;0.0230151776, 0.0659439587, 0.024510244, 0.125560752, 0.0512884708, 1, 0.0465694851, 0.0717749859, 0.040033809, 0.0611904094, 0.0596635305;0.020123333, 0.100124842, 0.0214929146, 0.0647014037, 0.0360668398, 0.0465694851, 1, 0.0277172952, 0.0310926691, 0.0396868663, 0.0402022596;0.0118634359, 0.0329809602, 0.019342128, 0.0808329344, 0.0523463255, 0.0717749859, 0.0277172952, 1, 0.190069661, 0.0619642401, 0.0966626176;0.0105080903, 0.0334217331, 0.0293148634, 0.0614269349, 0.0439486701, 0.040033809, 0.0310926691, 0.190069661, 1, 0.0407041226, 0.062869409;0.00696152579, 0.018146887, 0.0126198948, 0.075751591, 0.0191860452, 0.0611904094, 0.0396868663, 0.0619642401, 0.0407041226, 1, 0.0455568975;0.0244962014, 0.0661255128, 0.0369424769, 0.103508521, 0.0884934247, 0.0596635305, 0.0402022596, 0.0966626176, 0.062869409, 0.0455568975, 1]
data_train = [0.103041693, 0.227448254, 0.00312165136, 0.303510125, 0.108607402, 0.472793345, 0.677127489, 0.874505295, 0.749217165, 0.938585596, 0.0538982904;0.0121798354, 0.661338114, 0.28935241, 0.253501016, 0.330887088, 0.269796058, 0.511436406, 0.440148447, 0.512428551, 0.672713612, 0.387130509;0.251307687, 0.166200537, 0.34947412, 0.741806475, 0.75670491, 0.666905387, 0.234028175, 0.588086246, 0.570689662, 0.484266198, 0.549978986;0.491790633, 0.565456366, 0.715505955, 0.109628194, 0.749625752, 0.13588615, 0.0666279984, 0.976079686, 0.956991769, 0.0604365449, 0.443253441;0.186244938, 0.485344897, 0.830177243, 0.950611775, 0.634252653, 0.353905667, 0.603325566, 0.312001306, 0.909823641, 0.870400463, 0.55823175;0.324798915, 0.293389676, 0.0334179947, 0.815820851, 0.450383213, 0.325132928, 0.471110355, 0.81873799, 0.124614208, 0.857655988, 0.897508835;0.946707915, 0.397487992, 0.217140404, 0.373640818, 0.332912096, 0.176153913, 0.60726667, 0.476624161, 0.865700992, 0.0321095805, 0.643867928;0.762948879, 0.759486569, 0.886073967, 0.729033743, 0.927810062, 0.3326566, 0.503209417, 0.0140796633, 0.0069575873, 0.24012662, 0.100807197;0.260211368, 0.177043295, 0.0285200248, 0.909304146, 0.00822313139, 0.736082144, 0.152147887, 0.912229622, 0.89279594, 0.653901146, 0.67223415;0.00533914197, 0.984871566, 0.877832604, 0.895106226, 0.659244537, 0.344786929, 0.893648649, 0.291516928, 0.562711543, 0.0997309723, 0.92195563;0.140770458, 0.224896806, 0.558134158, 0.764093, 0.619351306, 0.232133913, 0.000943042527, 0.75715058, 0.985207326, 0.80991312, 0.460206618]
feature_class = 'simple'
data_test = [0.903767261, 0.409847673, 0.524934084, 0.477129767, 0.447623873, 0.775190769, 0.526768907, 0.316717122, 0.258158168, 0.037747317, 0.583195162, 0.229961415, 0.148133922, 0.653829964, 0.681209258, 0.752154892, 0.503576896;0.894054605, 0.936342753, 0.80737094, 0.635593482, 0.303720954, 0.982944922, 0.274136167, 0.202656922, 0.442154114, 0.0568405707, 0.978494465, 0.588433556, 0.556952092, 0.65579628, 0.497023648, 0.0320635171, 0.612311289;0.716173877, 0.416749061, 0.757295572, 0.227001299, 0.221276591, 0.161416988, 0.37199476, 0.847012035, 0.827912062, 0.382824208, 0.589118736, 0.720816316, 0.241206775, 0.168141086, 0.972095993, 0.617557313, 0.981415722;0.337755987, 0.7030317, 0.222603637, 0.261200171, 0.511902121, 0.319618126, 0.167621564, 0.262880702, 0.0357483945, 0.704423621, 0.492116657, 0.0942430664, 0.171693993, 0.102534538, 0.612592808, 0.0942103636, 0.754282333;0.0205109193, 0.249375788, 0.890666676, 0.718531318, 0.0729683329, 0.821126104, 0.493035122, 0.846783027, 0.600739774, 0.681833032, 0.99350156, 0.232335546, 0.623945575, 0.46032139, 0.0394519529, 0.0144706415, 0.119228578;0.649091741, 0.567163088, 0.553429561, 0.0318567625, 0.469302996, 0.924622818, 0.397591869, 0.62492247, 0.779818676, 0.783925279, 0.519280082, 0.857951945, 0.391378093, 0.888693215, 0.240227166, 0.280216407, 0.0531206242;0.795581837, 0.417055236, 0.229116614, 0.231790278, 0.901399941, 0.8339166, 0.553530885, 0.6161108, 0.474325571, 0.391666543, 0.915476881, 0.125612704, 0.41844679, 0.344561908, 0.49815072, 0.457631875, 0.518889532;0.139918977, 0.513141502, 0.242418814, 0.184331349, 0.0648342188, 0.762652559, 0.427441921, 0.626643683, 0.727593343, 0.679316665, 0.470500719, 0.387898529, 0.37595991, 0.640048797, 0.494794355, 0.849132248, 0.874701984;0.170560378, 0.136233652, 0.630400926, 0.301225748, 0.0185707188, 0.888642669, 0.226900767, 0.929280652, 0.717434451, 0.76265349, 0.201461496, 0.234194426, 0.521267754, 0.172099853, 0.305431693, 0.321462478, 0.159629933;0.205182833, 0.788551842, 0.167195855, 0.0284573918, 0.629354943, 0.975983119, 0.331213815, 0.118655703, 0.570387325, 0.906354211, 0.78406178, 0.622515868, 0.315056497, 0.541880173, 0.0912448413, 0.678945424, 0.725096019;0.965031623, 0.260397359, 0.018456419, 0.545608464, 0.706790504, 0.790407476, 0.193738933, 0.261752869, 0.512590925, 0.33060081, 0.860511487, 0.473760154, 0.799578644, 0.58061976, 0.773090142, 0.332672987, 0.831416622]
kparam1_distance = 'CanberraMetric'
