name = 'Distance'
feature_type = 'Real'
data_type = 'double'
km_train = [1, 4.33603585e-14, 9.26252669e-16, 2.01947379e-13, 4.33603585e-14, 4.35823756e-13, 9.35762297e-14, 9.16839683e-18, 1.99895101e-15, 2.0091862e-14, 4.31394724e-15;4.33603585e-14, 1, 9.40553661e-13, 4.31394724e-15, 2.01947379e-13, 4.29197115e-16, 4.31394724e-15, 4.35823756e-13, 9.21534158e-17, 9.40553661e-13, 4.29197115e-16;9.26252669e-16, 9.40553661e-13, 1, 4.27010701e-17, 9.26252669e-16, 9.30995341e-15, 4.31394724e-15, 4.33603585e-14, 2.02981406e-12, 4.29197115e-16, 9.21534158e-17;2.01947379e-13, 4.31394724e-15, 4.27010701e-17, 1, 1.99895101e-15, 4.31394724e-15, 2.0091862e-14, 9.26252669e-16, 4.29197115e-16, 2.0091862e-14, 2.01947379e-13;4.33603585e-14, 2.01947379e-13, 9.26252669e-16, 1.99895101e-15, 1, 9.21534158e-17, 9.30995341e-15, 9.30995341e-15, 2.0091862e-14, 9.35762297e-14, 1.97863679e-17;4.35823756e-13, 4.29197115e-16, 9.30995341e-15, 4.31394724e-15, 9.21534158e-17, 1, 2.0091862e-14, 1.99895101e-15, 4.33603585e-14, 4.29197115e-16, 9.35762297e-14;9.35762297e-14, 4.31394724e-15, 4.31394724e-15, 2.0091862e-14, 9.30995341e-15, 2.0091862e-14, 1, 2.01947379e-13, 1.98876797e-16, 9.21534158e-17, 4.31394724e-15;9.16839683e-18, 4.35823756e-13, 4.33603585e-14, 9.26252669e-16, 9.30995341e-15, 1.99895101e-15, 2.01947379e-13, 1, 9.26252669e-16, 9.21534158e-17, 4.27010701e-17;1.99895101e-15, 9.21534158e-17, 2.02981406e-12, 4.29197115e-16, 2.0091862e-14, 4.33603585e-14, 1.98876797e-16, 9.26252669e-16, 1, 4.31394724e-15, 9.30995341e-15;2.0091862e-14, 9.40553661e-13, 4.29197115e-16, 2.0091862e-14, 9.35762297e-14, 4.29197115e-16, 9.21534158e-17, 9.21534158e-17, 4.31394724e-15, 1, 4.27010701e-17;4.31394724e-15, 4.29197115e-16, 9.21534158e-17, 2.01947379e-13, 1.97863679e-17, 9.35762297e-14, 4.31394724e-15, 4.27010701e-17, 9.30995341e-15, 4.27010701e-17, 1]
data_train = ['CGAAGATACCGCCAGGATCGAACCGTTGAACTCAATAGTCTCCGTATTGAACTCACTGTT', 'TCATACATGCTCCGATATGACGACAGGGGTCTCTGATCGTGAGAAGGGCGGACTTTGACG', 'TTACTCTATGGATGCTTGTGTCGCCATATGAGGGTCATCAGGTGCCAATCCACGCGGAAT', 'CCTTAAAATTAGGCTTCCTTAGCCTCTGCGTAACCAGAAGACTTCTCAAAAGTCAAAGAT', 'GCGATCCCGTGCGTTGTACTGTTCATTTTCTAGAGGGTATGACCTGCTACCCGAAAATGA', 'AAAAGAGTATACGCAGGAGCAAAGTAGCCGCGAAAAACATTATGTCGACAGCACCTCCTA', 'TAGAAAGCCCCGACTAGAGTAAATCAATAGGCAGCAGATGGGCTCTATGATCGCGAACTG', 'AAAAGAAAAGTGCATCGAGAAATGAGTGCAAACTCGGGCTTTCCGATAAACGAATGACGA', 'AACGGGGAGCCAGGATCCTTATTGAATGATGTTTCAAACAGCTATTTTTCTTCACCATCA', 'TCTGTTGAATATTCGTAGACTTGACGAGTCTGCTTGGGATTCATAGGGTTTGAGCACATG', 'TACGCCAGAGTCCCTTAGTTTTTATTAGAACCACGGTCAAGGCAACGTAGAAGGCAGCGA']
feature_class = 'simple'
data_test = ['ACTCTCTAGCATGCCAACCATTGAGCACCGTCACCTAATCGAGCAAGAAGTGTTTTTGGA', 'CAGTAGAGACTCGTTACATTGTGGATATTGACCCATGCCCGGTCTTATATCTTTTCACAG']
kparam1_distance = 'HammingWordDistance'
km_test = [2.01947379e-13, 9.35762297e-14;4.31394724e-15, 9.40553661e-13;1.97863679e-17, 4.31394724e-15;2.0091862e-14, 1.98876797e-16;1.99895101e-15, 9.26252669e-16;2.01947379e-13, 1.99895101e-15;9.26252669e-16, 4.27010701e-17;4.29197115e-16, 4.27010701e-17;1.98876797e-16, 4.29197115e-16;9.40553661e-13, 2.04020727e-11;1.99895101e-15, 9.26252669e-16]
kparam0_width = 1.3
accuracy = 1e-09
data_class = 'rand'
