name = 'Distance'
feature_type = 'Real'
data_type = 'double'
km_train = [1, 2.31848254e-09, 1.59737854e-09, 1.35396007e-08, 2.55730025e-09, 2.4865018e-08, 1.18031197e-08, 1.38103578e-11, 6.35587983e-10, 3.11126857e-09, 4.88422652e-09;2.31848254e-09, 1, 2.82826734e-07, 9.67565071e-11, 3.68044506e-08, 1.13189152e-10, 1.01753546e-09, 8.89408658e-08, 1.10991374e-10, 1.07602933e-07, 5.3729505e-11;1.59737854e-09, 2.82826734e-07, 1, 1.59311453e-11, 5.65043924e-10, 5.7623255e-10, 8.36360995e-10, 1.36547333e-09, 2.37071996e-07, 9.78404395e-10, 3.62995531e-11;1.35396007e-08, 9.67565071e-11, 1.59311453e-11, 1, 4.93957602e-10, 1.15070884e-09, 1.11600615e-08, 5.22420122e-10, 3.39372915e-10, 3.19985607e-10, 2.90879692e-08;2.55730025e-09, 3.68044506e-08, 5.65043924e-10, 4.93957602e-10, 1, 3.70183329e-11, 1.69416061e-09, 7.48408701e-10, 5.38733135e-09, 5.341907e-08, 2.45239102e-11;2.4865018e-08, 1.13189152e-10, 5.7623255e-10, 1.15070884e-09, 3.70183329e-11, 1, 7.08911107e-09, 2.23475471e-10, 1.78177057e-09, 1.61096169e-10, 5.66556279e-08;1.18031197e-08, 1.01753546e-09, 8.36360995e-10, 1.11600615e-08, 1.69416061e-09, 7.08911107e-09, 1, 4.87480175e-08, 3.0427136e-11, 3.81742618e-10, 2.38449696e-10;1.38103578e-11, 8.89408658e-08, 1.36547333e-09, 5.22420122e-10, 7.48408701e-10, 2.23475471e-10, 4.87480175e-08, 1, 1.31120816e-10, 3.59934862e-10, 6.85609997e-12;6.35587983e-10, 1.10991374e-10, 2.37071996e-07, 3.39372915e-10, 5.38733135e-09, 1.78177057e-09, 3.0427136e-11, 1.31120816e-10, 1, 1.9434064e-09, 1.16071494e-09;3.11126857e-09, 1.07602933e-07, 9.78404395e-10, 3.19985607e-10, 5.341907e-08, 1.61096169e-10, 3.81742618e-10, 3.59934862e-10, 1.9434064e-09, 1, 4.00386263e-11;4.88422652e-09, 5.3729505e-11, 3.62995531e-11, 2.90879692e-08, 2.45239102e-11, 5.66556279e-08, 2.38449696e-10, 6.85609997e-12, 1.16071494e-09, 4.00386263e-11, 1]
data_train = ['CGAAGATACCGCCAGGATCGAACCGTTGAACTCAATAGTCTCCGTATTGAACTCACTGTT', 'TCATACATGCTCCGATATGACGACAGGGGTCTCTGATCGTGAGAAGGGCGGACTTTGACG', 'TTACTCTATGGATGCTTGTGTCGCCATATGAGGGTCATCAGGTGCCAATCCACGCGGAAT', 'CCTTAAAATTAGGCTTCCTTAGCCTCTGCGTAACCAGAAGACTTCTCAAAAGTCAAAGAT', 'GCGATCCCGTGCGTTGTACTGTTCATTTTCTAGAGGGTATGACCTGCTACCCGAAAATGA', 'AAAAGAGTATACGCAGGAGCAAAGTAGCCGCGAAAAACATTATGTCGACAGCACCTCCTA', 'TAGAAAGCCCCGACTAGAGTAAATCAATAGGCAGCAGATGGGCTCTATGATCGCGAACTG', 'AAAAGAAAAGTGCATCGAGAAATGAGTGCAAACTCGGGCTTTCCGATAAACGAATGACGA', 'AACGGGGAGCCAGGATCCTTATTGAATGATGTTTCAAACAGCTATTTTTCTTCACCATCA', 'TCTGTTGAATATTCGTAGACTTGACGAGTCTGCTTGGGATTCATAGGGTTTGAGCACATG', 'TACGCCAGAGTCCCTTAGTTTTTATTAGAACCACGGTCAAGGCAACGTAGAAGGCAGCGA']
feature_class = 'simple'
data_test = ['ACTCTCTAGCATGCCAACCATTGAGCACCGTCACCTAATCGAGCAAGAAGTGTTTTTGGA', 'CAGTAGAGACTCGTTACATTGTGGATATTGACCCATGCCCGGTCTTATATCTTTTCACAG']
kparam1_distance = 'CanberraWordDistance'
km_test = [7.75340207e-08, 1.78165639e-08;1.24848318e-10, 3.68044506e-08;1.92187623e-10, 1.07008659e-08;8.36360995e-10, 5.81132484e-11;1.62900878e-09, 3.36511425e-09;6.0599237e-09, 3.13772492e-10;1.10055528e-09, 1.36182836e-11;7.14939259e-10, 3.35613148e-11;7.68950592e-10, 5.65043924e-10;1.46442849e-08, 2.77335127e-07;3.13772492e-10, 2.47986437e-10]
kparam0_width = 1.7
accuracy = 1e-09
data_class = 'rand'
