name = 'FixedDegreeStringKernel'
degree = 3
km_train = [1, 0, 0, 0.0350877193, 0.0350877193, 0.0701754386, 0, 0.0175438596, 0.0877192982, 0.0526315789, 0;0, 1, 0.0175438596, 0, 0, 0.0175438596, 0.0175438596, 0, 0.0175438596, 0.0350877193, 0;0, 0.0175438596, 1, 0.0350877193, 0.0877192982, 0.0350877193, 0.0350877193, 0, 0.0350877193, 0.0175438596, 0.0877192982;0.0350877193, 0, 0.0350877193, 1, 0.0175438596, 0, 0, 0.0175438596, 0, 0.0175438596, 0.0175438596;0.0350877193, 0, 0.0877192982, 0.0175438596, 1, 0.0175438596, 0.0175438596, 0.0175438596, 0, 0, 0.0350877193;0.0701754386, 0.0175438596, 0.0350877193, 0, 0.0175438596, 1, 0, 0.0175438596, 0.0701754386, 0.0175438596, 0.0526315789;0, 0.0175438596, 0.0350877193, 0, 0.0175438596, 0, 1, 0.0175438596, 0, 0.0350877193, 0.0175438596;0.0175438596, 0, 0, 0.0175438596, 0.0175438596, 0.0175438596, 0.0175438596, 1, 0.0350877193, 0.0175438596, 0;0.0877192982, 0.0175438596, 0.0350877193, 0, 0, 0.0701754386, 0, 0.0350877193, 1, 0, 0;0.0526315789, 0.0350877193, 0.0175438596, 0.0175438596, 0, 0.0175438596, 0.0350877193, 0.0175438596, 0, 1, 0;0, 0, 0.0877192982, 0.0175438596, 0.0350877193, 0.0526315789, 0.0175438596, 0, 0, 0, 1]
data_train = ['CAATCCACGCGGAATCCTTAAAATTAGGCTTCCTTAGCCTCTGCGTAACCAGAAGACTTC', 'TCAAAAGTCAAAGATGCGATCCCGTGCGTTGTACTGTTCATTTTCTAGAGGGTATGACCT', 'GCTACCCGAAAATGAAAAAGAGTATACGCAGGAGCAAAGTAGCCGCGAAAAACATTATGT', 'CGACAGCACCTCCTATAGAAAGCCCCGACTAGAGTAAATCAATAGGCAGCAGATGGGCTC', 'TATGATCGCGAACTGAAAAGAAAAGTGCATCGAGAAATGAGTGCAAACTCGGGCTTTCCG', 'ATAAACGAATGACGAAACGGGGAGCCAGGATCCTTATTGAATGATGTTTCAAACAGCTAT', 'TTTTCTTCACCATCATCTGTTGAATATTCGTAGACTTGACGAGTCTGCTTGGGATTCATA', 'GGGTTTGAGCACATGTACGCCAGAGTCCCTTAGTTTTTATTAGAACCACGGTCAAGGCAA', 'CGTAGAAGGCAGCGAATTAGGATAACTGCTTCCTCTGGGATTACCATGTTAACCGAAGTG', 'ACGACCATAGCCACATGTGTCTAGACATTTGTCTTTGCCCAAGGCGACGGTTAGAACCCT', 'CGCAAGGTTATTAGTCTTGGGGAAGAGTGCGAGCAAAAAATGCTGCGAAATGTCTGGAAT']
size_ = 10
seqlen = 60
data_test = ['GCAGGACCGGGTACTACCACATAGGCCACGTAGATCCGTGGCGGGATGGCCTAATTGTTG', 'AAGGTTGCGTACTCGGACCAATCGCTCCTTATCCAAGCCGTAGATGTAACCATACTCTAC']
km_test = [0, 0.0350877193;0, 0;0.0175438596, 0;0, 0;0, 0;0, 0.0701754386;0.0877192982, 0;0.0175438596, 0.0701754386;0.0175438596, 0;0.0175438596, 0.0175438596;0, 0.0175438596]
alphabet = 'DNA'
