name = 'FixedDegreeString'
feature_type = 'Char'
data_type = ''
km_train = [1, 0, 0.0175438596, 0.0526315789, 0.0526315789, 0.0175438596, 0.0175438596, 0, 0, 0.0175438596, 0;0, 1, 0, 0, 0.0175438596, 0, 0, 0.0175438596, 0, 0.0350877193, 0;0.0175438596, 0, 1, 0.0175438596, 0.0701754386, 0, 0.0175438596, 0, 0.0175438596, 0, 0;0.0526315789, 0, 0.0175438596, 1, 0.0175438596, 0, 0.0175438596, 0.0350877193, 0.0350877193, 0, 0.0350877193;0.0526315789, 0.0175438596, 0.0701754386, 0.0175438596, 1, 0.0175438596, 0, 0, 0, 0, 0;0.0175438596, 0, 0, 0, 0.0175438596, 1, 0.105263158, 0, 0.0175438596, 0, 0.0350877193;0.0175438596, 0, 0.0175438596, 0.0175438596, 0, 0.105263158, 1, 0.0175438596, 0, 0, 0.0175438596;0, 0.0175438596, 0, 0.0350877193, 0, 0, 0.0175438596, 1, 0.0175438596, 0, 0;0, 0, 0.0175438596, 0.0350877193, 0, 0.0175438596, 0, 0.0175438596, 1, 0, 0.0175438596;0.0175438596, 0.0350877193, 0, 0, 0, 0, 0, 0, 0, 1, 0.0701754386;0, 0, 0, 0.0350877193, 0, 0.0350877193, 0.0175438596, 0, 0.0175438596, 0.0701754386, 1]
data_train = ['GACGTGACGGCCGTGTGATTCTTTGAAACGGGGCCGGCAGCTAATCATGCGTGTGCACCG', 'CTGTTTTCTTCGCGGGTCCCATAATAGGGGTATCGTCCCCAGTTATTTAACGGTACGATC', 'CAGCGTACCGCCTGAAGTGAAACACATTTCAACACAAAATCAGTGGCGCCATAGGCCAGA', 'AGGCTGACGTCAGAGCGACCCCAACCAGCAAACGACGGGCTGACTCTGTTCGTCCCCGAC', 'TAAGAGCGTAGCTCGCGGAATTCAGATTTGGAGGAGTTCAAGTGAGCGAGAATGGCACCT', 'ACTTAGTTCCGCACCAGCAATGCATCGTTTGGATGAGCACTCCTGAGGAAAACGATATGA', 'ATGGGCACAAACTGCGCAGACCTCTTCAGCGTAATAGCAAACTCCCTGAAAGCGATTACT', 'CCAAACACTTGGGAGAACATCGCGCAACTGAGAGATTTTGCGCCTCGTTGTGATAGCCTA', 'GTGAGCTTGCAATGAGTGTGGCCCTATGCATCCTACGTATTCCGTTCCCGTGCCAGTATG', 'GACTCTAGCTCGACACATTTGCGAGTCCGATGCTCCACTCGAAAACAGTCCGGATGACAA', 'CGCTACCGATAGGGACATTACCGATTGGCAGGCCTGCATATGATGAACCACTTAAAATGT']
feature_class = 'string'
seqlen = 60
data_test = ['GCGATGAGCGGTAGCGGTTGTTTAAACGAGGCATCTAGGATGTCAACGCGCGCGCTTCGC', 'CTTCGGTCCCGCCAGAACAGCCGAATCCACGGGACTTACAACAGGAATAGCGCAAACGCA']
kparam0_degree = 3
km_test = [0.0175438596, 0.0175438596;0, 0;0.0175438596, 0;0.0175438596, 0;0, 0.0175438596;0, 0.0350877193;0.0350877193, 0.0175438596;0, 0.0701754386;0, 0;0.0175438596, 0.0350877193;0.0175438596, 0.0701754386]
alphabet = 'DNA'
accuracy = 1e-09
data_class = 'dna'
