name = 'FixedDegreeString'
feature_type = 'char'
data_type = ''
km_train = [1, 0.0175438596, 0.0175438596, 0.0175438596, 0.0877192982, 0.0175438596, 0, 0.0350877193, 0, 0.0350877193, 0.0175438596;0.0175438596, 1, 0, 0.0175438596, 0, 0, 0.0350877193, 0.0175438596, 0, 0, 0;0.0175438596, 0, 1, 0, 0.0175438596, 0.0175438596, 0, 0, 0.0175438596, 0, 0.0175438596;0.0175438596, 0.0175438596, 0, 1, 0.0175438596, 0, 0, 0.105263158, 0, 0, 0;0.0877192982, 0, 0.0175438596, 0.0175438596, 1, 0, 0, 0, 0.0175438596, 0.0350877193, 0.0526315789;0.0175438596, 0, 0.0175438596, 0, 0, 1, 0.0175438596, 0.0350877193, 0.0175438596, 0.0701754386, 0.0350877193;0, 0.0350877193, 0, 0, 0, 0.0175438596, 1, 0, 0.0350877193, 0.0175438596, 0;0.0350877193, 0.0175438596, 0, 0.105263158, 0, 0.0350877193, 0, 1, 0, 0, 0;0, 0, 0.0175438596, 0, 0.0175438596, 0.0175438596, 0.0350877193, 0, 1, 0.0175438596, 0.0175438596;0.0350877193, 0, 0, 0, 0.0350877193, 0.0701754386, 0.0175438596, 0, 0.0175438596, 1, 0.0350877193;0.0175438596, 0, 0.0175438596, 0, 0.0526315789, 0.0350877193, 0, 0, 0.0175438596, 0.0350877193, 1]
data_train = ['ATGGTTGTATCTATGTGTAGGTAGTGCCGAGCCTTGCGAATGCAGGTACAGTGCATCGAC', 'AATTCTCGCGTGGCTCTCGCTATTACCTTAGAGCGGATAATAGGGGATCCCATGGTGGCG', 'TCGTGCCCGCTTCTGCTAGGGCCGTCCCGTCCGGACACCCGAGTTACCTTGTCTGCGTCC', 'GGCACTACCAAAGTATGCAAGTATTTGGGAATAGTGGCTGACAGCTTCAGCAAGGTTAAT', 'ATTTGAACCTCGGGGTGTCGGTCTAGCCGCCCAATTTGCTATCTTCTTAGTGTATGCTGA', 'ACCGATGTTCGCGTTGTAGTACGGCTTTCACGACGCAAAGAAACGAGACCTACGTGTCCC', 'TGCCGCAGAAATACCGCTTACGTTACGGAACAACGTCTGTTTTCAGGCATGGGTCGTTCC', 'TCCACCATTTCCGTTCTTTTAAGCTTGGTTAATAGAGCTGCTTTCACTAAGTGAGTTCGG', 'TCTCGCCATATATGAGAGAATAATCAGGATGGAGAAGGCCACGTGCAGAGTACAGGCACC', 'TAGAAGAGATGATCTTAACCCTTGTTTCCGTGAGGTTTGCGTCTTGTACTCGCGTGTCTC', 'ATCTGCTAGGGATGCCCAGCACGGGCTCATTACTTTTGTCGTAACCCGGTTATAAGCTTT']
feature_class = 'string'
seqlen = 60
data_test = ['ATTCTAGGTCGGACCTGTGCTGCGCAGTTTCGACTTTCTAATGGGAAATTAGTCTAGAGT', 'TTTATGCTTAAGGTAACAATCCACTGTCCCCTCGAGTGGTGCCGGCCTACATAGAGTCGC']
kparam0_degree = 3
km_test = [0.0175438596, 0;0.0350877193, 0;0, 0;0, 0.0175438596;0.0526315789, 0;0.0526315789, 0.0175438596;0.0175438596, 0;0, 0.0350877193;0.0175438596, 0;0, 0.0350877193;0.0175438596, 0]
alphabet = 'DNA'
accuracy = 1e-09
data_class = 'dna'
