name = 'FixedDegreeString'
feature_type = 'char'
data_type = ''
km_train = [1, 0, 0.0175438596, 0, 0, 0.0175438596, 0.0175438596, 0.0350877193, 0.0701754386, 0, 0;0, 1, 0.0350877193, 0, 0, 0, 0.0350877193, 0.0175438596, 0.0350877193, 0.0350877193, 0.0175438596;0.0175438596, 0.0350877193, 1, 0, 0.0701754386, 0, 0, 0, 0, 0, 0.0175438596;0, 0, 0, 1, 0.0175438596, 0.0350877193, 0.0175438596, 0.0350877193, 0.0175438596, 0, 0.0350877193;0, 0, 0.0701754386, 0.0175438596, 1, 0, 0.0175438596, 0, 0.0350877193, 0, 0.0175438596;0.0175438596, 0, 0, 0.0350877193, 0, 1, 0, 0, 0.0350877193, 0, 0.0526315789;0.0175438596, 0.0350877193, 0, 0.0175438596, 0.0175438596, 0, 1, 0.0175438596, 0.0350877193, 0, 0;0.0350877193, 0.0175438596, 0, 0.0350877193, 0, 0, 0.0175438596, 1, 0.0877192982, 0.0526315789, 0;0.0701754386, 0.0350877193, 0, 0.0175438596, 0.0350877193, 0.0350877193, 0.0350877193, 0.0877192982, 1, 0.0877192982, 0;0, 0.0350877193, 0, 0, 0, 0, 0, 0.0526315789, 0.0877192982, 1, 0.0350877193;0, 0.0175438596, 0.0175438596, 0.0350877193, 0.0175438596, 0.0526315789, 0, 0, 0, 0.0350877193, 1]
data_train = ['TATCCGGGCATGAGTTGCCAAACATTGAGCCCCCCATTTCCACAGATCGGCCGTGTGTTC', 'CCTAGATGGCAACATTAGTTTAATATCTCAGCCGCAGCCGCGAAAGGTTTAGGCCAGATC', 'GCGTCTCGAACGGCGTATCAGGTGGGTCTGACATCATAGGCTTTTATATTAGAAATTGCG', 'TAAGTACTGTGATACAACAATTAATGTTCCCTCGTCACCAGCTCCAATGGTTGTAATCGG', 'TGATTCCTAATTCTACTGAAGTCCCTAGTGACATTCAGTATACGTCAACTCAGCGTCTAT', 'GTAGGTAAAGGATTGAGTGGCAGGGCCCCTACCTCCTGCTGAGCACAGGGACGTATGGGT', 'CGCCGATCTATTGAGGGCGCCTTTTCTCCCTGCCATGTGGAGAAGCGTCACCGCAATTTT', 'AACACCGCAAATAATTGTTAGAAATTTTACTGTCAGCGAGATCGCGCATGCGTACATCTC', 'CGGTAGCTAGCGCGAGGAGCGCTTCTTTACCCCGTGATATCGACACAATGCCGCTGTATC', 'CCACAATACGATATTACGACGCACTACTACCACCTTGCCCCGACTCCATATGGTTACATA', 'GTAAACATTCCGTACATACCACACTCGTCTACAGATCTAATCAGAGGAACTCTATAACAC']
feature_class = 'string'
data_test = ['ATATCGATAGTATGCGGGTATTCTAACTCTCAACATCACCGTAGCGCCTCCTGGATTCTG', 'AGCCAGATAACCCCTGACTCATGGAAGAGGCTTGAACATACCGACCTATTCTATGCCATA']
kparam0_degree = 3
km_test = [0, 0.0175438596;0.0175438596, 0;0.0175438596, 0.0526315789;0.0175438596, 0;0, 0.0175438596;0, 0;0.0175438596, 0.0175438596;0.0526315789, 0;0.0175438596, 0;0.0175438596, 0.0175438596;0.0350877193, 0]
alphabet = 'DNA'
accuracy = 1e-09
len_seq = 60
data_class = 'dna'
