name = 'GaussianShift'
feature_type = 'real'
data_type = 'double'
km_train = [1.57476276, 0.731659656, 0.587571221, 0.640229939, 0.981263985, 0.345236539, 0.345517389, 0.585458889, 0.838486674, 0.976255097, 0.441703912;0.731659656, 1.19653359, 0.560819619, 0.284037662, 0.925028792, 0.387058205, 0.501758006, 0.706959647, 0.540061442, 0.713948535, 0.547090445;0.587571221, 0.560819619, 1.39780936, 0.887483878, 0.493591369, 0.562854282, 0.32559636, 0.758719438, 1.0428326, 0.358003499, 0.707199195;0.640229939, 0.284037662, 0.887483878, 1.51118994, 0.309512839, 0.314145177, 0.174948576, 0.446288551, 0.981411964, 0.306315727, 0.412018197;0.981263985, 0.925028792, 0.493591369, 0.309512839, 1.44836135, 0.336479194, 0.473462453, 0.656556254, 0.573508496, 1.14382601, 0.600357848;0.345236539, 0.387058205, 0.562854282, 0.314145177, 0.336479194, 1.32045665, 0.161372759, 0.397411204, 0.552220725, 0.393713877, 0.359608252;0.345517389, 0.501758006, 0.32559636, 0.174948576, 0.473462453, 0.161372759, 1.02559609, 0.42815651, 0.268971051, 0.374453408, 0.277740191;0.585458889, 0.706959647, 0.758719438, 0.446288551, 0.656556254, 0.397411204, 0.42815651, 1.20052506, 0.807572233, 0.567114326, 0.744456777;0.838486674, 0.540061442, 1.0428326, 0.981411964, 0.573508496, 0.552220725, 0.268971051, 0.807572233, 1.5633558, 0.613754151, 0.770596081;0.976255097, 0.713948535, 0.358003499, 0.306315727, 1.14382601, 0.393713877, 0.374453408, 0.567114326, 0.613754151, 1.47999658, 0.449575803;0.441703912, 0.547090445, 0.707199195, 0.412018197, 0.600357848, 0.359608252, 0.277740191, 0.744456777, 0.770596081, 0.449575803, 1.15533538]
kparam2_shift_step = 1
data_train = [0.471626365, 0.227481604, 0.166185, 0.332729477, 0.939924373, 0.343026713, 0.988124076, 0.485230456, 0.179163918, 0.891140092, 0.460355373;0.709671344, 0.983711583, 0.0501753503, 0.0966945598, 0.720456741, 0.281825003, 0.184301397, 0.0393618798, 0.021846712, 0.774485603, 0.134433427;0.467720616, 0.605896815, 0.428351801, 0.0271066523, 0.783501503, 0.0105132245, 0.761889894, 0.893304494, 0.432839921, 0.535542473, 0.476983393;0.389208619, 0.887424535, 0.893933511, 0.335816365, 0.615069754, 0.926907562, 0.962058499, 0.50895904, 0.452824805, 0.278694316, 0.958871873;0.142814304, 0.579829576, 0.282550268, 0.27900829, 0.404968587, 0.998792936, 0.0549663068, 0.578541818, 0.082572158, 0.15452083, 0.439562942;0.510460131, 0.258792408, 0.316457131, 0.0869670203, 0.303219784, 0.966558439, 0.944707382, 0.33487829, 0.570853936, 0.909595391, 0.00618382264;0.81068357, 0.948369553, 0.0913257343, 0.161447686, 0.960746303, 0.537540144, 0.0141966345, 0.257631999, 0.449943674, 0.692908911, 0.733160378;0.995421513, 0.287511199, 0.538220102, 0.533323548, 0.405645259, 0.169161894, 0.977456563, 0.853317187, 0.498333028, 0.603245423, 0.227261054;0.54378707, 0.694970133, 0.515167028, 0.990285171, 0.611341656, 0.370973713, 0.772152028, 0.170462512, 0.384515814, 0.34695895, 0.431807095;0.781779826, 0.484173032, 0.79401445, 0.576488903, 0.342069435, 0.809978744, 0.238289671, 0.22438298, 0.504502924, 0.260849246, 0.00908703495;0.648297527, 0.511093821, 0.445517814, 0.966968515, 0.571199184, 0.863431578, 0.139450236, 0.569206463, 0.867979627, 0.583105757, 0.718014178]
feature_class = 'simple'
data_test = [0.372043568, 0.092449517, 0.457900295, 0.394479391, 0.867060182, 0.243995302, 0.966734228, 0.95813812, 0.247631643, 0.348051955, 0.895555741, 0.966622221, 0.443439103, 0.320997046, 0.526094013, 0.687769206, 0.273474515;0.736473175, 0.0516573571, 0.0492944928, 0.386287705, 0.353473192, 0.315633215, 0.491019763, 0.320733582, 0.192257918, 0.309469549, 0.974904273, 0.411113417, 0.444712777, 0.57654499, 0.983340768, 0.241601276, 0.681282111;0.715984694, 0.607324417, 0.0885783396, 0.676872276, 0.064094711, 0.59614265, 0.739581177, 0.210969891, 0.841622008, 0.0303538055, 0.843812864, 0.460329051, 0.21758794, 0.133778145, 0.953307168, 0.0726655876, 0.19909342;0.347822347, 0.620234849, 0.544801085, 0.125643492, 0.289727984, 0.238751771, 0.213542854, 0.411144336, 0.704031453, 0.217452932, 0.36667888, 0.390917427, 0.976456529, 0.954666357, 0.800137583, 0.241658921, 0.0680373141;0.316904138, 0.266794549, 0.5059258, 0.77772791, 0.858322939, 0.844864085, 0.359675561, 0.687234343, 0.312834198, 0.0609055432, 0.701565266, 0.00982755257, 0.409182587, 0.329379269, 0.693377539, 0.766245473, 0.304094636;0.811627014, 0.293916761, 0.44632636, 0.727018527, 0.692920229, 0.987368472, 0.225161024, 0.662317914, 0.609681908, 0.915098454, 0.156362142, 0.751798164, 0.568268616, 0.27466587, 0.474434914, 0.333776597, 0.579313403;0.889000611, 0.569304984, 0.631722418, 0.518747847, 0.0511655064, 0.232858557, 0.492001729, 0.310235284, 0.181763598, 0.504132842, 0.322809793, 0.258107643, 0.463985417, 0.133284258, 0.927745733, 0.867702098, 0.707620586;0.106213828, 0.775877254, 0.807957328, 0.767764618, 0.113965887, 0.643907957, 0.834324796, 0.577353401, 0.646407375, 0.458363479, 0.52870732, 0.0343768584, 0.638963022, 0.0814472129, 0.435014594, 0.292655098, 0.54542795;0.133416336, 0.691643402, 0.795011537, 0.16335445, 0.104313087, 0.145515483, 0.877127562, 0.528189262, 0.467260996, 0.106711819, 0.649556007, 0.867999592, 0.828185869, 0.626054709, 0.0752787167, 0.112397027, 0.0493089871;0.257479216, 0.135661467, 0.26004804, 0.385058056, 0.942982784, 0.61037606, 0.834973786, 0.710351501, 0.112503131, 0.735920406, 0.275098882, 0.639107847, 0.340961974, 0.997672263, 0.263551479, 0.279130471, 0.930672256;0.0246444046, 0.696688988, 0.725326391, 0.836378577, 0.974439311, 0.975601919, 0.0652767576, 0.821839323, 0.646309934, 0.647342134, 0.128349927, 0.650187166, 0.982482581, 0.91181857, 0.439130661, 0.0399479733, 0.36229349]
