name = 'GaussianShift'
feature_type = 'Real'
data_type = 'double'
km_train = [1.26260345, 0.557992642, 0.496434251, 0.539213287, 0.348703289, 0.550785989, 0.379053823, 0.504296939, 0.460112675, 0.568491718, 0.345594777;0.557992642, 1.23198544, 0.844320763, 0.59241863, 0.324015262, 0.630036984, 0.33491617, 0.504802233, 0.537158231, 0.83397516, 0.505397127;0.496434251, 0.844320763, 1.45526705, 0.714740713, 0.311518546, 0.823780227, 0.292136208, 0.36854125, 0.345540875, 0.705058311, 0.517435185;0.539213287, 0.59241863, 0.714740713, 1.15968789, 0.312718863, 0.701768726, 0.412291735, 0.715325656, 0.525450443, 0.519662267, 0.446648364;0.348703289, 0.324015262, 0.311518546, 0.312718863, 1.10677518, 0.464104455, 0.376179796, 0.311023641, 0.25388458, 0.416843549, 0.599291333;0.550785989, 0.630036984, 0.823780227, 0.701768726, 0.464104455, 1.30527201, 0.424977047, 0.485406644, 0.486989578, 0.542754947, 0.61973608;0.379053823, 0.33491617, 0.292136208, 0.412291735, 0.376179796, 0.424977047, 1.09235646, 0.486219551, 0.293546563, 0.556996446, 0.408669738;0.504296939, 0.504802233, 0.36854125, 0.715325656, 0.311023641, 0.485406644, 0.486219551, 1.1090698, 0.42848543, 0.424648497, 0.418872716;0.460112675, 0.537158231, 0.345540875, 0.525450443, 0.25388458, 0.486989578, 0.293546563, 0.42848543, 1.04402375, 0.562033593, 0.46854445;0.568491718, 0.83397516, 0.705058311, 0.519662267, 0.416843549, 0.542754947, 0.556996446, 0.424648497, 0.562033593, 1.23487733, 0.620582221;0.345594777, 0.505397127, 0.517435185, 0.446648364, 0.599291333, 0.61973608, 0.408669738, 0.418872716, 0.46854445, 0.620582221, 1.5866441]
kparam2_shift_step = 1
data_train = [0.929921763, 0.545083413, 0.661466205, 0.903273622, 0.0985468514, 0.232078578, 0.708900006, 0.823744462, 0.857029028, 0.415107177, 0.0893399023;0.437781477, 0.23073459, 0.291196455, 0.772267557, 0.075527086, 0.827581217, 0.427669086, 0.596063931, 0.0896522312, 0.337359078, 0.089700919;0.961543723, 0.807261649, 0.459632754, 0.223602548, 0.933455105, 0.344596596, 0.160984432, 0.563164388, 0.94377412, 0.0038302905, 0.238124843;0.93844764, 0.171085967, 0.113243452, 0.570187216, 0.861843823, 0.477109818, 0.994564257, 0.6791717, 0.0740749072, 0.992832132, 0.407894237;0.287402534, 0.557879184, 0.304307592, 0.0864575071, 0.00142834308, 0.449583353, 0.836863422, 0.572315186, 0.999207299, 0.286846646, 0.280455065;0.15974946, 0.164063588, 0.285186596, 0.792840045, 0.905756791, 0.97508717, 0.232289654, 0.881297546, 0.328255089, 0.112840545, 0.870024926;0.636105635, 0.164730896, 0.429831258, 0.287257695, 0.736794569, 0.453416231, 0.989279945, 0.0547449823, 0.355015266, 0.481900167, 0.503133555;0.315935822, 0.729240249, 0.874747073, 0.938719302, 0.805093377, 0.850580197, 0.550545301, 0.825888226, 0.303503909, 0.398478762, 0.316913014;0.467387335, 0.285579616, 0.961611442, 0.312844628, 0.0980445381, 0.526817166, 0.0570990784, 0.110543166, 0.219389389, 0.46435025, 0.433250932;0.799691862, 0.739474654, 0.426318294, 0.333704208, 0.316468784, 0.773995087, 0.0520724062, 0.0128216495, 0.795544392, 0.477146376, 0.130881139;0.235565935, 0.932503953, 0.859502976, 0.70978505, 0.48222523, 0.520323626, 0.975244535, 0.965770444, 0.215269046, 0.811104566, 0.197242666]
feature_class = 'simple'
data_test = [0.213537478, 0.676093034, 0.405001099, 0.931544407, 0.0890097349, 0.511525641, 0.91852153, 0.90411366, 0.156529213, 0.3666377, 0.6191214, 0.159394885, 0.968022172, 0.914749329, 0.166950179, 0.121155461, 0.0854084828;0.909443664, 0.19362381, 0.416284929, 0.448851366, 0.599011044, 0.0717353437, 0.226758617, 0.931490387, 0.908410107, 0.781290647, 0.0194012456, 0.327006768, 0.627958735, 0.275190212, 0.909586695, 0.633889462, 0.0719067173;0.909005589, 0.957766658, 0.0777124184, 0.532360235, 0.303364282, 0.392839076, 0.179651218, 0.578072102, 0.957979353, 0.5030726, 0.0829145814, 0.620001333, 0.340222994, 0.85592519, 0.434678148, 0.192839609, 0.191105623;0.768764181, 0.265587598, 0.767233394, 0.205887311, 0.321686369, 0.465486972, 0.94319585, 0.931731425, 0.206871875, 0.358219041, 0.149399388, 0.509985079, 0.460582551, 0.900760162, 0.930005378, 0.383567391, 0.491737943;0.896236249, 0.806707808, 0.00365631134, 0.320059564, 0.421774242, 0.229716284, 0.199571616, 0.0377845066, 0.643369725, 0.26251029, 0.0523471784, 0.230979311, 0.801913953, 0.851489182, 0.483066245, 0.41607067, 0.977853694;0.20056466, 0.215359283, 0.291867177, 0.172757318, 0.379365598, 0.910834227, 0.615347841, 0.411946549, 0.934410795, 0.0484642325, 0.210276178, 0.565888605, 0.615552623, 0.0395575066, 0.403038758, 0.649153965, 0.698070546;0.638139903, 0.320563224, 0.0935201236, 0.427112446, 0.128754437, 0.947623659, 0.475170866, 0.317259174, 0.766304071, 0.497948593, 0.310034024, 0.811967742, 0.867152151, 0.673008166, 0.0469644224, 0.56632288, 0.763294912;0.136503012, 0.228670751, 0.882495105, 0.0201217219, 0.752727138, 0.473773293, 0.446772159, 0.00709653249, 0.819398231, 0.359824901, 0.540765631, 0.677300686, 0.702629576, 0.955980059, 0.531339953, 0.399719551, 0.953703626;0.642110235, 0.298150356, 0.126464245, 0.842554501, 0.362181603, 0.660469721, 0.470816419, 0.19892978, 0.601686609, 0.060683069, 0.41334246, 0.54661494, 0.436046974, 0.748672175, 0.827924955, 0.771243074, 0.0388129478;0.19412877, 0.536607509, 0.93482204, 0.834956775, 0.842534508, 0.303208194, 0.429447897, 0.470705947, 0.157371583, 0.0310681302, 0.946902899, 0.240712586, 0.239948904, 0.0833790538, 0.928507752, 0.579737115, 0.667036857;0.911576887, 0.345620169, 0.621507311, 0.0387994547, 0.186772528, 0.831245805, 0.766768356, 0.350642691, 0.376810628, 0.533554434, 0.000241004685, 0.241244336, 0.208231809, 0.250482947, 0.805905843, 0.279673857, 0.191521322]
km_test = [0.642950634, 0.714463372, 0.410142429, 0.675195812, 0.541643188, 0.393205074, 0.643416453, 0.820186462, 0.488493019, 0.601968734, 0.331969674, 0.640505642, 0.590002579, 0.569372146, 0.657353899, 0.587999167, 0.230262221;0.494270542, 0.757691189, 0.658028158, 0.583564001, 0.780717128, 0.548469726, 0.769812519, 0.54877011, 0.320097997, 0.648309141, 0.528223136, 0.628583788, 0.429238011, 0.315368838, 0.754466352, 0.825134708, 0.3090497;0.318629547, 0.49466419, 0.684031364, 0.70159228, 0.896409382, 0.748870465, 0.707099891, 0.361763588, 0.417286971, 0.514299478, 0.746296077, 0.815128214, 0.592063317, 0.392331599, 0.662052981, 0.983244204, 0.427763568;0.469761228, 0.63545923, 0.520789399, 0.622776955, 0.546617589, 0.603397743, 0.762654213, 0.530717086, 0.506518227, 0.645219859, 0.419665856, 0.6772496, 0.84479126, 0.419235651, 0.401526306, 0.694000167, 0.331627813;0.402883223, 0.390829833, 0.269542053, 0.207740702, 0.37611429, 0.584348535, 0.4378157, 0.23658156, 0.551065529, 0.416082197, 0.200576011, 0.884598704, 0.475467321, 0.434250855, 0.226768645, 0.522429579, 0.449888814;0.537962633, 0.613297674, 0.479935367, 0.53708134, 0.817373689, 0.878720707, 0.668864406, 0.353239577, 0.786723339, 0.456512232, 0.391959717, 0.933765162, 0.903870609, 0.511516874, 0.669524351, 1.0871134, 0.587564727;0.386447723, 0.402330642, 0.254368532, 0.206084343, 0.354953048, 0.461928842, 0.579706864, 0.329102818, 0.401886424, 0.448892668, 0.183179032, 0.490162844, 0.688460542, 0.388855428, 0.234341409, 0.41770436, 0.411324703;0.531436928, 0.58591358, 0.302351908, 0.40339152, 0.381153874, 0.426978624, 0.590434768, 0.492730196, 0.464478902, 0.552735687, 0.204064494, 0.530257949, 0.700914043, 0.376999874, 0.33510889, 0.527733424, 0.297254405;0.398532398, 0.941743003, 0.340016842, 0.500740964, 0.489744682, 0.377969633, 0.585429605, 0.518170285, 0.286574056, 0.471267844, 0.339435839, 0.472803971, 0.484329081, 0.283773999, 0.494809597, 0.616060897, 0.295791344;0.443968381, 0.748267975, 0.727419745, 0.549589636, 0.774154691, 0.616471804, 0.902593005, 0.475444648, 0.29906311, 0.665637878, 0.6066953, 0.716560818, 0.511008493, 0.362592581, 0.608785572, 0.763643147, 0.435446837;0.339272521, 0.663549027, 0.411536147, 0.46099084, 0.79879607, 0.849123857, 0.625924116, 0.325322605, 0.49826489, 0.711128689, 0.680321946, 1.17997473, 0.710664669, 0.31184462, 0.277383511, 1.07111255, 0.831860241]
kparam0_width = 1.3
accuracy = 1e-08
kparam1_max_shift = 2
data_class = 'rand'
