name = 'Gaussian'
feature_type = 'real'
data_type = 'double'
km_train = [1, 0.365993705, 0.289765778, 0.256657347, 0.443821915, 0.149254994, 0.158459171, 0.281474674, 0.42941943, 0.524668689, 0.182892116;0.365993705, 1, 0.226847215, 0.141685619, 0.557295666, 0.205571257, 0.0653329323, 0.16617962, 0.213389261, 0.249406676, 0.37692105;0.289765778, 0.226847215, 1, 0.427422072, 0.174473731, 0.26483232, 0.227746034, 0.416129095, 0.579246445, 0.145481415, 0.333614062;0.256657347, 0.141685619, 0.427422072, 1, 0.148322543, 0.158006141, 0.08394314, 0.210791621, 0.482791947, 0.127906219, 0.258850872;0.443821915, 0.557295666, 0.174473731, 0.148322543, 1, 0.131920016, 0.158985647, 0.285824331, 0.245255631, 0.541362513, 0.4214498;0.149254994, 0.205571257, 0.26483232, 0.158006141, 0.131920016, 1, 0.0528697855, 0.132782562, 0.269790394, 0.140827058, 0.184507991;0.158459171, 0.0653329323, 0.227746034, 0.08394314, 0.158985647, 0.0528697855, 1, 0.257434558, 0.162743912, 0.238042173, 0.101519441;0.281474674, 0.16617962, 0.416129095, 0.210791621, 0.285824331, 0.132782562, 0.257434558, 1, 0.467888972, 0.274434719, 0.377155228;0.42941943, 0.213389261, 0.579246445, 0.482791947, 0.245255631, 0.269790394, 0.162743912, 0.467888972, 1, 0.328764803, 0.391251486;0.524668689, 0.249406676, 0.145481415, 0.127906219, 0.541362513, 0.140827058, 0.238042173, 0.274434719, 0.328764803, 1, 0.185446924;0.182892116, 0.37692105, 0.333614062, 0.258850872, 0.4214498, 0.184507991, 0.101519441, 0.377155228, 0.391251486, 0.185446924, 1]
data_train = [0.471626365, 0.227481604, 0.166185, 0.332729477, 0.939924373, 0.343026713, 0.988124076, 0.485230456, 0.179163918, 0.891140092, 0.460355373;0.709671344, 0.983711583, 0.0501753503, 0.0966945598, 0.720456741, 0.281825003, 0.184301397, 0.0393618798, 0.021846712, 0.774485603, 0.134433427;0.467720616, 0.605896815, 0.428351801, 0.0271066523, 0.783501503, 0.0105132245, 0.761889894, 0.893304494, 0.432839921, 0.535542473, 0.476983393;0.389208619, 0.887424535, 0.893933511, 0.335816365, 0.615069754, 0.926907562, 0.962058499, 0.50895904, 0.452824805, 0.278694316, 0.958871873;0.142814304, 0.579829576, 0.282550268, 0.27900829, 0.404968587, 0.998792936, 0.0549663068, 0.578541818, 0.082572158, 0.15452083, 0.439562942;0.510460131, 0.258792408, 0.316457131, 0.0869670203, 0.303219784, 0.966558439, 0.944707382, 0.33487829, 0.570853936, 0.909595391, 0.00618382264;0.81068357, 0.948369553, 0.0913257343, 0.161447686, 0.960746303, 0.537540144, 0.0141966345, 0.257631999, 0.449943674, 0.692908911, 0.733160378;0.995421513, 0.287511199, 0.538220102, 0.533323548, 0.405645259, 0.169161894, 0.977456563, 0.853317187, 0.498333028, 0.603245423, 0.227261054;0.54378707, 0.694970133, 0.515167028, 0.990285171, 0.611341656, 0.370973713, 0.772152028, 0.170462512, 0.384515814, 0.34695895, 0.431807095;0.781779826, 0.484173032, 0.79401445, 0.576488903, 0.342069435, 0.809978744, 0.238289671, 0.22438298, 0.504502924, 0.260849246, 0.00908703495;0.648297527, 0.511093821, 0.445517814, 0.966968515, 0.571199184, 0.863431578, 0.139450236, 0.569206463, 0.867979627, 0.583105757, 0.718014178]
feature_class = 'simple'
data_test = [0.372043568, 0.092449517, 0.457900295, 0.394479391, 0.867060182, 0.243995302, 0.966734228, 0.95813812, 0.247631643, 0.348051955, 0.895555741, 0.966622221, 0.443439103, 0.320997046, 0.526094013, 0.687769206, 0.273474515;0.736473175, 0.0516573571, 0.0492944928, 0.386287705, 0.353473192, 0.315633215, 0.491019763, 0.320733582, 0.192257918, 0.309469549, 0.974904273, 0.411113417, 0.444712777, 0.57654499, 0.983340768, 0.241601276, 0.681282111;0.715984694, 0.607324417, 0.0885783396, 0.676872276, 0.064094711, 0.59614265, 0.739581177, 0.210969891, 0.841622008, 0.0303538055, 0.843812864, 0.460329051, 0.21758794, 0.133778145, 0.953307168, 0.0726655876, 0.19909342;0.347822347, 0.620234849, 0.544801085, 0.125643492, 0.289727984, 0.238751771, 0.213542854, 0.411144336, 0.704031453, 0.217452932, 0.36667888, 0.390917427, 0.976456529, 0.954666357, 0.800137583, 0.241658921, 0.0680373141;0.316904138, 0.266794549, 0.5059258, 0.77772791, 0.858322939, 0.844864085, 0.359675561, 0.687234343, 0.312834198, 0.0609055432, 0.701565266, 0.00982755257, 0.409182587, 0.329379269, 0.693377539, 0.766245473, 0.304094636;0.811627014, 0.293916761, 0.44632636, 0.727018527, 0.692920229, 0.987368472, 0.225161024, 0.662317914, 0.609681908, 0.915098454, 0.156362142, 0.751798164, 0.568268616, 0.27466587, 0.474434914, 0.333776597, 0.579313403;0.889000611, 0.569304984, 0.631722418, 0.518747847, 0.0511655064, 0.232858557, 0.492001729, 0.310235284, 0.181763598, 0.504132842, 0.322809793, 0.258107643, 0.463985417, 0.133284258, 0.927745733, 0.867702098, 0.707620586;0.106213828, 0.775877254, 0.807957328, 0.767764618, 0.113965887, 0.643907957, 0.834324796, 0.577353401, 0.646407375, 0.458363479, 0.52870732, 0.0343768584, 0.638963022, 0.0814472129, 0.435014594, 0.292655098, 0.54542795;0.133416336, 0.691643402, 0.795011537, 0.16335445, 0.104313087, 0.145515483, 0.877127562, 0.528189262, 0.467260996, 0.106711819, 0.649556007, 0.867999592, 0.828185869, 0.626054709, 0.0752787167, 0.112397027, 0.0493089871;0.257479216, 0.135661467, 0.26004804, 0.385058056, 0.942982784, 0.61037606, 0.834973786, 0.710351501, 0.112503131, 0.735920406, 0.275098882, 0.639107847, 0.340961974, 0.997672263, 0.263551479, 0.279130471, 0.930672256;0.0246444046, 0.696688988, 0.725326391, 0.836378577, 0.974439311, 0.975601919, 0.0652767576, 0.821839323, 0.646309934, 0.647342134, 0.128349927, 0.650187166, 0.982482581, 0.91181857, 0.439130661, 0.0399479733, 0.36229349]
km_test = [0.245829147, 0.379369667, 0.413308872, 0.413413776, 0.127197014, 0.266499438, 0.426593676, 0.386885683, 0.299645812, 0.415355539, 0.245894836, 0.257339966, 0.40132992, 0.218188117, 0.28180385, 0.188463693, 0.537230759;0.340686608, 0.293039088, 0.244870498, 0.207882296, 0.0770529212, 0.131122597, 0.18794342, 0.184471744, 0.24373444, 0.134940685, 0.330000319, 0.167385403, 0.385442175, 0.29189665, 0.56729878, 0.196645168, 0.236911476;0.138029028, 0.490608228, 0.398606923, 0.230092987, 0.183168032, 0.253752629, 0.225754913, 0.324687328, 0.52103175, 0.312627518, 0.148363243, 0.258051707, 0.427810073, 0.509334925, 0.128870908, 0.164056424, 0.243482185;0.0518249103, 0.428391426, 0.566292403, 0.193894654, 0.189108495, 0.176857523, 0.184354273, 0.380814054, 0.271563648, 0.24579544, 0.109478957, 0.295827593, 0.458634778, 0.403267266, 0.0450678163, 0.122315143, 0.162208024;0.369565646, 0.298691262, 0.306885966, 0.297053563, 0.114796937, 0.143306647, 0.397998383, 0.341658003, 0.288529534, 0.162253797, 0.513778291, 0.340554197, 0.351004046, 0.17262445, 0.570829458, 0.286367804, 0.221002096;0.123184584, 0.14518005, 0.280797031, 0.252559482, 0.421229537, 0.375580523, 0.0550347776, 0.419157339, 0.176785474, 0.293518922, 0.0618438394, 0.165638053, 0.380092892, 0.3667794, 0.14009975, 0.184174985, 0.197310972;0.0924053291, 0.198009919, 0.193848872, 0.111983013, 0.0434231452, 0.0895587963, 0.23416652, 0.198542865, 0.36691143, 0.101519932, 0.164346168, 0.234050363, 0.219822422, 0.0662138946, 0.0821852086, 0.0621853566, 0.0542521865;0.197635248, 0.56320331, 0.389692574, 0.588802079, 0.150627809, 0.412319238, 0.252720152, 0.339629225, 0.722921317, 0.21230847, 0.281181987, 0.157313028, 0.285432747, 0.126190602, 0.277747043, 0.243755759, 0.195487855;0.225930259, 0.665951025, 0.54979022, 0.465186573, 0.222904673, 0.440495065, 0.170609041, 0.393648177, 0.619756015, 0.615194031, 0.112536412, 0.349774956, 0.488051222, 0.341881957, 0.159230384, 0.209457273, 0.363964157;0.467956608, 0.237966014, 0.294567442, 0.451694593, 0.174301981, 0.281624768, 0.288697476, 0.423422648, 0.328721885, 0.421502111, 0.327618478, 0.4181304, 0.308298935, 0.122398495, 0.373285012, 0.265472085, 0.376813546;0.193536803, 0.54112825, 0.439028769, 0.214463318, 0.099360188, 0.127928525, 0.116436805, 0.221695016, 0.421347836, 0.145397717, 0.184465024, 0.177013121, 0.442410831, 0.240856523, 0.289519428, 0.289338434, 0.118230952]
kparam0_width = 1.3
