name = 'GaussianShift'
feature_type = 'real'
data_type = 'double'
km_train = [1.23873356, 0.597852164, 0.558745701, 0.494994261, 0.408204156, 0.339517915, 0.396224268, 0.410903574, 0.339588166, 0.611279036, 0.463363057;0.597852164, 1.09434898, 0.369806774, 0.625411948, 0.47271805, 0.324327708, 0.385091901, 0.461765579, 0.276005955, 0.678250759, 0.450883647;0.558745701, 0.369806774, 1.13509291, 0.215918935, 0.468578971, 0.54312337, 0.34250577, 0.22088782, 0.303844498, 0.695623114, 0.642669512;0.494994261, 0.625411948, 0.215918935, 1.39882382, 0.663990445, 0.331204095, 0.456007741, 0.896592251, 0.233053402, 0.621234284, 0.370428011;0.408204156, 0.47271805, 0.468578971, 0.663990445, 1.34811118, 0.809256575, 0.694123032, 0.575189851, 0.365133065, 0.805830719, 1.01085347;0.339517915, 0.324327708, 0.54312337, 0.331204095, 0.809256575, 1.13078035, 0.354450174, 0.342930388, 0.222318523, 0.601767841, 0.821858436;0.396224268, 0.385091901, 0.34250577, 0.456007741, 0.694123032, 0.354450174, 1.26580349, 0.554917604, 0.416198037, 0.69862278, 0.515590234;0.410903574, 0.461765579, 0.22088782, 0.896592251, 0.575189851, 0.342930388, 0.554917604, 1.29485084, 0.234199465, 0.606391467, 0.384810775;0.339588166, 0.276005955, 0.303844498, 0.233053402, 0.365133065, 0.222318523, 0.416198037, 0.234199465, 1.1258756, 0.472113761, 0.311872707;0.611279036, 0.678250759, 0.695623114, 0.621234284, 0.805830719, 0.601767841, 0.69862278, 0.606391467, 0.472113761, 1.30014304, 0.758390101;0.463363057, 0.450883647, 0.642669512, 0.370428011, 1.01085347, 0.821858436, 0.515590234, 0.384810775, 0.311872707, 0.758390101, 1.30351789]
kparam2_shift_step = 1
data_train = [0.563737101, 0.204979233, 0.741995391, 0.0522791033, 0.852542645, 0.198196386, 0.874398032, 0.352529241, 0.722683574, 0.319225298, 0.905911671;0.126637126, 0.178519789, 0.493030125, 0.081938439, 0.195980185, 0.943766382, 0.976489661, 0.376259329, 0.923286021, 0.544824676, 0.269742466;0.702398721, 0.658901807, 0.989125319, 0.265047287, 0.672059503, 0.052023755, 0.113646039, 0.00391837495, 0.999460681, 0.802273697, 0.786723015;0.509726075, 0.300067083, 0.151264284, 0.284674739, 0.375971222, 0.756310097, 0.539661789, 0.0774836266, 0.018029009, 0.10233218, 0.410498714;0.933192917, 0.637402481, 0.8018259, 0.466374595, 0.361666083, 0.108400373, 0.875933022, 0.783160029, 0.168118098, 0.512260564, 0.487374808;0.625091553, 0.946186894, 0.579771442, 0.540217267, 0.0503229329, 0.062907476, 0.187346791, 0.0324707717, 0.743352896, 0.723330304, 0.136056234;0.836078901, 0.154786035, 0.301175587, 0.248976899, 0.372307099, 0.254663766, 0.488950926, 0.407407881, 0.986569491, 0.0559263501, 0.142181376;0.0528258939, 0.625841195, 0.0545092774, 0.836439737, 0.511938631, 0.527007625, 0.561594508, 0.170813706, 0.197690303, 0.318817323, 0.593496416;0.210117776, 0.116331727, 0.970116886, 0.0219818148, 0.802697405, 0.78803515, 0.297214114, 0.135626616, 0.145628647, 0.697431617, 0.642806591;0.782745674, 0.937481172, 0.691927363, 0.155851537, 0.243442617, 0.842193731, 0.209306076, 0.072522317, 0.703280054, 0.402526355, 0.920040053;0.650255071, 0.0904189778, 0.947856567, 0.258557264, 0.33721249, 0.402260414, 0.0512242964, 0.496515422, 0.123318491, 0.400970327, 0.350709788]
feature_class = 'simple'
data_test = [0.772840083, 0.803170512, 0.153412882, 0.366551187, 0.373353161, 0.151410444, 0.798453505, 0.707228328, 0.190381786, 0.366721909, 0.105805025, 0.628206597, 0.121371925, 0.985934169, 0.780682075, 0.39023855, 0.578563932;0.911341816, 0.55409928, 0.174498486, 0.378703356, 0.843144865, 0.644213016, 0.650724384, 0.866821486, 0.893973057, 0.919792572, 0.0948491933, 0.544126002, 0.740509521, 0.756926845, 0.606716202, 0.166787335, 0.797420554;0.720111334, 0.0861357715, 0.463809825, 0.1739774, 0.337477046, 0.0180810922, 0.400329868, 0.549876921, 0.619582593, 0.663490345, 0.836291313, 0.215462907, 0.120481822, 0.851537172, 0.156612815, 0.974760081, 0.842538229;0.500876606, 0.981421425, 0.0973767291, 0.303065761, 0.638224415, 0.350006868, 0.928372552, 0.0656260882, 0.549411832, 0.590866267, 0.652728124, 0.255666223, 0.364566428, 0.84368053, 0.194942769, 0.826867847, 0.562655423;0.762187511, 0.713607366, 0.207511495, 0.568812736, 0.867723153, 0.432116237, 0.96659077, 0.4522151, 0.142785637, 0.38943468, 0.951702406, 0.319720849, 0.86809816, 0.881250682, 0.350186524, 0.0832576581, 0.724557909;0.311512299, 0.782923614, 0.442654848, 0.485266742, 0.777909407, 0.382363331, 0.443127345, 0.376190469, 0.367340515, 0.525946577, 0.808799445, 0.361768312, 0.524254721, 0.670727325, 0.269439446, 0.277522805, 0.933413127;0.723534573, 0.577186676, 0.647720054, 0.0292994431, 0.618102966, 0.509508873, 0.54574968, 0.359423827, 0.0814738977, 0.193339234, 0.950744713, 0.408699562, 0.466683156, 0.0527097899, 0.0375662295, 0.717181447, 0.538094664;0.508705984, 0.24312453, 0.744750732, 0.168236579, 0.189934744, 0.460712171, 0.286279862, 0.247462981, 0.645237645, 0.650971745, 0.82451707, 0.417708567, 0.073085091, 0.273666385, 0.980005463, 0.596258575, 0.709737085;0.00735782963, 0.518205732, 0.0375286575, 0.569230212, 0.92077085, 0.968419131, 0.540552675, 0.458204805, 0.945017094, 0.673609832, 0.0648992795, 0.465725578, 0.240245018, 0.469804321, 0.455465572, 0.582144803, 0.35677049;0.164270449, 0.503719435, 0.830202884, 0.664012228, 0.338367866, 0.935523023, 0.912207571, 0.209348399, 0.0394175851, 0.741308708, 0.827610261, 0.967864566, 0.889836394, 0.600534768, 0.530052339, 0.0278410513, 0.246656447;0.459614752, 0.6285039, 0.557251833, 0.74263599, 0.279766931, 0.564952608, 0.0881422434, 0.413665524, 0.750160833, 0.693400853, 0.990642737, 0.277891126, 0.498189299, 0.329530414, 0.440603114, 0.85695013, 0.684209075]
km_test = [0.604803604, 0.889731331, 0.552783776, 0.741158082, 0.710727889, 0.497796025, 0.705347696, 0.515709061, 0.370975489, 0.684374472, 0.693572163, 0.602654821, 0.768533469, 0.627474317, 0.367212714, 0.405700482, 0.791139863;0.40569792, 0.609691342, 0.628677271, 0.675601729, 0.67676323, 0.524605962, 0.490362639, 0.516285147, 0.373746605, 0.533866029, 0.398447799, 0.620247887, 0.617377117, 0.410119943, 0.388642088, 0.420319062, 0.531240275;0.39605701, 0.597641397, 0.361172344, 0.70697143, 0.516010686, 0.577727334, 0.565418171, 0.574308119, 0.42328828, 0.904640657, 0.290224841, 0.654036396, 0.529443813, 0.648600701, 0.489733183, 0.304857576, 0.57980917;0.468581666, 0.458482714, 0.817379169, 0.700384201, 0.482138319, 0.48118772, 0.323192426, 0.62098305, 0.391609067, 0.390644171, 0.326447693, 0.621018426, 0.564648375, 0.23688856, 0.575335985, 0.471612688, 0.435858226;0.637453539, 0.587027578, 0.666129936, 0.815347939, 0.57539812, 0.719635949, 0.619147047, 0.972586631, 0.748483193, 0.902155041, 0.215339008, 1.01928737, 0.555031258, 0.612648443, 0.971989682, 0.686187669, 0.57544721;0.317801726, 0.372606816, 0.48719273, 0.72444591, 0.39045287, 0.845094165, 0.408194836, 0.588469455, 0.581554656, 0.814693701, 0.178767674, 0.832011859, 0.475945309, 0.35988363, 0.680222017, 0.423169901, 0.327316358;0.94179205, 0.668344491, 0.322677035, 0.480770112, 0.66365694, 0.340373522, 0.679121407, 0.958340562, 0.432586249, 0.58146882, 0.168412902, 0.631898957, 0.456727945, 0.714091989, 0.655843512, 0.429478296, 0.723260332;0.495443636, 0.450670203, 0.591195854, 0.844983054, 0.370882577, 0.405696984, 0.305364432, 0.798528291, 0.338086699, 0.363115449, 0.158234736, 0.681315341, 0.618244078, 0.281377003, 0.605338607, 0.312012669, 0.334243995;0.633427222, 0.384381072, 0.369808546, 0.327769315, 0.451679361, 0.252056273, 0.320584388, 0.728712059, 0.330558465, 0.468743501, 0.17360616, 0.492690207, 0.326244449, 0.381123431, 0.331997777, 0.421572701, 0.577902888;0.65790911, 0.672839972, 0.630165845, 0.99286839, 0.76311985, 0.709225666, 0.639407273, 1.04235041, 0.721688617, 0.97283616, 0.294722324, 0.934156244, 0.726069921, 0.687360859, 0.768307701, 0.508346498, 0.757116932;0.506785973, 0.64379295, 0.514019329, 0.88269216, 0.583637141, 0.804872004, 0.680567165, 0.797867944, 0.762595687, 1.06472968, 0.219058374, 1.0099498, 0.555968923, 0.733921916, 0.838878751, 0.519782687, 0.539888049]
kparam0_width = 1.3
data_class = 'rand'
kparam1_max_shift = 2
accuracy = 1e-08
