name = 'GaussianKernel'
km_test = [0.138348456, 0.199927622, 0.0701540557, 0.0786585758, 0.38324753, 0.0636164588, 0.211180177, 0.0508021308, 0.201012495, 0.124145457, 0.173688713, 0.405757945, 0.192552102, 0.319860856, 0.250358836, 0.298051122, 0.239059736;0.329230916, 0.0975692906, 0.153758938, 0.215119991, 0.22507217, 0.145931116, 0.29852526, 0.0890294514, 0.258580462, 0.285430967, 0.211218938, 0.220393963, 0.175725606, 0.164247099, 0.115837968, 0.324853091, 0.256418391;0.197696468, 0.161394148, 0.149926372, 0.114715545, 0.308395029, 0.245233229, 0.335717352, 0.0846201453, 0.0914610034, 0.0773627634, 0.34392457, 0.32257174, 0.160492263, 0.368461034, 0.352869133, 0.26775828, 0.0979566252;0.300578358, 0.237099005, 0.148713863, 0.328690459, 0.227044932, 0.376698917, 0.225642024, 0.627454783, 0.28922547, 0.288497436, 0.339092064, 0.155632441, 0.248509699, 0.152807839, 0.165051056, 0.519199721, 0.137564341;0.310486744, 0.281839468, 0.156270933, 0.644353208, 0.321242182, 0.358059978, 0.217968886, 0.714484738, 0.379654789, 0.496063326, 0.348812185, 0.291600988, 0.404098313, 0.263447896, 0.237514935, 0.549717438, 0.169711239;0.212780885, 0.353947656, 0.217289444, 0.193860056, 0.512696929, 0.270078014, 0.36801352, 0.219340264, 0.160887725, 0.10767077, 0.493193576, 0.360440044, 0.284987274, 0.372553394, 0.405456922, 0.467006546, 0.12399527;0.101322951, 0.183256278, 0.202714053, 0.216439264, 0.503091481, 0.0684085726, 0.113917144, 0.234405786, 0.212281853, 0.208011485, 0.442082544, 0.433788806, 0.11721574, 0.153399682, 0.65243685, 0.363562677, 0.0985817418;0.274774681, 0.133105224, 0.0753775334, 0.447644263, 0.251623359, 0.339926454, 0.310489813, 0.160275569, 0.439077931, 0.435349873, 0.160948005, 0.227555987, 0.291906339, 0.339801999, 0.136829785, 0.40465212, 0.119258278;0.19994341, 0.200011487, 0.233364262, 0.429391062, 0.536658218, 0.412747165, 0.400046559, 0.340241209, 0.301346662, 0.218149326, 0.581388122, 0.284506606, 0.218095808, 0.280549979, 0.430904266, 0.652536873, 0.0712375541;0.349192035, 0.250477886, 0.212373158, 0.474193058, 0.193114113, 0.375590009, 0.178022268, 0.351105204, 0.506557212, 0.692313124, 0.178100463, 0.229003707, 0.407529648, 0.1968556, 0.152101789, 0.42691224, 0.232336473;0.114851105, 0.123528558, 0.125384671, 0.196693014, 0.123925817, 0.260975649, 0.152972768, 0.217332988, 0.154865572, 0.183104123, 0.269699172, 0.575116836, 0.269240431, 0.159163691, 0.223947593, 0.222870045, 0.0763776503]
width_ = 1.3
km_train = [1, 0.22711958, 0.13932053, 0.051893926, 0.113120193, 0.206067408, 0.233352032, 0.168053673, 0.107524376, 0.101835178, 0.111374094;0.22711958, 1, 0.174580268, 0.210273003, 0.145219455, 0.101434663, 0.13352216, 0.27267281, 0.229172248, 0.332582119, 0.164296905;0.13932053, 0.174580268, 1, 0.169340659, 0.179213651, 0.563397615, 0.261853225, 0.130166967, 0.401569181, 0.157068666, 0.219561411;0.051893926, 0.210273003, 0.169340659, 1, 0.526149492, 0.224465224, 0.166770034, 0.18838473, 0.478339224, 0.432631899, 0.198728994;0.113120193, 0.145219455, 0.179213651, 0.526149492, 1, 0.378598748, 0.297308653, 0.374804418, 0.475153079, 0.529045424, 0.314316456;0.206067408, 0.101434663, 0.563397615, 0.224465224, 0.378598748, 1, 0.355594842, 0.125389972, 0.430206096, 0.147897017, 0.232735002;0.233352032, 0.13352216, 0.261853225, 0.166770034, 0.297308653, 0.355594842, 1, 0.134277167, 0.383184072, 0.225950687, 0.162620684;0.168053673, 0.27267281, 0.130166967, 0.18838473, 0.374804418, 0.125389972, 0.134277167, 1, 0.334334198, 0.566227811, 0.162955538;0.107524376, 0.229172248, 0.401569181, 0.478339224, 0.475153079, 0.430206096, 0.383184072, 0.334334198, 1, 0.428851704, 0.251603848;0.101835178, 0.332582119, 0.157068666, 0.432631899, 0.529045424, 0.147897017, 0.225950687, 0.566227811, 0.428851704, 1, 0.232600172;0.111374094, 0.164296905, 0.219561411, 0.198728994, 0.314316456, 0.232735002, 0.162620684, 0.162955538, 0.251603848, 0.232600172, 1]
data_train = [0.374540119, 0.950714306, 0.731993942, 0.598658484, 0.15601864, 0.15599452, 0.0580836122, 0.866176146, 0.601115012, 0.708072578, 0.0205844943;0.969909852, 0.832442641, 0.212339111, 0.181824967, 0.18340451, 0.304242243, 0.524756432, 0.431945019, 0.29122914, 0.611852895, 0.139493861;0.292144649, 0.366361843, 0.456069984, 0.785175961, 0.199673782, 0.514234438, 0.592414569, 0.0464504127, 0.607544852, 0.170524124, 0.065051593;0.948885537, 0.965632033, 0.808397348, 0.304613769, 0.097672114, 0.684233027, 0.440152494, 0.122038235, 0.49517691, 0.0343885211, 0.909320402;0.258779982, 0.662522284, 0.311711076, 0.520068021, 0.546710279, 0.184854456, 0.969584628, 0.775132823, 0.939498942, 0.89482735, 0.597899979;0.921874235, 0.0884925021, 0.195982862, 0.0452272889, 0.325330331, 0.38867729, 0.271349032, 0.828737509, 0.356753327, 0.28093451, 0.542696083;0.140924225, 0.802196981, 0.0745506437, 0.986886937, 0.772244769, 0.198715682, 0.00552211712, 0.815461428, 0.706857344, 0.729007168, 0.771270347;0.0740446517, 0.358465729, 0.11586906, 0.863103426, 0.623298127, 0.330898025, 0.0635583503, 0.310982322, 0.325183322, 0.729606178, 0.637557471;0.887212743, 0.472214925, 0.119594246, 0.713244787, 0.760785049, 0.561277198, 0.77096718, 0.493795596, 0.522732829, 0.427541018, 0.0254191267;0.107891427, 0.0314291857, 0.636410411, 0.314355981, 0.508570691, 0.907566474, 0.249292229, 0.410382923, 0.755551139, 0.228798165, 0.0769799098;0.289751453, 0.161221287, 0.929697652, 0.80812038, 0.633403757, 0.87146059, 0.803672077, 0.186570059, 0.892558998, 0.539342242, 0.807440155]
size_ = 10
data_test = [0.8960913, 0.318003475, 0.110051925, 0.227935163, 0.427107789, 0.818014766, 0.860730583, 0.00695213053, 0.510747303, 0.417411003, 0.22210781, 0.119865367, 0.337615171, 0.942909704, 0.323202932, 0.518790622, 0.703018959;0.363629602, 0.971782083, 0.962447295, 0.251782296, 0.497248506, 0.30087831, 0.284840494, 0.0368869474, 0.609564334, 0.502679023, 0.0514787512, 0.278646464, 0.908265886, 0.239561891, 0.144894872, 0.48945276, 0.985650454;0.242055272, 0.672135547, 0.761619615, 0.237637544, 0.728216349, 0.367783133, 0.632305831, 0.633529711, 0.535774684, 0.0902897701, 0.835302496, 0.320780065, 0.18651851, 0.0407751416, 0.590892943, 0.677564362, 0.0165878289;0.512093058, 0.226495775, 0.64517279, 0.174366429, 0.690937738, 0.386735346, 0.936729989, 0.137520944, 0.341066351, 0.113473521, 0.924693618, 0.877339353, 0.257941628, 0.659984046, 0.8172222, 0.555200812, 0.529650578;0.241852291, 0.0931027678, 0.897215758, 0.900418057, 0.633101457, 0.339029791, 0.349209575, 0.725955679, 0.89711026, 0.887086424, 0.779875546, 0.642031646, 0.084139965, 0.161628714, 0.898554189, 0.60642906, 0.00919705162;0.101471543, 0.663501769, 0.00506158385, 0.160808051, 0.548733789, 0.691895198, 0.65196126, 0.224269309, 0.712179221, 0.237249087, 0.325399698, 0.746491405, 0.649632899, 0.84922341, 0.657612892, 0.568308603, 0.0936747678;0.367715803, 0.265202368, 0.243989643, 0.973010555, 0.393097725, 0.892046555, 0.631138626, 0.794811304, 0.502637093, 0.576903885, 0.492517694, 0.195242988, 0.722452115, 0.280772362, 0.0243159664, 0.645472296, 0.177110679;0.940458584, 0.953928577, 0.91486439, 0.3701587, 0.0154566165, 0.928318563, 0.428184148, 0.966654819, 0.963619977, 0.853009455, 0.294448892, 0.385097729, 0.851136672, 0.316922005, 0.169492747, 0.556801262, 0.936154774;0.696029797, 0.57006117, 0.0971764938, 0.615007227, 0.99005385, 0.140084015, 0.518329652, 0.877373072, 0.740768618, 0.697015741, 0.702484084, 0.359491151, 0.293591844, 0.809361155, 0.810113395, 0.867072319, 0.913240553;0.511342399, 0.501516295, 0.798295179, 0.649963931, 0.701966877, 0.795792669, 0.890005342, 0.337995157, 0.375582953, 0.0939819398, 0.578280141, 0.0359422738, 0.465598018, 0.542644635, 0.286541252, 0.590833261, 0.0305002499;0.0373481887, 0.822600561, 0.360190641, 0.127060513, 0.52224326, 0.769993553, 0.215821027, 0.622890476, 0.085347465, 0.0516817212, 0.531354632, 0.540635122, 0.637429901, 0.726091334, 0.975852079, 0.516300348, 0.322956473]
