name = 'Gaussian'
data_train = [0.958702407, 0.0578638978, 0.394521799, 0.106756066, 0.335660065, 0.169679904, 0.646848362, 0.388268384, 0.229394746, 0.265937925, 0.360345095;0.259949863, 0.453240847, 0.0323159511, 0.279763507, 0.411206721, 0.602781882, 0.270957643, 0.133185125, 0.0762003796, 0.940531827, 0.416639058;0.581162621, 0.919176552, 0.08274842, 0.876661486, 0.551587873, 0.164834261, 0.411255117, 0.777602284, 0.480370082, 0.985286051, 0.37673897;0.7495783, 0.392989449, 0.829164221, 0.569081469, 0.0635118296, 0.0368218676, 0.133852119, 0.0136719648, 0.0753590604, 0.691714397, 0.534346275;0.749910749, 0.913165752, 0.585149532, 0.726120844, 0.757081202, 0.377850549, 0.241084832, 0.205045329, 0.25144244, 0.274731797, 0.207227649;0.878220667, 0.756999132, 0.0468964678, 0.268672482, 0.022184742, 0.498165187, 0.476210697, 0.83137149, 0.30777724, 0.816385735, 0.967973765;0.0884082234, 0.791817839, 0.589955897, 0.480045967, 0.420535779, 0.784668264, 0.639361357, 0.805044668, 0.903151059, 0.617263712, 0.980462725;0.60808785, 0.636644322, 0.554815609, 0.0910020911, 0.726397033, 0.547446307, 0.450910447, 0.910471278, 0.297959452, 0.523602276, 0.697641871;0.796471776, 0.459346808, 0.842091415, 0.768917741, 0.0662359779, 0.0458612664, 0.620805684, 0.347413408, 0.209130791, 0.579649934, 0.34156321;0.537263417, 0.460119159, 0.584766106, 0.400300489, 0.697667574, 0.180067272, 0.696501466, 0.411661214, 0.874317605, 0.515236055, 0.973110349;0.601935396, 0.223849066, 0.821790637, 0.345082628, 0.347619214, 0.0318046815, 0.548715309, 0.534423504, 0.355991484, 0.894217263, 0.128748398]
km_test = [0.270200847, 0.412954479, 0.277056755, 0.112188665, 0.358646227, 0.321074177, 0.173311648, 0.340343177, 0.199518606, 0.222695443, 0.315490487, 0.518272144, 0.25756979, 0.283718052, 0.306439718, 0.17659107, 0.245503744;0.333300933, 0.544620125, 0.492371817, 0.113014108, 0.25017154, 0.400009208, 0.407490537, 0.526269983, 0.543131187, 0.358829123, 0.458463064, 0.431363876, 0.126824006, 0.530157864, 0.159989411, 0.351015663, 0.191947223;0.199590998, 0.293548346, 0.334394309, 0.348095966, 0.20427593, 0.241764144, 0.268227992, 0.222330535, 0.458373494, 0.149858534, 0.29082507, 0.326087864, 0.42143933, 0.175381075, 0.225105765, 0.297714725, 0.389767279;0.235691568, 0.333226892, 0.308237269, 0.230989065, 0.29895836, 0.224948044, 0.25589902, 0.497571581, 0.568414017, 0.237140267, 0.508390312, 0.391914665, 0.144830537, 0.304336692, 0.250816045, 0.592364562, 0.268549962;0.529237284, 0.473978839, 0.303266364, 0.174304427, 0.492234239, 0.257738835, 0.4425261, 0.389546627, 0.257824319, 0.294106322, 0.407637723, 0.430346391, 0.172115323, 0.372025017, 0.467299094, 0.206205138, 0.206919457;0.393951952, 0.333020881, 0.344836086, 0.206988238, 0.192871638, 0.344291211, 0.211204299, 0.480670736, 0.217325072, 0.294766115, 0.359705751, 0.210872986, 0.0945994402, 0.392304313, 0.218959623, 0.189400883, 0.0832516487;0.330840034, 0.527058553, 0.335612678, 0.300024028, 0.440239059, 0.594681818, 0.350474407, 0.35922362, 0.314896636, 0.500840124, 0.346685826, 0.614179268, 0.393063464, 0.444865146, 0.435829042, 0.38040149, 0.271100478;0.196148918, 0.442795172, 0.411381217, 0.168257469, 0.226010881, 0.52152748, 0.306525329, 0.255848946, 0.259941018, 0.38315933, 0.283989594, 0.403937246, 0.275833195, 0.2993058, 0.177568791, 0.233021169, 0.0960415849;0.240003734, 0.338535171, 0.241151704, 0.302062343, 0.314373543, 0.307925664, 0.259333802, 0.23061533, 0.347183469, 0.242351839, 0.330757756, 0.272807619, 0.202784506, 0.254406475, 0.229265784, 0.267466773, 0.136743111;0.115092711, 0.59123498, 0.176768506, 0.172223046, 0.121579871, 0.511221693, 0.487082143, 0.363430429, 0.206236381, 0.337621822, 0.340216826, 0.286250462, 0.20753146, 0.213391852, 0.064822264, 0.384564507, 0.306716489;0.274315097, 0.518858572, 0.236154086, 0.161368466, 0.14007162, 0.445206618, 0.239795835, 0.229037715, 0.339062171, 0.26512341, 0.335726955, 0.227158423, 0.197516603, 0.328748616, 0.111274576, 0.232568034, 0.155136368]
width_ = 1.3
data_test = [0.330099513, 0.321582765, 0.0922905862, 0.481145394, 0.687784717, 0.511657014, 0.156977683, 0.377285965, 0.00259502438, 0.868301107, 0.0845170077, 0.597278082, 0.986256996, 0.536590646, 0.924041759, 0.236116533, 0.759955409;0.531265754, 0.720516061, 0.0623413625, 0.147739092, 0.133116929, 0.687165505, 0.844440673, 0.749616232, 0.0304721527, 0.867214981, 0.354146671, 0.397163833, 0.104869167, 0.737405206, 0.182283878, 0.563965092, 0.840709986;0.0892043287, 0.535335564, 0.233216412, 0.342926864, 0.473969941, 0.355104303, 0.64882284, 0.479582102, 0.584199485, 0.736822475, 0.557742266, 0.586535435, 0.564458543, 0.378772626, 0.337446834, 0.899647397, 0.607555222;0.244353155, 0.498247698, 0.330348481, 0.933691824, 0.00753436313, 0.225332798, 0.36535682, 0.487809801, 0.850817518, 0.0878876245, 0.805864887, 0.0556534894, 0.842314035, 0.0516354779, 0.0182424814, 0.696961462, 0.997255535;0.896610263, 0.575998418, 0.917395613, 0.0053000064, 0.975067163, 0.490748779, 0.722896097, 0.820861473, 0.718457271, 0.535036732, 0.476619484, 0.838582559, 0.20507756, 0.967994067, 0.710952479, 0.199506927, 0.736247184;0.529840023, 0.707230096, 0.767779501, 0.0872901796, 0.506103956, 0.932014342, 0.320642192, 0.593883098, 0.369230482, 0.454267972, 0.548603118, 0.54892198, 0.201730462, 0.684571548, 0.0878681112, 0.138824773, 0.00271089941;0.116696064, 0.473166201, 0.606101881, 0.79428945, 0.10669925, 0.85072746, 0.745974526, 0.408518293, 0.932938067, 0.990929476, 0.20500181, 0.379228585, 0.926449424, 0.721596551, 0.048094644, 0.781514482, 0.827940887;0.750501925, 0.799537131, 0.825132677, 0.186404987, 0.235691746, 0.633758564, 0.90786613, 0.316196582, 0.588306676, 0.682982063, 0.451948601, 0.713782455, 0.899667445, 0.624101544, 0.539781062, 0.438744675, 0.577486271;0.355362452, 0.39148211, 0.53185748, 0.0666191124, 0.229025391, 0.542849311, 0.431528143, 0.332815786, 0.730549137, 0.693717607, 0.16673076, 0.878629115, 0.495423626, 0.741460911, 0.573150849, 0.997692616, 0.75240312;0.706980461, 0.778571939, 0.143127986, 0.204544593, 0.714064082, 0.493981487, 0.754635292, 0.102916031, 0.536481351, 0.378821566, 0.457000219, 0.603957872, 0.502288347, 0.539860637, 0.486357482, 0.408955177, 0.771881981;0.0122030723, 0.598442701, 0.565508347, 0.716179075, 0.599029365, 0.826798828, 0.959074795, 0.342524257, 0.227350983, 0.423596862, 0.287929616, 0.614950263, 0.911852409, 0.139116194, 0.100794603, 0.256015532, 0.726095586]
km_train = [1, 0.233709084, 0.281009734, 0.265400879, 0.162346693, 0.0847266903, 0.364168822, 0.206979714, 0.108834121, 0.258414292, 0.184399081;0.233709084, 1, 0.162872259, 0.520927937, 0.379631813, 0.346296436, 0.320059024, 0.439422026, 0.319466645, 0.3691179, 0.374936432;0.281009734, 0.162872259, 1, 0.339367404, 0.235309733, 0.123691447, 0.408467807, 0.152127274, 0.250333127, 0.152589521, 0.161780293;0.265400879, 0.520927937, 0.339367404, 1, 0.319788002, 0.207749307, 0.372953831, 0.215045795, 0.329265636, 0.303733354, 0.174656263;0.162346693, 0.379631813, 0.235309733, 0.319788002, 1, 0.423294166, 0.433938943, 0.322625099, 0.487449914, 0.15703565, 0.220795276;0.0847266903, 0.346296436, 0.123691447, 0.207749307, 0.423294166, 1, 0.36170137, 0.363768706, 0.421165608, 0.145385036, 0.34066353;0.364168822, 0.320059024, 0.408467807, 0.372953831, 0.433938943, 0.36170137, 1, 0.558751707, 0.640041164, 0.312838101, 0.457715772;0.206979714, 0.439422026, 0.152127274, 0.215045795, 0.322625099, 0.363768706, 0.558751707, 1, 0.447001747, 0.302640925, 0.433213021;0.108834121, 0.319466645, 0.250333127, 0.329265636, 0.487449914, 0.421165608, 0.640041164, 0.447001747, 1, 0.166444607, 0.450391166;0.258414292, 0.3691179, 0.152589521, 0.303733354, 0.15703565, 0.145385036, 0.312838101, 0.302640925, 0.166444607, 1, 0.266214985;0.184399081, 0.374936432, 0.161780293, 0.174656263, 0.220795276, 0.34066353, 0.457715772, 0.433213021, 0.450391166, 0.266214985, 1]
