functionname = 'test_gaussian_kernel'
kernelname = 'GaussianKernel'
testdat = [0.781662498, 0.0990625305, 0.730797516, 0.66048147, 0.825170422, 0.624677135, 0.197281233, 0.51152901, 0.937429097, 0.431272401, 0.509876378, 0.120511556, 0.570307902, 0.746755131, 0.679265327, 0.102757904, 0.28977822;0.166350049, 0.620614932, 0.326881766, 0.276352604, 0.975507789, 0.253206846, 0.0773190627, 0.88897015, 0.0793067544, 0.722271828, 0.690655873, 0.107798383, 0.0679906968, 0.49532125, 0.861928713, 0.293736854, 0.393090711;0.798522276, 0.0571420834, 0.244043635, 0.767659161, 0.335080025, 0.453867889, 0.104553171, 0.656946987, 0.461321395, 0.108105602, 0.303249349, 0.52996727, 0.260020228, 0.581237881, 0.630018929, 0.667085187, 0.129395046;0.548054159, 0.297778185, 0.105591552, 0.857487699, 0.990628151, 0.995069536, 0.69665515, 0.884292149, 0.701540696, 0.371784813, 0.327005665, 0.382302598, 0.00770530154, 0.492972471, 0.0828863642, 0.53588686, 0.15742513;0.540642365, 0.792006017, 0.569560454, 0.250447487, 0.101276874, 0.182087999, 0.436636801, 0.928849805, 0.0264641003, 0.0932459772, 0.499969322, 0.19272229, 0.385898755, 0.39198164, 0.561377761, 0.170386832, 0.252449327;0.816205849, 0.628733341, 0.687355589, 0.72754033, 0.0399807559, 0.253435971, 0.932401752, 0.177487914, 0.458671884, 0.916210266, 0.55520353, 0.421089544, 0.543712439, 0.685361997, 0.899365409, 0.16122919, 0.538015857;0.801800479, 0.969126527, 0.933713243, 0.272786717, 0.604642814, 0.709902934, 0.456380931, 0.87584988, 0.138367002, 0.894877155, 0.68152783, 0.322927619, 0.778112046, 0.401115833, 0.327879177, 0.101572009, 0.940221658;0.978346884, 0.748195591, 0.864115281, 0.683102881, 0.55102259, 0.185069519, 0.693198242, 0.0792878083, 0.649876534, 0.53553553, 0.377017953, 0.966624739, 0.92826567, 0.654260529, 0.0724753837, 0.972970421, 0.302854293;0.814629185, 0.649884548, 0.394796474, 0.399394482, 0.178017387, 0.339332579, 0.144877044, 0.102702223, 0.718497546, 0.567790653, 0.757971393, 0.304278821, 0.260463218, 0.100065418, 0.988486505, 0.676934383, 0.360694105;0.0453608573, 0.246115669, 0.728874156, 0.175892097, 0.801240728, 0.502439597, 0.849997394, 0.00159542335, 0.349660805, 0.498534114, 0.544424088, 0.107700532, 0.612786479, 0.464879632, 0.86151129, 0.274085488, 0.657716509;0.0960156344, 0.754328799, 0.946693268, 0.843204976, 0.375786077, 0.592829901, 0.474940287, 0.288765441, 0.629586417, 0.512103859, 0.782732148, 0.0530442411, 0.604560719, 0.254532477, 0.696475134, 0.80533672, 0.507645956]
km_test = [0.130660621, 0.480860136, 0.476899717, 0.405965084, 0.239140503, 0.467170373, 0.486471935, 0.211510083, 0.311055478, 0.365896163, 0.581123418, 0.304315854, 0.505788636, 0.417246702, 0.192188621, 0.429470846, 0.562950045;0.101537839, 0.190100204, 0.105938337, 0.368606548, 0.198439634, 0.255696657, 0.122617059, 0.300680948, 0.173277267, 0.169698551, 0.276233484, 0.296991422, 0.135165431, 0.320714988, 0.112087707, 0.451865032, 0.186235583;0.361445891, 0.432165201, 0.138130656, 0.193262154, 0.102070017, 0.208668674, 0.181977474, 0.351212423, 0.136657265, 0.233836589, 0.363549099, 0.354157481, 0.178814959, 0.283532641, 0.160095813, 0.239383676, 0.263910427;0.262324936, 0.202749961, 0.238451002, 0.191304307, 0.18888067, 0.335131219, 0.333742581, 0.102646537, 0.315060192, 0.573639595, 0.408441545, 0.200006238, 0.288023577, 0.398295247, 0.259041987, 0.0923463372, 0.493903906;0.0712535079, 0.0920705662, 0.128386174, 0.182605538, 0.0727477725, 0.164964919, 0.0562636181, 0.0923852635, 0.213203539, 0.0766352262, 0.338329055, 0.0648919126, 0.108165862, 0.148966004, 0.397809723, 0.19616733, 0.127340446;0.266496723, 0.281050333, 0.282145849, 0.252025578, 0.454954113, 0.605762067, 0.273643488, 0.346368448, 0.307361233, 0.356369608, 0.53748448, 0.299132473, 0.343369103, 0.466259759, 0.247380977, 0.262966842, 0.537228009;0.101970684, 0.122163912, 0.170335515, 0.158713136, 0.297245946, 0.367077115, 0.385876185, 0.203669312, 0.127902142, 0.3228252, 0.269718215, 0.0846171547, 0.150458438, 0.405169884, 0.185484747, 0.0426362171, 0.32674226;0.328461196, 0.158896521, 0.377428168, 0.318690988, 0.260923416, 0.362912983, 0.414816697, 0.113417538, 0.25938629, 0.360014051, 0.274100653, 0.330505672, 0.505935803, 0.602087052, 0.134762546, 0.182987717, 0.411177074;0.440252746, 0.181281279, 0.149651078, 0.477889244, 0.372677909, 0.30266986, 0.169027757, 0.279640046, 0.347793759, 0.273454251, 0.329011897, 0.282392862, 0.151658393, 0.544132275, 0.184900233, 0.290461128, 0.149464104;0.247116665, 0.104379682, 0.111465924, 0.246799241, 0.277390958, 0.229519162, 0.171439204, 0.0752935411, 0.398519334, 0.233938163, 0.294304979, 0.297336008, 0.158409342, 0.362303708, 0.251621038, 0.335107494, 0.1781235;0.220716904, 0.464654561, 0.492805537, 0.387374246, 0.21548339, 0.384806298, 0.344960829, 0.183353689, 0.301250611, 0.818200093, 0.754226312, 0.23452963, 0.441725953, 0.486659354, 0.426777898, 0.228200579, 0.714659647;0.135942067, 0.334596312, 0.0818420573, 0.136248734, 0.101627117, 0.101371356, 0.126084995, 0.13577441, 0.11896722, 0.145165272, 0.243136486, 0.190168933, 0.0871891349, 0.147292212, 0.0791080737, 0.245698757, 0.102531519;0.219223366, 0.550668062, 0.446184364, 0.304548142, 0.197239218, 0.344673988, 0.30517669, 0.159539682, 0.378422229, 0.603002765, 0.878097077, 0.248854622, 0.420871924, 0.375197659, 0.502074529, 0.3224311, 0.621982663]
traindat = [0.237647629, 0.0584100077, 0.0252256721, 0.772557209, 0.728082346, 0.502987388, 0.709640741, 0.597553176, 0.718970516, 0.548809309, 0.472040552, 0.070587926, 0.459950614;0.320434673, 0.874704169, 0.517893009, 0.318035461, 0.431837482, 0.447975678, 0.589099194, 0.213923396, 0.90175492, 0.644874407, 0.645945585, 0.85694173, 0.548117546;0.196979986, 0.867267731, 0.580767859, 0.000660197094, 0.89277055, 0.532167789, 0.231852785, 0.826069503, 0.82077546, 0.677722302, 0.32355208, 0.00736405016, 0.0930591026;0.426949643, 0.520936471, 0.521816548, 0.44914082, 0.116945471, 0.557450281, 0.901296335, 0.471463836, 0.935837131, 0.597119402, 0.212608806, 0.820060087, 0.184152972;0.547263013, 0.324316086, 0.949500975, 0.159888275, 0.766903067, 0.464169584, 0.538579328, 0.141816648, 0.443435211, 0.106909611, 0.165978197, 0.965470633, 0.440684173;0.326312722, 0.184782651, 0.430428631, 0.900728303, 0.100951308, 0.0776521927, 0.946910946, 0.701053173, 0.563118253, 0.370045668, 0.865613857, 0.311643027, 0.531513917;0.451755145, 0.213340679, 0.645886951, 0.689764033, 0.0314995505, 0.772728487, 0.732833787, 0.896700956, 0.382952779, 0.0933191234, 0.733764754, 0.17144842, 0.473841517;0.474683094, 0.478775852, 0.496046484, 0.205300086, 0.000214442063, 0.330798525, 0.0284133884, 0.789781519, 0.851090231, 0.731277509, 0.286708213, 0.933634373, 0.332818418;0.190744861, 0.129934084, 0.805658435, 0.709407613, 0.911662267, 0.587120072, 0.0913291125, 0.128522461, 0.629600337, 0.994929146, 0.438754312, 0.950168562, 0.838490868;0.489599855, 0.00953023685, 0.116191522, 0.58490428, 0.56903033, 0.721767724, 0.987558845, 0.877308831, 0.281985162, 0.770616404, 0.377956562, 0.0942927116, 0.427355373;0.960108176, 0.75310023, 0.0637402514, 0.0204266992, 0.973134813, 0.197727131, 0.151462995, 0.253458299, 0.220714416, 0.00446705771, 0.745961529, 0.333820267, 0.672055256]
