name = 'GaussianShift'
feature_type = 'real'
data_type = 'double'
km_train = [1.25490617, 0.641493294, 0.855436861, 0.606381655, 0.593281077, 0.653985485, 0.842450164, 0.615551006, 0.821832976, 0.568956744, 0.719183264;0.641493294, 1.15422506, 0.699040998, 0.474991993, 0.460637567, 0.539220698, 0.670588004, 0.811509806, 0.474838605, 0.372182849, 0.602451053;0.855436861, 0.699040998, 1.42444074, 0.81152563, 0.771966488, 0.774925996, 0.877842843, 0.690223937, 0.756143097, 0.655486005, 0.633220888;0.606381655, 0.474991993, 0.81152563, 1.26583689, 0.64796563, 0.667181535, 0.573594261, 0.683575389, 0.830336092, 0.729066012, 0.696425882;0.593281077, 0.460637567, 0.771966488, 0.64796563, 1.26105149, 0.635773065, 0.524058922, 0.576176301, 0.502396276, 0.350406374, 0.490216793;0.653985485, 0.539220698, 0.774925996, 0.667181535, 0.635773065, 1.1402572, 0.488014266, 0.610403437, 0.671057684, 0.410366927, 0.528165431;0.842450164, 0.670588004, 0.877842843, 0.573594261, 0.524058922, 0.488014266, 1.36542183, 0.678820919, 0.663558727, 0.577047908, 0.620886796;0.615551006, 0.811509806, 0.690223937, 0.683575389, 0.576176301, 0.610403437, 0.678820919, 1.32930842, 0.575908362, 0.327817898, 0.646580472;0.821832976, 0.474838605, 0.756143097, 0.830336092, 0.502396276, 0.671057684, 0.663558727, 0.575908362, 1.18970871, 0.746681683, 0.626134236;0.568956744, 0.372182849, 0.655486005, 0.729066012, 0.350406374, 0.410366927, 0.577047908, 0.327817898, 0.746681683, 1.19489414, 0.52408802;0.719183264, 0.602451053, 0.633220888, 0.696425882, 0.490216793, 0.528165431, 0.620886796, 0.646580472, 0.626134236, 0.52408802, 1.27072223]
kparam2_shift_step = 1
data_train = [0.101891754, 0.0159202673, 0.616182965, 0.960829417, 0.902868023, 0.696754815, 0.0966405842, 0.274164038, 0.320056727, 0.763150058, 0.802249179;0.385106123, 0.417883997, 0.0445090393, 0.289136718, 0.451285177, 0.116983046, 0.453267461, 0.853175812, 0.58132102, 0.078929855, 0.191671319;0.47454435, 0.36148715, 0.35872702, 0.529267448, 0.584395922, 0.79686157, 0.340966563, 0.805466283, 0.338611229, 0.0554329889, 0.554187651;0.587902325, 0.934540246, 0.726061326, 0.917772652, 0.90834721, 0.60457411, 0.527762065, 0.557440967, 0.978330808, 0.773167692, 0.106265905;0.778428407, 0.170538049, 0.447350549, 0.210459672, 0.689583066, 0.877309736, 0.290361885, 0.0820107412, 0.298493098, 0.672361858, 0.328760128;0.278112168, 0.184435191, 0.497516427, 0.275948828, 0.731010349, 0.076622402, 0.664033033, 0.237560015, 0.489279261, 0.286089922, 0.722768676;0.94530704, 0.917076779, 0.583426215, 0.462610303, 0.818300509, 0.683326363, 0.183564114, 0.820919214, 0.428884389, 0.18898566, 0.28179735;0.26752703, 0.519206975, 0.234370091, 0.123566487, 0.123690851, 0.583276197, 0.734759289, 0.321533009, 0.0346507098, 0.127224887, 0.91469456;0.49354366, 0.45357281, 0.0380491783, 0.728637022, 0.528068081, 0.202080936, 0.11007376, 0.383387864, 0.837161964, 0.865294559, 0.60284638;0.727536427, 0.115155787, 0.588126065, 0.666965703, 0.200712843, 0.880154733, 0.194996738, 0.31347736, 0.620556847, 0.638350065, 0.699384741;0.112011713, 0.84946443, 0.532847132, 0.471321794, 0.981097625, 0.740378297, 0.118006027, 0.756539167, 0.095248934, 0.0274705625, 0.403625895]
feature_class = 'simple'
data_test = [0.993578173, 0.174883936, 0.672644344, 0.173396066, 0.724786975, 0.505353668, 0.67997171, 0.202873176, 0.745628333, 0.99561906, 0.665650501, 0.493479998, 0.923173989, 0.0158518422, 0.729923519, 0.888746517, 0.0616745836;0.45006417, 0.204719454, 0.566518166, 0.649542959, 0.302623183, 0.45998167, 0.279339485, 0.369391164, 0.159539957, 0.885559444, 0.0100104106, 0.882409186, 0.571678878, 0.331657844, 0.723057125, 0.507752152, 0.499108658;0.110142283, 0.389516026, 0.241064346, 0.0156959056, 0.360099631, 0.0898221294, 0.256830038, 0.0925166212, 0.100941626, 0.199011294, 0.999849244, 0.00218414286, 0.638672636, 0.141243698, 0.920628137, 0.0936328933, 0.955063187;0.610926387, 0.00126807692, 0.894007198, 0.521711801, 0.262669735, 0.767279178, 0.926665554, 0.483690823, 0.315553474, 0.788945124, 0.681785498, 0.888752484, 0.692514013, 0.243528339, 0.93165925, 0.104835747, 0.26794275;0.520194608, 0.565742026, 0.0153105866, 0.780572726, 0.361607318, 0.406418541, 0.809369544, 0.379283392, 0.0472248765, 0.17643977, 0.955903172, 0.0704053624, 0.354931201, 0.503179167, 0.493280827, 0.00395994301, 0.501162731;0.383772458, 0.972079335, 0.159159084, 0.354154197, 0.419481485, 0.390693537, 0.665830828, 0.215512858, 0.221071553, 0.729210949, 0.500290519, 0.415155676, 0.169203052, 0.187527223, 0.0105516368, 0.0914262689, 0.556838695;0.89187313, 0.287164765, 0.327747226, 0.115605611, 0.388630946, 0.0372217046, 0.917600696, 0.673111348, 0.990748809, 0.882823163, 0.472990594, 0.519685031, 0.190576047, 0.462039343, 0.903027873, 0.0508534236, 0.863556803;0.340947802, 0.899512765, 0.940879906, 0.670864887, 0.664423787, 0.452754338, 0.835540225, 0.961612758, 0.7750818, 0.621936734, 0.606792896, 0.849469902, 0.541203766, 0.803859886, 0.508885255, 0.062444275, 0.383947009;0.444440958, 0.141617245, 0.102496329, 0.53546495, 0.0851436366, 0.302945168, 0.744596976, 0.96443218, 0.717870581, 0.992625548, 0.698337971, 0.293794471, 0.672052541, 0.702156765, 0.371726985, 0.0177138506, 0.703199785;0.0217000953, 0.631188078, 0.163616489, 0.565603528, 0.503913025, 0.0135136423, 0.362865817, 0.601091167, 0.848606552, 0.888642114, 0.48384997, 0.728422487, 0.316454577, 0.342186406, 0.194463519, 0.56194811, 0.314564151;0.0843708964, 0.685006087, 0.707753208, 0.359992419, 0.0767233995, 0.426297717, 0.442335458, 0.668670885, 0.315416391, 0.68259928, 0.871488542, 0.237486042, 0.978919556, 0.386368137, 0.267258685, 0.421511183, 0.0943974759]
km_test = [0.594621621, 0.719782341, 0.465188759, 0.798113644, 0.785987496, 0.691160976, 0.788181273, 0.680654735, 0.504966366, 0.375438719, 0.654659291, 0.52898419, 0.579923294, 0.837690106, 0.559243567, 0.268125875, 0.899242337;0.446940834, 0.551722763, 0.583474048, 0.596804642, 0.7025391, 0.58665332, 0.555287133, 0.671991662, 0.435894658, 0.2680272, 0.499601808, 0.458900062, 0.523871892, 0.793000953, 0.520748395, 0.268647649, 0.60745077;0.796237691, 0.659353528, 0.626498975, 0.821874023, 0.998116432, 0.956863378, 0.670021509, 0.545760176, 0.489138509, 0.332252851, 0.647943527, 0.5478869, 0.688479125, 0.777642833, 0.538644699, 0.583694137, 0.671454437;0.576275913, 0.426974804, 0.545172706, 0.733541653, 0.744711747, 0.682011693, 0.528469863, 0.548285997, 0.514044798, 0.552965747, 0.620080837, 0.565133994, 0.991618148, 0.595330071, 0.627723124, 0.520511383, 0.556514833;0.607538317, 0.456955001, 0.390539459, 0.546541028, 0.589939823, 0.515379332, 0.757682098, 0.340981284, 0.262609802, 0.480078399, 0.74727416, 0.445354117, 0.688375804, 0.368271008, 0.604650937, 0.216364397, 0.497545517;0.389611196, 0.43724735, 0.463470769, 0.630454626, 0.553275427, 0.571823556, 0.607422739, 0.547846635, 0.392403338, 0.466759417, 0.797855682, 0.475889228, 0.732065916, 0.513612192, 0.52459726, 0.256571568, 0.482972235;0.862230775, 0.651894581, 0.601624937, 0.832426465, 1.07866409, 1.0142393, 0.558951929, 0.541297235, 0.443811601, 0.218166952, 0.471180503, 0.575214194, 0.538170955, 0.972708442, 0.595485715, 0.487617776, 0.882927541;0.503775109, 0.449682879, 0.66514809, 0.54754052, 0.79666045, 0.612290116, 0.438725297, 0.509787845, 0.424233635, 0.435520433, 0.527098452, 0.572358932, 0.849157448, 0.601475925, 0.857603094, 0.476982542, 0.740414041;0.532212481, 0.468125447, 0.40861196, 0.742593644, 0.733861809, 0.68955185, 0.536343425, 0.51073413, 0.392019733, 0.392207924, 0.629861573, 0.532354148, 0.691029749, 0.642565692, 0.540512186, 0.371055189, 0.668214298;0.532699396, 0.41553801, 0.364025606, 0.76752655, 0.667605309, 0.705160471, 0.47919631, 0.492638728, 0.392838663, 0.277740062, 0.441944192, 0.386375566, 0.527611131, 0.654955391, 0.316387247, 0.452370894, 0.399775889;0.623180886, 0.734390798, 0.478622366, 0.77474869, 0.922307918, 0.564042775, 0.704324659, 0.973556995, 0.840391145, 0.718857968, 0.547978566, 0.61495701, 0.715283637, 0.952334286, 0.426110173, 0.417577609, 0.662148067]
kparam0_width = 1.3
accuracy = 1e-08
kparam1_max_shift = 2
data_class = 'rand'
