name = 'HammingWord'
feature_type = 'word'
data_type = 'ushort'
km_train = [1, 4.470963e-08, 2.08231502e-07, 4.470963e-08, 9.64880998e-08, 4.470963e-08, 4.470963e-08, 9.69821458e-07, 4.470963e-08, 4.470963e-08, 9.69821458e-07;4.470963e-08, 1, 4.470963e-08, 2.08231502e-07, 9.64880998e-08, 4.470963e-08, 4.470963e-08, 4.470963e-08, 4.470963e-08, 4.470963e-08, 2.08231502e-07;2.08231502e-07, 4.470963e-08, 1, 9.69821458e-07, 4.49385557e-07, 2.08231502e-07, 4.470963e-08, 4.470963e-08, 2.08231502e-07, 4.470963e-08, 4.470963e-08;4.470963e-08, 2.08231502e-07, 9.69821458e-07, 1, 9.64880998e-08, 4.470963e-08, 4.470963e-08, 4.470963e-08, 4.470963e-08, 4.470963e-08, 2.08231502e-07;9.64880998e-08, 9.64880998e-08, 4.49385557e-07, 9.64880998e-08, 1, 4.49385557e-07, 9.64880998e-08, 9.64880998e-08, 9.64880998e-08, 9.64880998e-08, 9.64880998e-08;4.470963e-08, 4.470963e-08, 2.08231502e-07, 4.470963e-08, 4.49385557e-07, 1, 4.470963e-08, 2.08231502e-07, 2.08231502e-07, 4.470963e-08, 4.470963e-08;4.470963e-08, 4.470963e-08, 4.470963e-08, 4.470963e-08, 9.64880998e-08, 4.470963e-08, 1, 2.08231502e-07, 4.470963e-08, 4.470963e-08, 4.470963e-08;9.69821458e-07, 4.470963e-08, 4.470963e-08, 4.470963e-08, 9.64880998e-08, 2.08231502e-07, 2.08231502e-07, 1, 4.470963e-08, 4.470963e-08, 2.08231502e-07;4.470963e-08, 4.470963e-08, 2.08231502e-07, 4.470963e-08, 9.64880998e-08, 2.08231502e-07, 4.470963e-08, 4.470963e-08, 1, 2.08231502e-07, 4.470963e-08;4.470963e-08, 4.470963e-08, 4.470963e-08, 4.470963e-08, 9.64880998e-08, 4.470963e-08, 4.470963e-08, 4.470963e-08, 2.08231502e-07, 1, 4.470963e-08;9.69821458e-07, 2.08231502e-07, 4.470963e-08, 2.08231502e-07, 9.64880998e-08, 4.470963e-08, 4.470963e-08, 2.08231502e-07, 4.470963e-08, 4.470963e-08, 1]
data_train = ['16', '39', '12', '31', '36', '14', '11', '14', '33', '5', '16';'19', '8', '4', '22', '32', '37', '13', '16', '18', '32', '0';'12', '26', '5', '5', '32', '29', '34', '22', '9', '18', '27';'22', '3', '19', '18', '41', '26', '33', '3', '37', '6', '6';'25', '25', '18', '8', '19', '41', '15', '16', '21', '12', '11';'9', '0', '31', '29', '7', '20', '21', '17', '1', '8', '2';'25', '20', '29', '27', '35', '25', '33', '7', '9', '13', '39';'14', '16', '17', '31', '37', '22', '22', '34', '38', '14', '23';'27', '15', '15', '39', '38', '5', '1', '12', '8', '33', '16';'26', '28', '36', '21', '23', '6', '33', '11', '22', '14', '32';'12', '22', '37', '31', '34', '0', '4', '12', '4', '31', '20']
feature_class = 'simple'
kparam1_use_sign = 'False'
data_test = ['23', '17', '20', '9', '23', '39', '20', '24', '22', '21', '3', '33', '5', '27', '30', '34', '38';'41', '22', '5', '15', '1', '23', '16', '0', '5', '4', '28', '11', '38', '2', '0', '26', '23';'18', '7', '1', '29', '29', '38', '31', '0', '37', '12', '10', '9', '25', '19', '16', '16', '3';'4', '22', '9', '27', '32', '25', '28', '26', '17', '39', '9', '41', '4', '9', '20', '23', '37';'2', '39', '30', '40', '36', '1', '1', '38', '41', '33', '41', '19', '32', '3', '10', '41', '4';'24', '36', '33', '8', '5', '17', '13', '18', '13', '39', '16', '34', '28', '41', '16', '7', '0';'35', '6', '4', '23', '27', '16', '36', '19', '2', '36', '25', '14', '7', '12', '2', '0', '8';'30', '40', '25', '16', '33', '8', '12', '4', '40', '12', '0', '24', '3', '35', '9', '27', '5';'26', '11', '2', '32', '9', '30', '14', '6', '35', '13', '13', '2', '2', '21', '18', '34', '11';'4', '9', '40', '32', '12', '34', '31', '10', '37', '23', '34', '18', '5', '39', '41', '34', '3';'32', '12', '35', '18', '11', '10', '5', '11', '26', '40', '24', '41', '2', '2', '19', '27', '22']
km_test = [4.470963e-08, 2.08231502e-07, 4.470963e-08, 9.64880998e-08, 4.470963e-08, 4.470963e-08, 4.470963e-08, 9.64880998e-08, 2.08231502e-07, 4.470963e-08, 4.470963e-08, 4.470963e-08, 4.470963e-08, 2.08231502e-07, 4.470963e-08, 9.64880998e-08, 4.470963e-08;4.470963e-08, 2.08231502e-07, 4.470963e-08, 9.64880998e-08, 4.470963e-08, 2.08231502e-07, 4.470963e-08, 9.64880998e-08, 4.470963e-08, 2.08231502e-07, 4.470963e-08, 4.470963e-08, 4.470963e-08, 4.470963e-08, 4.470963e-08, 9.64880998e-08, 4.470963e-08;4.470963e-08, 4.470963e-08, 4.470963e-08, 9.64880998e-08, 2.08231502e-07, 4.470963e-08, 9.69821458e-07, 9.64880998e-08, 2.08231502e-07, 4.470963e-08, 4.470963e-08, 4.470963e-08, 4.470963e-08, 4.470963e-08, 4.470963e-08, 9.64880998e-08, 4.470963e-08;4.470963e-08, 2.08231502e-07, 4.470963e-08, 9.64880998e-08, 4.470963e-08, 2.08231502e-07, 2.08231502e-07, 9.64880998e-08, 4.470963e-08, 2.08231502e-07, 4.470963e-08, 4.470963e-08, 4.470963e-08, 4.470963e-08, 4.470963e-08, 9.64880998e-08, 4.470963e-08;2.09297706e-06, 9.64880998e-08, 9.64880998e-08, 2.08231502e-07, 4.49385557e-07, 9.64880998e-08, 4.49385557e-07, 2.08231502e-07, 4.49385557e-07, 9.64880998e-08, 4.49385557e-07, 2.09297706e-06, 9.64880998e-08, 2.09297706e-06, 2.09297706e-06, 9.69821458e-07, 9.64880998e-08;2.08231502e-07, 4.470963e-08, 4.470963e-08, 9.64880998e-08, 4.470963e-08, 4.470963e-08, 4.470963e-08, 9.64880998e-08, 9.69821458e-07, 4.470963e-08, 9.69821458e-07, 2.08231502e-07, 4.470963e-08, 2.08231502e-07, 2.08231502e-07, 4.49385557e-07, 4.470963e-08;4.470963e-08, 4.470963e-08, 4.470963e-08, 9.64880998e-08, 4.470963e-08, 4.470963e-08, 4.470963e-08, 9.64880998e-08, 4.470963e-08, 4.470963e-08, 4.470963e-08, 4.470963e-08, 4.470963e-08, 4.470963e-08, 4.470963e-08, 4.49385557e-07, 4.470963e-08;4.470963e-08, 2.08231502e-07, 4.470963e-08, 9.64880998e-08, 4.470963e-08, 4.470963e-08, 4.470963e-08, 9.64880998e-08, 2.08231502e-07, 4.470963e-08, 4.470963e-08, 4.470963e-08, 4.470963e-08, 4.470963e-08, 4.470963e-08, 4.49385557e-07, 4.470963e-08;4.470963e-08, 4.470963e-08, 2.08231502e-07, 9.64880998e-08, 4.470963e-08, 4.470963e-08, 4.470963e-08, 4.49385557e-07, 2.08231502e-07, 4.470963e-08, 4.470963e-08, 2.08231502e-07, 2.08231502e-07, 4.470963e-08, 4.470963e-08, 9.64880998e-08, 2.08231502e-07;4.470963e-08, 4.470963e-08, 2.08231502e-07, 9.64880998e-08, 2.08231502e-07, 4.470963e-08, 4.470963e-08, 9.64880998e-08, 4.470963e-08, 4.470963e-08, 4.470963e-08, 2.08231502e-07, 2.08231502e-07, 4.470963e-08, 4.470963e-08, 9.64880998e-08, 4.470963e-08;4.470963e-08, 2.08231502e-07, 4.470963e-08, 9.64880998e-08, 4.470963e-08, 9.69821458e-07, 4.470963e-08, 9.64880998e-08, 4.470963e-08, 2.08231502e-07, 4.470963e-08, 4.470963e-08, 4.470963e-08, 2.08231502e-07, 4.470963e-08, 9.64880998e-08, 4.470963e-08]
kparam0_width = 1.3
data_class = 'rand'
accuracy = 1e-14
