name = 'HammingWord'
feature_type = 'word'
data_type = 'ushort'
km_train = [1, 4.49385557e-07, 4.470963e-08, 4.470963e-08, 9.64880998e-08, 2.08231502e-07, 2.08231502e-07, 4.470963e-08, 9.64880998e-08, 4.470963e-08, 4.470963e-08;4.49385557e-07, 1, 9.64880998e-08, 4.49385557e-07, 2.08231502e-07, 9.64880998e-08, 2.09297706e-06, 4.49385557e-07, 2.08231502e-07, 4.49385557e-07, 4.49385557e-07;4.470963e-08, 9.64880998e-08, 1, 2.08231502e-07, 9.64880998e-08, 4.470963e-08, 4.470963e-08, 4.470963e-08, 4.49385557e-07, 4.470963e-08, 9.69821458e-07;4.470963e-08, 4.49385557e-07, 2.08231502e-07, 1, 4.49385557e-07, 4.470963e-08, 9.69821458e-07, 2.08231502e-07, 9.64880998e-08, 9.69821458e-07, 4.470963e-08;9.64880998e-08, 2.08231502e-07, 9.64880998e-08, 4.49385557e-07, 1, 9.64880998e-08, 9.64880998e-08, 9.64880998e-08, 2.08231502e-07, 2.08231502e-07, 9.64880998e-08;2.08231502e-07, 9.64880998e-08, 4.470963e-08, 4.470963e-08, 9.64880998e-08, 1, 4.470963e-08, 4.470963e-08, 9.64880998e-08, 4.470963e-08, 2.08231502e-07;2.08231502e-07, 2.09297706e-06, 4.470963e-08, 9.69821458e-07, 9.64880998e-08, 4.470963e-08, 1, 2.08231502e-07, 4.49385557e-07, 9.69821458e-07, 4.470963e-08;4.470963e-08, 4.49385557e-07, 4.470963e-08, 2.08231502e-07, 9.64880998e-08, 4.470963e-08, 2.08231502e-07, 1, 9.64880998e-08, 2.08231502e-07, 4.470963e-08;9.64880998e-08, 2.08231502e-07, 4.49385557e-07, 9.64880998e-08, 2.08231502e-07, 9.64880998e-08, 4.49385557e-07, 9.64880998e-08, 1, 9.64880998e-08, 4.49385557e-07;4.470963e-08, 4.49385557e-07, 4.470963e-08, 9.69821458e-07, 2.08231502e-07, 4.470963e-08, 9.69821458e-07, 2.08231502e-07, 9.64880998e-08, 1, 4.470963e-08;4.470963e-08, 4.49385557e-07, 9.69821458e-07, 4.470963e-08, 9.64880998e-08, 2.08231502e-07, 4.470963e-08, 4.470963e-08, 4.49385557e-07, 4.470963e-08, 1]
data_train = ['16', '9', '33', '5', '7', '10', '11', '8', '1', '7', '10';'35', '9', '20', '19', '7', '35', '28', '41', '11', '13', '20';'21', '20', '29', '38', '19', '23', '22', '6', '8', '0', '25';'37', '37', '21', '9', '5', '16', '37', '23', '9', '7', '20';'5', '20', '38', '23', '32', '17', '27', '31', '11', '41', '26';'9', '41', '31', '41', '25', '24', '10', '22', '33', '39', '22';'28', '30', '6', '39', '32', '20', '1', '17', '32', '36', '33';'19', '34', '17', '23', '7', '29', '9', '22', '10', '1', '25';'35', '32', '12', '39', '24', '3', '41', '18', '17', '36', '29';'18', '22', '15', '0', '11', '23', '33', '7', '17', '4', '25';'29', '12', '18', '28', '2', '25', '39', '11', '1', '10', '27']
feature_class = 'simple'
kparam1_use_sign = 'False'
data_test = ['17', '12', '36', '21', '11', '1', '36', '6', '25', '25', '23', '11', '15', '22', '39', '8', '31';'14', '36', '12', '4', '10', '9', '12', '40', '14', '41', '6', '39', '27', '31', '34', '14', '35';'20', '5', '0', '3', '10', '25', '36', '22', '28', '20', '26', '38', '39', '12', '22', '15', '29';'3', '39', '15', '30', '41', '24', '11', '25', '36', '32', '27', '8', '11', '4', '27', '34', '4';'33', '33', '12', '38', '41', '13', '10', '41', '37', '3', '32', '6', '40', '7', '36', '9', '14';'37', '14', '4', '28', '18', '9', '11', '3', '30', '17', '15', '39', '35', '24', '22', '11', '33';'35', '36', '2', '8', '17', '34', '33', '40', '13', '3', '28', '40', '14', '27', '41', '15', '11';'4', '33', '41', '0', '38', '31', '25', '16', '26', '23', '34', '41', '38', '25', '37', '22', '21';'3', '8', '3', '6', '22', '1', '23', '39', '30', '30', '39', '33', '23', '25', '15', '12', '14';'26', '3', '15', '29', '29', '35', '2', '21', '21', '11', '20', '3', '30', '30', '22', '19', '14';'22', '27', '15', '36', '20', '14', '16', '36', '12', '18', '29', '17', '13', '35', '35', '19', '18']
km_test = [9.69821458e-07, 4.470963e-08, 9.64880998e-08, 4.470963e-08, 2.08231502e-07, 2.08231502e-07, 4.470963e-08, 4.470963e-08, 2.08231502e-07, 4.470963e-08, 4.470963e-08, 4.470963e-08, 4.470963e-08, 4.49385557e-07, 4.470963e-08, 9.64880998e-08, 4.49385557e-07;2.09297706e-06, 9.64880998e-08, 9.69821458e-07, 9.64880998e-08, 9.69821458e-07, 2.08231502e-07, 9.64880998e-08, 4.49385557e-07, 4.49385557e-07, 4.49385557e-07, 9.64880998e-08, 4.49385557e-07, 9.64880998e-08, 2.08231502e-07, 4.49385557e-07, 2.08231502e-07, 2.08231502e-07;2.08231502e-07, 4.470963e-08, 9.64880998e-08, 2.08231502e-07, 2.08231502e-07, 4.470963e-08, 4.470963e-08, 4.470963e-08, 4.470963e-08, 4.470963e-08, 4.470963e-08, 4.470963e-08, 4.470963e-08, 9.64880998e-08, 4.470963e-08, 9.64880998e-08, 9.64880998e-08;4.470963e-08, 4.470963e-08, 4.49385557e-07, 2.08231502e-07, 4.49385557e-07, 4.470963e-08, 4.470963e-08, 2.08231502e-07, 4.470963e-08, 2.08231502e-07, 4.470963e-08, 2.08231502e-07, 4.470963e-08, 9.64880998e-08, 2.08231502e-07, 9.64880998e-08, 9.64880998e-08;9.64880998e-08, 9.64880998e-08, 2.08231502e-07, 9.64880998e-08, 4.49385557e-07, 9.64880998e-08, 9.64880998e-08, 9.64880998e-08, 9.64880998e-08, 9.64880998e-08, 4.49385557e-07, 9.64880998e-08, 9.64880998e-08, 2.08231502e-07, 9.64880998e-08, 2.08231502e-07, 2.08231502e-07;4.470963e-08, 4.470963e-08, 9.64880998e-08, 4.470963e-08, 2.08231502e-07, 2.08231502e-07, 4.470963e-08, 4.470963e-08, 4.470963e-08, 4.470963e-08, 4.470963e-08, 4.470963e-08, 4.470963e-08, 4.49385557e-07, 4.470963e-08, 9.64880998e-08, 2.09297706e-06;2.08231502e-07, 4.470963e-08, 4.49385557e-07, 4.470963e-08, 2.09297706e-06, 4.470963e-08, 4.470963e-08, 2.08231502e-07, 9.69821458e-07, 2.08231502e-07, 4.470963e-08, 4.51686537e-06, 4.470963e-08, 9.64880998e-08, 2.08231502e-07, 9.64880998e-08, 9.64880998e-08;4.470963e-08, 4.470963e-08, 4.49385557e-07, 4.470963e-08, 4.49385557e-07, 4.470963e-08, 4.470963e-08, 2.08231502e-07, 4.470963e-08, 2.08231502e-07, 4.470963e-08, 2.08231502e-07, 4.470963e-08, 9.64880998e-08, 2.08231502e-07, 4.49385557e-07, 9.64880998e-08;4.49385557e-07, 9.64880998e-08, 2.08231502e-07, 9.64880998e-08, 2.09297706e-06, 4.49385557e-07, 9.64880998e-08, 9.64880998e-08, 9.64880998e-08, 9.64880998e-08, 9.64880998e-08, 4.49385557e-07, 9.64880998e-08, 2.08231502e-07, 9.64880998e-08, 2.08231502e-07, 2.08231502e-07;4.470963e-08, 4.470963e-08, 4.49385557e-07, 4.470963e-08, 4.49385557e-07, 4.470963e-08, 4.470963e-08, 2.08231502e-07, 4.470963e-08, 2.08231502e-07, 4.470963e-08, 2.08231502e-07, 4.470963e-08, 9.64880998e-08, 2.08231502e-07, 9.64880998e-08, 9.64880998e-08;9.69821458e-07, 4.470963e-08, 9.64880998e-08, 4.470963e-08, 2.08231502e-07, 2.08231502e-07, 4.470963e-08, 4.470963e-08, 2.08231502e-07, 2.08231502e-07, 2.08231502e-07, 4.470963e-08, 4.470963e-08, 9.64880998e-08, 4.470963e-08, 9.64880998e-08, 9.64880998e-08]
kparam0_width = 1.3
data_class = 'rand'
accuracy = 1e-14
