name = 'HistogramWord'
labels = [1, -1, 1, 1, -1, 1, 1, -1, -1, -1, -1]
feature_type = 'word'
data_type = 'ushort'
data_train = ['16482', '2200', '46940', '2961', '46975', '21357', '53585', '11969', '2869', '60578', '61135';'50108', '46760', '28643', '24736', '38467', '23328', '53645', '25876', '21295', '3987', '58871';'22399', '62855', '46214', '33986', '20880', '4735', '44064', '60079', '4555', '41914', '40818';'45525', '19830', '17429', '6893', '50845', '14373', '47333', '3436', '8754', '10677', '5895';'19738', '30746', '49377', '48404', '54045', '32352', '63771', '39790', '41919', '5600', '29124';'27643', '40764', '9007', '45714', '56835', '37410', '62655', '44080', '40447', '8208', '56491';'58587', '18589', '43484', '17453', '36212', '43525', '47202', '32635', '63208', '33828', '18711';'3420', '31216', '301', '45236', '49758', '52322', '699', '54240', '58483', '190', '10492';'50132', '35743', '6102', '50336', '52479', '19778', '57471', '26641', '34584', '32745', '55006';'23093', '569', '38210', '34663', '51885', '36631', '45681', '7455', '4014', '11093', '18070';'35777', '56958', '16538', '10729', '34177', '45017', '784', '27751', '40864', '40328', '65322']
feature_class = 'simple'
classified = [nan, nan, nan, nan, nan, nan, nan, nan, nan, nan, nan, nan, nan, nan, nan, nan, nan]
data_test = ['12533', '40111', '39974', '54748', '5801', '19190', '49689', '38754', '50993', '29592', '10647', '8716', '23355', '22009', '52102', '24376', '45091';'4780', '61459', '2368', '12039', '6655', '40941', '4495', '10893', '25547', '22386', '55766', '58510', '13403', '32097', '13121', '55071', '10966';'59326', '33621', '53298', '28312', '52921', '49726', '60605', '50300', '22677', '55609', '31289', '56661', '31024', '42675', '4777', '62277', '53006';'29749', '15338', '2491', '27236', '48096', '14599', '19508', '54843', '3051', '48747', '49156', '21606', '21699', '54021', '876', '58335', '56179';'32093', '4142', '15202', '39734', '7079', '7987', '39567', '28940', '37233', '17019', '46185', '18077', '26258', '21136', '8311', '17214', '14098';'28251', '37945', '47030', '25945', '25316', '32217', '8308', '5949', '51990', '1150', '23944', '34699', '9204', '50816', '1081', '29305', '16896';'65262', '60193', '46175', '7805', '5237', '49711', '20056', '45543', '56556', '49012', '45952', '3343', '13500', '53222', '29375', '9662', '16964';'47893', '56156', '59638', '8130', '19531', '53401', '1679', '3506', '13284', '7253', '19128', '27932', '61389', '9435', '54340', '44078', '13296';'51293', '30445', '13245', '60403', '29124', '29899', '43919', '43225', '55769', '35247', '55636', '29222', '26211', '62752', '56573', '59101', '37220';'26646', '38649', '23049', '14069', '32580', '31843', '2849', '60595', '40158', '65417', '23289', '44690', '35257', '9823', '60160', '41975', '9540';'16364', '4611', '27663', '51991', '57679', '38646', '30977', '29168', '49115', '25471', '22687', '60890', '851', '18071', '59275', '6833', '11938']
accuracy = 1e-06
data_class = 'rand'
