name = 'LinearStringKernel'
scale = 1.0
km_train = [0.99589787, 1.00647665, 0.961462838, 0.964712886, 0.975539931, 0.983623135, 1.02229806, 0.995562547, 0.991296859, 0.988859323, 0.987372942;1.00647665, 1.03782607, 0.981227514, 0.982678429, 0.998757783, 1.00267848, 1.04455509, 1.01409878, 1.00954936, 1.01157419, 1.01079715;0.961462838, 0.981227514, 0.945696237, 0.939508893, 0.954450086, 0.958754465, 0.998809371, 0.968049989, 0.96661842, 0.963255523, 0.963668228;0.964712886, 0.982678429, 0.939508893, 0.950803455, 0.956503936, 0.960847006, 0.999837908, 0.973231365, 0.968469142, 0.968472366, 0.965206197;0.975539931, 0.998757783, 0.954450086, 0.956503936, 0.978341807, 0.974011634, 1.01525307, 0.987650228, 0.982987957, 0.978735166, 0.979428381;0.983623135, 1.00267848, 0.958754465, 0.960847006, 0.974011634, 0.990484347, 1.01853536, 0.991029246, 0.98909147, 0.986131605, 0.983039545;1.02229806, 1.04455509, 0.998809371, 0.999837908, 1.01525307, 1.01853536, 1.07557241, 1.03278011, 1.03016524, 1.02617684, 1.02550619;0.995562547, 1.01409878, 0.968049989, 0.973231365, 0.987650228, 0.991029246, 1.03278011, 1.01392467, 0.999918514, 0.99861914, 0.994092288;0.991296859, 1.00954936, 0.96661842, 0.968469142, 0.982987957, 0.98909147, 1.03016524, 0.999918514, 1.0065766, 0.994501768, 0.993605425;0.988859323, 1.01157419, 0.963255523, 0.968472366, 0.978735166, 0.986131605, 1.02617684, 0.99861914, 0.994501768, 1.00293964, 0.992838053;0.987372942, 1.01079715, 0.963668228, 0.965206197, 0.979428381, 0.983039545, 1.02550619, 0.994092288, 0.993605425, 0.992838053, 1.0019369]
data_train = ['CAATCCACGCGGAATCCTTAAAATTAGGCTTCCTTAGCCTCTGCGTAACCAGAAGACTTC', 'TCAAAAGTCAAAGATGCGATCCCGTGCGTTGTACTGTTCATTTTCTAGAGGGTATGACCT', 'GCTACCCGAAAATGAAAAAGAGTATACGCAGGAGCAAAGTAGCCGCGAAAAACATTATGT', 'CGACAGCACCTCCTATAGAAAGCCCCGACTAGAGTAAATCAATAGGCAGCAGATGGGCTC', 'TATGATCGCGAACTGAAAAGAAAAGTGCATCGAGAAATGAGTGCAAACTCGGGCTTTCCG', 'ATAAACGAATGACGAAACGGGGAGCCAGGATCCTTATTGAATGATGTTTCAAACAGCTAT', 'TTTTCTTCACCATCATCTGTTGAATATTCGTAGACTTGACGAGTCTGCTTGGGATTCATA', 'GGGTTTGAGCACATGTACGCCAGAGTCCCTTAGTTTTTATTAGAACCACGGTCAAGGCAA', 'CGTAGAAGGCAGCGAATTAGGATAACTGCTTCCTCTGGGATTACCATGTTAACCGAAGTG', 'ACGACCATAGCCACATGTGTCTAGACATTTGTCTTTGCCCAAGGCGACGGTTAGAACCCT', 'CGCAAGGTTATTAGTCTTGGGGAAGAGTGCGAGCAAAAAATGCTGCGAAATGTCTGGAAT']
size_ = 10
seqlen = 60
data_test = ['GCAGGACCGGGTACTACCACATAGGCCACGTAGATCCGTGGCGGGATGGCCTAATTGTTG', 'AAGGTTGCGTACTCGGACCAATCGCTCCTTATCCAAGCCGTAGATGTAACCATACTCTAC']
km_test = [0.986524964, 0.984693587;1.0040778, 1.00671202;0.961730451, 0.963507015;0.964516207, 0.96430663;0.976078381, 0.978918949;0.983100806, 0.98366505;1.02063757, 1.02199176;0.992860623, 0.996055858;0.989362307, 0.989952346;0.986634588, 0.989168852;0.988069381, 0.988211248]
alphabet = 'DNA'
do_rescale = 'True'
