name = 'LinearString'
alphabet = 'DNA'
km_test = [1.02161864, 1.01584733;0.990831895, 0.989900418;1.01289925, 1.00898449;1.00412864, 1.00292509;0.97596668, 0.976008292;1.01275521, 1.00652936;0.984670065, 0.982074094;0.989250625, 0.987707767;0.994833084, 0.994048851;0.979212444, 0.98223094;0.988165503, 0.985265442]
km_train = [1.05006229, 1.00732319, 1.02859351, 1.02133055, 0.994781868, 1.02826061, 1.00168632, 1.00419907, 1.01546001, 0.998917497, 1.00285147;1.00732319, 0.988319149, 1.00154868, 0.991628932, 0.966648712, 0.994407357, 0.974436625, 0.976786123, 0.983101599, 0.970627494, 0.973735617;1.02859351, 1.00154868, 1.03117028, 1.01073221, 0.986043273, 1.01538959, 0.994020042, 0.996881692, 1.00686226, 0.989980442, 0.994448969;1.02133055, 0.991628932, 1.01073221, 1.02034146, 0.980092705, 1.01241591, 0.986821104, 0.994986729, 0.999263199, 0.989122587, 0.99061423;0.994781868, 0.966648712, 0.986043273, 0.980092705, 0.962442663, 0.983472909, 0.963422154, 0.964465664, 0.973300288, 0.958499092, 0.965297911;1.02826061, 0.994407357, 1.01538959, 1.01241591, 0.983472909, 1.0278733, 0.990297336, 0.994593012, 1.00355567, 0.98862644, 0.994471376;1.00168632, 0.974436625, 0.994020042, 0.986821104, 0.963422154, 0.990297336, 0.977186242, 0.971130043, 0.978617067, 0.965381136, 0.970236978;1.00419907, 0.976786123, 0.996881692, 0.994986729, 0.964465664, 0.994593012, 0.971130043, 0.98670587, 0.98337368, 0.972115936, 0.972429629;1.01546001, 0.983101599, 1.00686226, 0.999263199, 0.973300288, 1.00355567, 0.978617067, 0.98337368, 1.00214085, 0.978360991, 0.981030584;0.998917497, 0.970627494, 0.989980442, 0.989122587, 0.958499092, 0.98862644, 0.965381136, 0.972115936, 0.978360991, 0.973806038, 0.967452151;1.00285147, 0.973735617, 0.994448969, 0.99061423, 0.965297911, 0.994471376, 0.970236978, 0.972429629, 0.981030584, 0.967452151, 0.979951864]
data_train = ['CAGCTCGTGATAGCTACCCGTCGCTCTTTTCCGCTGTTTCAGAGTCCTTTTATAGGACTG', 'GCCGACCCTTCATTTGCACATACCGCATATTGTGGTGAATCAACGCGCCGCTGGTCACAA', 'AGCCGCTGTAATGTTGCAACTTAGCCTGATCCTCGCGGATTTGTGAAAAATTTTGCAGCT', 'CCCTATTCATCGACCATTTTATATTCCGTGGAAGTTAAGGACCAGTGTGAGCCTGACTGA', 'TTGCTTCGTACGCCGCAGGAAAACGTGGCGGCCTTGCCCCGACTGCACCAGCCCTCGAAA', 'AAGCGCGGGATAGACTATTTGTGACTAATCTTCCGCGCGGGTTAGCGGTTTCCAGTGGTG', 'TATTACAGGGCTCGGTCACAAGGAGCGCGTCGCGTACGCACCGTTCTCCAATGCTGAACA', 'TTAGCCGGATAAGGCATTGCATGTTACGATCATAGAAGGCCCCACGACGACGCAATTTAT', 'ATTCCTTTAGTACTTCGAATAGCACCCCGAAAGATCTCCGTGATGAACCTGAGCGGCTCT', 'GGTTGGTGCTAAAACGAGCGCAGAGAAATCGATGATGGTAACCGATAACCCACTCCTGCT', 'AGTTGTGCTAGAGAGGACGACCATCTTAGCGGACTCAAATCAGGGTGAGCTACCGTGGAA']
seqlen = 60
data_test = ['GACTCAACTACGTCTGTAATGTCTCGTAATTGCCCCCACCGTCACAGCTTTGTACTAATC', 'TTCGAATCTGAGGATGAGTATATGCCTCGATGTAGGCCAGGAGCATTGATCCCGGCGTCG']
