name = 'LinearByte'
feature_type = 'byte'
data_type = 'ubyte'
km_train = [1.22193948, 0.76981435, 1.18355976, 0.986760909, 0.790216938, 0.577623863, 0.846997221, 0.805316415, 0.739270077, 0.779228399, 0.939805769;0.76981435, 0.980405398, 0.792576617, 0.866018534, 0.624352901, 0.6328461, 0.696684864, 0.703418582, 0.764104256, 0.738986422, 0.744897952;1.18355976, 0.792576617, 1.27934463, 1.08057253, 0.847564531, 0.592431463, 0.882976155, 0.82622876, 0.749543312, 0.850265417, 1.04123084;0.986760909, 0.866018534, 1.08057253, 1.08365984, 0.703315808, 0.617290308, 0.766912027, 0.700318934, 0.769222375, 0.784552065, 0.992421672;0.790216938, 0.624352901, 0.847564531, 0.703315808, 1.02057338, 0.485658057, 0.856489378, 0.789201536, 0.674724231, 0.759721996, 0.753288377;0.577623863, 0.6328461, 0.592431463, 0.617290308, 0.485658057, 0.632730994, 0.609775513, 0.492038233, 0.629096924, 0.655641254, 0.536382927;0.846997221, 0.696684864, 0.882976155, 0.766912027, 0.856489378, 0.609775513, 1.02755375, 0.818940066, 0.627789646, 0.814101491, 0.785637352;0.805316415, 0.703418582, 0.82622876, 0.700318934, 0.789201536, 0.492038233, 0.818940066, 0.954144723, 0.690843221, 0.73954551, 0.720709189;0.739270077, 0.764104256, 0.749543312, 0.769222375, 0.674724231, 0.629096924, 0.627789646, 0.690843221, 0.854729896, 0.752079761, 0.735685338;0.779228399, 0.738986422, 0.850265417, 0.784552065, 0.759721996, 0.655641254, 0.814101491, 0.73954551, 0.752079761, 0.947361674, 0.760313971;0.939805769, 0.744897952, 1.04123084, 0.992421672, 0.753288377, 0.536382927, 0.785637352, 0.720709189, 0.735685338, 0.760313971, 0.997556234]
data_train = ['176', '25', '132', '21', '206', '12', '155', '160', '106', '22', '96';'234', '17', '241', '116', '29', '25', '143', '204', '38', '160', '153';'175', '192', '240', '165', '129', '112', '133', '45', '49', '165', '105';'215', '145', '154', '168', '71', '219', '73', '16', '246', '189', '156';'185', '69', '205', '149', '245', '5', '25', '166', '139', '98', '141';'21', '50', '150', '175', '198', '103', '177', '88', '140', '212', '232';'137', '244', '182', '250', '8', '78', '51', '129', '152', '12', '225';'50', '185', '33', '34', '229', '130', '254', '233', '119', '186', '69';'246', '175', '191', '240', '146', '66', '209', '102', '72', '115', '203';'132', '66', '138', '120', '93', '195', '196', '128', '90', '91', '62';'28', '209', '11', '76', '40', '129', '36', '172', '207', '175', '23']
feature_class = 'simple'
seqlen = 60
data_test = ['98', '149', '99', '138', '246', '57', '173', '28', '162', '239', '245', '142', '59', '94', '41', '232', '42';'207', '73', '176', '191', '159', '63', '242', '1', '151', '214', '65', '165', '30', '114', '231', '25', '28';'194', '249', '77', '255', '24', '47', '64', '180', '66', '245', '89', '145', '136', '37', '86', '148', '248';'64', '148', '26', '105', '122', '197', '246', '255', '43', '99', '27', '172', '16', '126', '122', '167', '249';'243', '130', '75', '230', '203', '193', '247', '45', '213', '214', '157', '68', '136', '84', '10', '68', '98';'90', '240', '193', '215', '158', '160', '166', '93', '173', '164', '114', '219', '187', '30', '10', '86', '120';'129', '231', '104', '26', '226', '1', '102', '100', '20', '57', '132', '179', '172', '84', '92', '19', '254';'60', '37', '147', '241', '24', '129', '120', '159', '25', '197', '168', '248', '66', '224', '0', '50', '4';'12', '146', '139', '47', '152', '56', '114', '34', '75', '93', '4', '225', '21', '102', '204', '184', '174';'181', '130', '123', '52', '211', '158', '68', '215', '103', '245', '160', '199', '215', '177', '211', '251', '15';'241', '115', '75', '204', '108', '233', '38', '88', '173', '255', '223', '253', '215', '111', '46', '171', '136']
km_test = [0.881820981, 0.976693221, 0.697745487, 0.91672696, 1.03692258, 0.666638015, 1.06228707, 0.668533157, 0.692935688, 1.14839479, 0.682337689, 1.10485995, 0.576193256, 0.687459918, 0.807955638, 0.868065781, 0.884340987;0.743072695, 0.890338846, 0.573619808, 0.833385904, 0.722456338, 0.634876904, 0.662716179, 0.7085367, 0.470521581, 0.945791296, 0.682091033, 1.10879823, 0.682946108, 0.623321055, 0.501666051, 0.683398311, 0.90682782;0.978127938, 1.12153392, 0.782804916, 1.03636349, 1.07672058, 0.688138223, 1.08543988, 0.699521412, 0.759532893, 1.22050065, 0.730402782, 1.15340191, 0.721798588, 0.648274452, 0.778582982, 0.828345893, 0.951304064;0.813945275, 1.05776093, 0.696129888, 0.84020184, 0.959028518, 0.66127324, 0.893857809, 0.687669576, 0.618293378, 0.984709551, 0.621035374, 1.12512277, 0.720483088, 0.587901209, 0.683891624, 0.736499304, 0.986691023;0.723989718, 0.835083721, 0.670469409, 1.02153534, 0.828366448, 0.716631138, 0.881981308, 0.584785118, 0.695122708, 1.11450832, 0.7839642, 1.00585211, 0.617467079, 0.619395109, 0.375386241, 0.747380958, 0.584131478;0.565739139, 0.665692499, 0.453091202, 0.633894389, 0.573389596, 0.614675752, 0.562142068, 0.699521412, 0.384676962, 0.789978504, 0.515265036, 0.884377985, 0.547482461, 0.536329485, 0.458024328, 0.644948703, 0.611074569;0.681383951, 0.840678708, 0.769522473, 0.92079679, 0.824818708, 0.63924272, 0.812535223, 0.668126174, 0.592086144, 1.11578683, 0.718629054, 1.17230401, 0.612509287, 0.713605487, 0.625240864, 0.804958764, 0.590071784;0.873101681, 0.759442452, 0.721667038, 0.975706596, 0.897269888, 0.697030183, 0.852855308, 0.528621475, 0.698691002, 1.16101537, 0.856748367, 1.10596579, 0.679028383, 0.714238572, 0.532950294, 0.677552556, 0.53919892;0.755056081, 0.840189507, 0.553743421, 0.843581031, 0.835100165, 0.78278025, 0.825217469, 0.690497902, 0.604492957, 0.970876243, 0.732285592, 1.04439216, 0.667793188, 0.611115679, 0.441202367, 0.721227167, 0.782961131;0.801674124, 0.84699311, 0.678781727, 1.04669017, 0.715373191, 0.800625834, 0.857007356, 0.708914907, 0.647283716, 1.10713741, 0.666009041, 1.13290889, 0.651497428, 0.636180071, 0.534524783, 0.712988847, 0.729264052;0.735619563, 1.00137118, 0.719558126, 0.854549015, 0.960734557, 0.619765093, 0.95180971, 0.596780836, 0.634223264, 0.951390394, 0.627986971, 1.0793228, 0.638765851, 0.564842955, 0.605635798, 0.665153966, 0.870137694]
alphabet = 'RAWBYTE'
accuracy = 1e-08
data_class = 'rand'
