functionname = 'test_linear_kernel'
kernelname = 'LinearKernel'
testdat = [0.781662498, 0.0990625305, 0.730797516, 0.66048147, 0.825170422, 0.624677135, 0.197281233, 0.51152901, 0.937429097, 0.431272401, 0.509876378, 0.120511556, 0.570307902, 0.746755131, 0.679265327, 0.102757904, 0.28977822;0.166350049, 0.620614932, 0.326881766, 0.276352604, 0.975507789, 0.253206846, 0.0773190627, 0.88897015, 0.0793067544, 0.722271828, 0.690655873, 0.107798383, 0.0679906968, 0.49532125, 0.861928713, 0.293736854, 0.393090711;0.798522276, 0.0571420834, 0.244043635, 0.767659161, 0.335080025, 0.453867889, 0.104553171, 0.656946987, 0.461321395, 0.108105602, 0.303249349, 0.52996727, 0.260020228, 0.581237881, 0.630018929, 0.667085187, 0.129395046;0.548054159, 0.297778185, 0.105591552, 0.857487699, 0.990628151, 0.995069536, 0.69665515, 0.884292149, 0.701540696, 0.371784813, 0.327005665, 0.382302598, 0.00770530154, 0.492972471, 0.0828863642, 0.53588686, 0.15742513;0.540642365, 0.792006017, 0.569560454, 0.250447487, 0.101276874, 0.182087999, 0.436636801, 0.928849805, 0.0264641003, 0.0932459772, 0.499969322, 0.19272229, 0.385898755, 0.39198164, 0.561377761, 0.170386832, 0.252449327;0.816205849, 0.628733341, 0.687355589, 0.72754033, 0.0399807559, 0.253435971, 0.932401752, 0.177487914, 0.458671884, 0.916210266, 0.55520353, 0.421089544, 0.543712439, 0.685361997, 0.899365409, 0.16122919, 0.538015857;0.801800479, 0.969126527, 0.933713243, 0.272786717, 0.604642814, 0.709902934, 0.456380931, 0.87584988, 0.138367002, 0.894877155, 0.68152783, 0.322927619, 0.778112046, 0.401115833, 0.327879177, 0.101572009, 0.940221658;0.978346884, 0.748195591, 0.864115281, 0.683102881, 0.55102259, 0.185069519, 0.693198242, 0.0792878083, 0.649876534, 0.53553553, 0.377017953, 0.966624739, 0.92826567, 0.654260529, 0.0724753837, 0.972970421, 0.302854293;0.814629185, 0.649884548, 0.394796474, 0.399394482, 0.178017387, 0.339332579, 0.144877044, 0.102702223, 0.718497546, 0.567790653, 0.757971393, 0.304278821, 0.260463218, 0.100065418, 0.988486505, 0.676934383, 0.360694105;0.0453608573, 0.246115669, 0.728874156, 0.175892097, 0.801240728, 0.502439597, 0.849997394, 0.00159542335, 0.349660805, 0.498534114, 0.544424088, 0.107700532, 0.612786479, 0.464879632, 0.86151129, 0.274085488, 0.657716509;0.0960156344, 0.754328799, 0.946693268, 0.843204976, 0.375786077, 0.592829901, 0.474940287, 0.288765441, 0.629586417, 0.512103859, 0.782732148, 0.0530442411, 0.604560719, 0.254532477, 0.696475134, 0.80533672, 0.507645956]
km_test = [2.28896353, 2.76106122, 3.08064348, 2.55665605, 2.38786016, 2.21463898, 2.36790953, 2.21053922, 2.08644543, 2.36649648, 2.64609909, 1.34009782, 2.32272988, 2.08215196, 2.65936266, 2.16886295, 2.04796671;2.31341301, 2.346206, 2.29111272, 2.68226789, 2.45495317, 2.01124366, 1.66049716, 2.62755542, 1.89450567, 2.05544572, 2.35104435, 1.51262305, 1.65333837, 2.09948195, 2.49724662, 2.39026336, 1.51731183;3.39114959, 3.13246684, 2.71602961, 2.51501849, 2.27526038, 2.13157905, 2.16957209, 2.98097145, 1.99262871, 2.51627906, 2.78202254, 1.87949207, 2.08768627, 2.27182936, 2.98140969, 2.22975205, 1.99634413;3.08539199, 2.54311033, 2.97349196, 2.41098593, 2.57789291, 2.3421183, 2.46637455, 2.08399243, 2.43815153, 3.00216113, 2.76029079, 1.4106724, 2.30012116, 2.39532832, 3.19678705, 1.5131989, 2.30630529;2.80233851, 2.59410596, 3.13518068, 2.94485428, 2.52183422, 2.4455227, 1.87328279, 2.57964933, 2.74843332, 2.25786468, 3.20199384, 1.24313325, 2.22764387, 2.32018674, 4.03974388, 2.56704064, 1.98936282;2.98569767, 2.64542448, 2.97291112, 2.48021829, 3.03934562, 2.61694561, 2.22737102, 2.76458, 2.31212052, 2.58278972, 2.82879897, 1.56237206, 2.3044175, 2.38778538, 3.05689765, 2.08346212, 2.25100832;3.14497143, 2.88757747, 3.42859955, 2.96335091, 3.54639533, 3.07506419, 3.23448335, 3.20314001, 2.52594119, 3.30224595, 3.16432314, 1.52529843, 2.55180364, 3.08021522, 3.6534392, 1.68461513, 2.71150876;3.73005461, 2.88321214, 3.77050266, 3.24123772, 3.28643541, 2.89240493, 3.10624796, 2.64737246, 2.81028212, 3.19787329, 2.99955609, 2.23567135, 3.16483003, 3.16243386, 3.27054778, 2.45623637, 2.68566925;4.26624359, 3.31466428, 3.51498897, 3.8503741, 3.86393664, 3.12020094, 2.8684793, 3.57973443, 3.34670572, 3.36490191, 3.46402943, 2.47919466, 2.72750784, 3.44243187, 3.82192843, 3.10235363, 2.37367454;3.40067141, 2.46564995, 2.8333024, 2.93064695, 3.18179565, 2.45016977, 2.38748235, 2.23665897, 2.94499616, 2.77324683, 2.90136446, 2.02250632, 2.26561187, 2.68786598, 3.53199377, 2.70508698, 1.99749342;2.96259159, 3.07162539, 3.43481656, 2.85903433, 2.65299894, 2.42141653, 2.4773207, 2.45053065, 2.39847433, 3.22243634, 3.14842074, 1.50363067, 2.5675485, 2.51502595, 3.51077145, 2.09069678, 2.53591439;3.29063503, 3.50125252, 2.91092365, 2.82291069, 2.8075435, 2.19741664, 2.4661795, 2.89832348, 2.43763019, 2.74150153, 3.05564286, 2.01041303, 2.15591933, 2.38124838, 3.05829703, 2.78178689, 1.91691819;2.77052876, 2.99437057, 3.18256851, 2.51501949, 2.40784621, 2.16217535, 2.21002026, 2.17245035, 2.3590691, 2.83641653, 3.05961331, 1.35451771, 2.34846431, 2.15830404, 3.42873712, 2.12772922, 2.25798369]
traindat = [0.237647629, 0.0584100077, 0.0252256721, 0.772557209, 0.728082346, 0.502987388, 0.709640741, 0.597553176, 0.718970516, 0.548809309, 0.472040552, 0.070587926, 0.459950614;0.320434673, 0.874704169, 0.517893009, 0.318035461, 0.431837482, 0.447975678, 0.589099194, 0.213923396, 0.90175492, 0.644874407, 0.645945585, 0.85694173, 0.548117546;0.196979986, 0.867267731, 0.580767859, 0.000660197094, 0.89277055, 0.532167789, 0.231852785, 0.826069503, 0.82077546, 0.677722302, 0.32355208, 0.00736405016, 0.0930591026;0.426949643, 0.520936471, 0.521816548, 0.44914082, 0.116945471, 0.557450281, 0.901296335, 0.471463836, 0.935837131, 0.597119402, 0.212608806, 0.820060087, 0.184152972;0.547263013, 0.324316086, 0.949500975, 0.159888275, 0.766903067, 0.464169584, 0.538579328, 0.141816648, 0.443435211, 0.106909611, 0.165978197, 0.965470633, 0.440684173;0.326312722, 0.184782651, 0.430428631, 0.900728303, 0.100951308, 0.0776521927, 0.946910946, 0.701053173, 0.563118253, 0.370045668, 0.865613857, 0.311643027, 0.531513917;0.451755145, 0.213340679, 0.645886951, 0.689764033, 0.0314995505, 0.772728487, 0.732833787, 0.896700956, 0.382952779, 0.0933191234, 0.733764754, 0.17144842, 0.473841517;0.474683094, 0.478775852, 0.496046484, 0.205300086, 0.000214442063, 0.330798525, 0.0284133884, 0.789781519, 0.851090231, 0.731277509, 0.286708213, 0.933634373, 0.332818418;0.190744861, 0.129934084, 0.805658435, 0.709407613, 0.911662267, 0.587120072, 0.0913291125, 0.128522461, 0.629600337, 0.994929146, 0.438754312, 0.950168562, 0.838490868;0.489599855, 0.00953023685, 0.116191522, 0.58490428, 0.56903033, 0.721767724, 0.987558845, 0.877308831, 0.281985162, 0.770616404, 0.377956562, 0.0942927116, 0.427355373;0.960108176, 0.75310023, 0.0637402514, 0.0204266992, 0.973134813, 0.197727131, 0.151462995, 0.253458299, 0.220714416, 0.00446705771, 0.745961529, 0.333820267, 0.672055256]
