name = 'Linear'
data_train = [0.374540119, 0.950714306, 0.731993942, 0.598658484, 0.15601864, 0.15599452, 0.0580836122, 0.866176146, 0.601115012, 0.708072578, 0.0205844943;0.969909852, 0.832442641, 0.212339111, 0.181824967, 0.18340451, 0.304242243, 0.524756432, 0.431945019, 0.29122914, 0.611852895, 0.139493861;0.292144649, 0.366361843, 0.456069984, 0.785175961, 0.199673782, 0.514234438, 0.592414569, 0.0464504127, 0.607544852, 0.170524124, 0.065051593;0.948885537, 0.965632033, 0.808397348, 0.304613769, 0.097672114, 0.684233027, 0.440152494, 0.122038235, 0.49517691, 0.0343885211, 0.909320402;0.258779982, 0.662522284, 0.311711076, 0.520068021, 0.546710279, 0.184854456, 0.969584628, 0.775132823, 0.939498942, 0.89482735, 0.597899979;0.921874235, 0.0884925021, 0.195982862, 0.0452272889, 0.325330331, 0.38867729, 0.271349032, 0.828737509, 0.356753327, 0.28093451, 0.542696083;0.140924225, 0.802196981, 0.0745506437, 0.986886937, 0.772244769, 0.198715682, 0.00552211712, 0.815461428, 0.706857344, 0.729007168, 0.771270347;0.0740446517, 0.358465729, 0.11586906, 0.863103426, 0.623298127, 0.330898025, 0.0635583503, 0.310982322, 0.325183322, 0.729606178, 0.637557471;0.887212743, 0.472214925, 0.119594246, 0.713244787, 0.760785049, 0.561277198, 0.77096718, 0.493795596, 0.522732829, 0.427541018, 0.0254191267;0.107891427, 0.0314291857, 0.636410411, 0.314355981, 0.508570691, 0.907566474, 0.249292229, 0.410382923, 0.755551139, 0.228798165, 0.0769799098;0.289751453, 0.161221287, 0.929697652, 0.80812038, 0.633403757, 0.87146059, 0.803672077, 0.186570059, 0.892558998, 0.539342242, 0.807440155]
scale = 1.0
km_test = [2.20604711, 3.01491506, 2.42508788, 1.76282306, 3.3423049, 2.42589039, 3.10269132, 1.92751627, 3.01602403, 2.01419206, 2.68718448, 2.63118297, 2.58752932, 3.09841822, 3.09681775, 3.18945561, 2.81684399;2.88988362, 2.66890688, 3.05543497, 2.53707164, 3.11663295, 3.08585802, 3.4479812, 2.41248209, 3.30001695, 2.67564416, 2.93464135, 2.35475893, 2.64838835, 2.78548109, 2.71615793, 3.36572285, 2.98270406;1.93256053, 2.37023738, 2.413222, 1.5025845, 2.69555137, 2.79745093, 2.89849512, 1.75365958, 1.99866985, 1.2012668, 2.62572814, 1.97654384, 1.96364181, 2.68485117, 2.81439024, 2.61427952, 1.73141252;2.94095705, 3.35630815, 3.14400621, 2.92287646, 3.2325619, 3.81251704, 3.37629961, 3.79199645, 3.48307324, 2.79284658, 3.35259254, 2.2388677, 2.98390766, 2.84881357, 3.05655504, 3.78077449, 2.68819341;2.15347445, 2.66010317, 2.367661, 2.55184746, 2.64957881, 2.97096843, 2.54524739, 3.06786109, 2.85134565, 2.336594, 2.56239895, 1.83843187, 2.4913584, 2.39428808, 2.48457534, 3.00933586, 2.01613386;2.08098525, 2.98131226, 2.75505807, 1.94425733, 3.12657873, 2.96080684, 3.05882785, 2.47338347, 2.46641618, 1.51676915, 2.96066991, 2.14932406, 2.4375012, 2.79266086, 3.00531671, 3.07647781, 1.98525981;1.62960184, 2.58432511, 2.7408101, 2.04675414, 3.14516945, 2.09910267, 2.32749054, 2.54744673, 2.67748554, 1.97568808, 2.92044066, 2.30060905, 1.89090685, 2.24677813, 3.34540561, 2.94460738, 1.86706161;2.43137507, 2.52979867, 2.25108169, 2.67241013, 2.84813253, 3.29451112, 3.13254057, 2.45365153, 3.30318907, 2.60905816, 2.41697896, 2.0345623, 2.637286, 2.91704193, 2.483429, 3.16751501, 2.14413339;2.65787232, 3.22764464, 3.41878439, 3.07849346, 3.77360411, 3.85382331, 3.73041331, 3.37608897, 3.49166226, 2.59307086, 3.68494147, 2.61288975, 2.88095528, 3.22563798, 3.66221869, 3.91125429, 2.2423503;2.54974559, 2.90333323, 2.88695949, 2.67244495, 2.63869331, 3.32194552, 2.73356761, 2.92596048, 3.35869794, 2.87317021, 2.44538677, 2.00126916, 2.81676308, 2.52479635, 2.5147916, 3.16490762, 2.54019983;1.7206608, 2.33755512, 2.43814221, 1.99417001, 2.24406028, 2.9790051, 2.52870171, 2.50789035, 2.48210183, 1.90238678, 2.60881613, 2.49351769, 2.44103805, 2.28035288, 2.65995773, 2.63612013, 1.71078286]
data_test = [0.8960913, 0.318003475, 0.110051925, 0.227935163, 0.427107789, 0.818014766, 0.860730583, 0.00695213053, 0.510747303, 0.417411003, 0.22210781, 0.119865367, 0.337615171, 0.942909704, 0.323202932, 0.518790622, 0.703018959;0.363629602, 0.971782083, 0.962447295, 0.251782296, 0.497248506, 0.30087831, 0.284840494, 0.0368869474, 0.609564334, 0.502679023, 0.0514787512, 0.278646464, 0.908265886, 0.239561891, 0.144894872, 0.48945276, 0.985650454;0.242055272, 0.672135547, 0.761619615, 0.237637544, 0.728216349, 0.367783133, 0.632305831, 0.633529711, 0.535774684, 0.0902897701, 0.835302496, 0.320780065, 0.18651851, 0.0407751416, 0.590892943, 0.677564362, 0.0165878289;0.512093058, 0.226495775, 0.64517279, 0.174366429, 0.690937738, 0.386735346, 0.936729989, 0.137520944, 0.341066351, 0.113473521, 0.924693618, 0.877339353, 0.257941628, 0.659984046, 0.8172222, 0.555200812, 0.529650578;0.241852291, 0.0931027678, 0.897215758, 0.900418057, 0.633101457, 0.339029791, 0.349209575, 0.725955679, 0.89711026, 0.887086424, 0.779875546, 0.642031646, 0.084139965, 0.161628714, 0.898554189, 0.60642906, 0.00919705162;0.101471543, 0.663501769, 0.00506158385, 0.160808051, 0.548733789, 0.691895198, 0.65196126, 0.224269309, 0.712179221, 0.237249087, 0.325399698, 0.746491405, 0.649632899, 0.84922341, 0.657612892, 0.568308603, 0.0936747678;0.367715803, 0.265202368, 0.243989643, 0.973010555, 0.393097725, 0.892046555, 0.631138626, 0.794811304, 0.502637093, 0.576903885, 0.492517694, 0.195242988, 0.722452115, 0.280772362, 0.0243159664, 0.645472296, 0.177110679;0.940458584, 0.953928577, 0.91486439, 0.3701587, 0.0154566165, 0.928318563, 0.428184148, 0.966654819, 0.963619977, 0.853009455, 0.294448892, 0.385097729, 0.851136672, 0.316922005, 0.169492747, 0.556801262, 0.936154774;0.696029797, 0.57006117, 0.0971764938, 0.615007227, 0.99005385, 0.140084015, 0.518329652, 0.877373072, 0.740768618, 0.697015741, 0.702484084, 0.359491151, 0.293591844, 0.809361155, 0.810113395, 0.867072319, 0.913240553;0.511342399, 0.501516295, 0.798295179, 0.649963931, 0.701966877, 0.795792669, 0.890005342, 0.337995157, 0.375582953, 0.0939819398, 0.578280141, 0.0359422738, 0.465598018, 0.542644635, 0.286541252, 0.590833261, 0.0305002499;0.0373481887, 0.822600561, 0.360190641, 0.127060513, 0.52224326, 0.769993553, 0.215821027, 0.622890476, 0.085347465, 0.0516817212, 0.531354632, 0.540635122, 0.637429901, 0.726091334, 0.975852079, 0.516300348, 0.322956473]
km_train = [3.89164203, 3.04845795, 2.10499748, 2.19913577, 1.89708384, 2.46005461, 2.57176284, 2.51169895, 2.6545745, 2.14868051, 2.10058672;3.04845795, 4.13223607, 2.37193929, 3.22891601, 2.17974773, 2.11963913, 2.32917739, 2.94658893, 3.26676313, 3.03827282, 2.47359103;2.10499748, 2.37193929, 2.88062437, 2.46238887, 1.69065806, 2.60830426, 2.14115738, 1.8401376, 3.00554613, 1.92483454, 2.03625709;2.19913577, 3.22891601, 2.46238887, 4.3527491, 3.12677478, 2.74619449, 2.58396034, 2.81648437, 3.85531971, 3.31947962, 2.70752101;1.89708384, 2.17974773, 1.69065806, 3.12677478, 2.73562134, 2.2774221, 2.15119722, 2.45506721, 3.0424118, 2.64168732, 2.19695499;2.46005461, 2.11963913, 2.60830426, 2.74619449, 2.2774221, 3.08188471, 2.44069266, 1.91646471, 3.15095127, 1.98635624, 2.17476179;2.57176284, 2.32917739, 2.14115738, 2.58396034, 2.15119722, 2.44069266, 3.14365288, 1.99185911, 3.10659856, 2.2927107, 1.97263382;2.51169895, 2.94658893, 1.8401376, 2.81648437, 2.45506721, 1.91646471, 1.99185911, 3.45026931, 3.17126342, 3.04316073, 2.12727908;2.6545745, 3.26676313, 3.00554613, 3.85531971, 3.0424118, 3.15095127, 3.10659856, 3.17126342, 4.31655598, 3.29567862, 2.8427684;2.14868051, 3.03827282, 1.92483454, 3.31947962, 2.64168732, 1.98635624, 2.2927107, 3.04316073, 3.29567862, 3.37543858, 2.32116205;2.10058672, 2.47359103, 2.03625709, 2.70752101, 2.19695499, 2.17476179, 1.97263382, 2.12727908, 2.8427684, 2.32116205, 3.1628501]
