name = 'LinearByte'
feature_type = 'byte'
data_type = 'ubyte'
km_train = [1.08002128, 0.971144149, 0.874453636, 0.588512311, 0.892398075, 0.920239611, 0.866478834, 0.554391582, 0.576212346, 1.10882397, 0.850243605;0.971144149, 1.07954071, 0.782351242, 0.649527031, 0.904620967, 0.934752029, 0.840142491, 0.498921594, 0.716852679, 1.14314418, 0.858957402;0.874453636, 0.782351242, 1.06345963, 0.515306436, 0.669439101, 0.847378298, 0.732249171, 0.620747016, 0.69302348, 1.06589423, 0.815474554;0.588512311, 0.649527031, 0.515306436, 0.594954719, 0.676502627, 0.639670737, 0.476044475, 0.330874961, 0.478778304, 0.786984697, 0.51301691;0.892398075, 0.904620967, 0.669439101, 0.676502627, 1.00775842, 0.936338828, 0.823082126, 0.485483667, 0.562035423, 0.9570579, 0.674983833;0.920239611, 0.934752029, 0.847378298, 0.639670737, 0.936338828, 1.28952873, 0.85960119, 0.678193703, 0.733650089, 1.04493941, 0.776552622;0.866478834, 0.840142491, 0.732249171, 0.476044475, 0.823082126, 0.85960119, 1.05762474, 0.617972383, 0.539384989, 0.974426557, 0.659401459;0.554391582, 0.498921594, 0.620747016, 0.330874961, 0.485483667, 0.678193703, 0.617972383, 0.641715442, 0.315995313, 0.719822262, 0.474267259;0.576212346, 0.716852679, 0.69302348, 0.478778304, 0.562035423, 0.733650089, 0.539384989, 0.315995313, 0.763160031, 0.819722644, 0.589713745;1.10882397, 1.14314418, 1.06589423, 0.786984697, 0.9570579, 1.04493941, 0.974426557, 0.719822262, 0.819722644, 1.50440409, 0.930866636;0.850243605, 0.858957402, 0.815474554, 0.51301691, 0.674983833, 0.776552622, 0.659401459, 0.474267259, 0.589713745, 0.930866636, 0.917832209]
data_train = ['209', '185', '254', '19', '57', '111', '216', '56', '229', '204', '195';'118', '205', '96', '91', '51', '36', '7', '43', '97', '235', '132';'117', '68', '158', '44', '136', '233', '31', '32', '125', '66', '29';'113', '203', '28', '130', '217', '184', '252', '29', '136', '153', '129';'61', '2', '173', '67', '24', '178', '140', '230', '43', '162', '54';'214', '136', '129', '188', '245', '40', '171', '63', '30', '235', '46';'129', '95', '209', '76', '109', '68', '57', '105', '43', '73', '255';'55', '170', '126', '216', '161', '228', '29', '70', '254', '197', '117';'54', '66', '140', '2', '25', '56', '125', '151', '52', '197', '42';'187', '185', '48', '41', '203', '240', '227', '193', '10', '102', '97';'217', '145', '84', '99', '103', '179', '45', '43', '21', '180', '186']
feature_class = 'simple'
seqlen = 60
data_test = ['221', '113', '234', '254', '124', '123', '29', '7', '97', '56', '110', '72', '114', '19', '231', '24', '18';'4', '74', '206', '127', '71', '210', '214', '154', '39', '223', '25', '26', '189', '82', '127', '177', '169';'156', '166', '187', '168', '32', '210', '228', '210', '96', '110', '15', '22', '134', '25', '95', '11', '71';'132', '105', '219', '116', '196', '176', '25', '132', '21', '206', '12', '155', '160', '106', '22', '96', '234';'17', '241', '116', '29', '25', '143', '204', '38', '160', '153', '175', '192', '240', '165', '129', '112', '133';'45', '49', '165', '105', '215', '145', '154', '168', '71', '219', '73', '16', '246', '189', '156', '185', '69';'205', '149', '245', '5', '25', '166', '139', '98', '141', '21', '50', '150', '175', '198', '103', '177', '88';'140', '212', '232', '137', '244', '182', '250', '8', '78', '51', '129', '152', '12', '225', '50', '185', '33';'34', '229', '130', '254', '233', '119', '186', '69', '246', '175', '191', '240', '146', '66', '209', '102', '72';'115', '203', '132', '66', '138', '120', '93', '195', '196', '128', '90', '91', '62', '28', '209', '11', '76';'40', '129', '36', '172', '207', '175', '23', '98', '149', '99', '138', '246', '57', '173', '28', '162', '239']
km_test = [0.71026066, 0.897784127, 1.11577868, 0.891495866, 0.941529931, 1.05618755, 0.772186655, 0.779481401, 0.762489042, 0.864796826, 0.571170856, 0.745387874, 0.916952668, 0.740441592, 0.86413037, 0.726237467, 0.745623627;0.715678448, 0.894923353, 1.20732797, 0.906806217, 1.01340743, 1.07883345, 0.814649418, 0.736157232, 0.668555027, 0.887306714, 0.522079804, 0.737209054, 0.831478564, 0.731097608, 0.797815739, 0.756527208, 0.758907408;0.760453404, 1.01319888, 1.19798851, 0.891078764, 0.786676405, 1.03232662, 0.964679073, 0.591314146, 0.800826125, 0.740242109, 0.644213518, 0.784395947, 0.962493823, 0.758898341, 0.899506938, 0.723009463, 0.575010912;0.420497414, 0.606891987, 0.80088053, 0.502117863, 0.72095569, 0.747242163, 0.666242833, 0.461024281, 0.395598259, 0.600313568, 0.369189376, 0.514671716, 0.601886767, 0.686154904, 0.414127547, 0.643406517, 0.50725456;0.66778883, 0.834017443, 1.07820326, 0.704820203, 0.943089528, 0.980125435, 0.783992446, 0.774825277, 0.614671839, 0.827901463, 0.443179584, 0.640241985, 0.808021129, 0.747573124, 0.673106876, 0.685873814, 0.666120423;0.782795546, 1.18405188, 1.17634003, 0.88427366, 0.967689459, 1.14863451, 0.972137032, 0.769448292, 0.836841947, 0.839049865, 0.646929213, 0.913815339, 0.818675356, 0.786449719, 0.774711934, 0.671737694, 0.782863551;0.652124849, 0.878647321, 1.02440622, 0.774983957, 0.889501032, 0.854355683, 0.619273559, 0.632589076, 0.708528781, 0.842862719, 0.550905156, 0.724383178, 0.867294902, 0.579345142, 0.843991613, 0.527098625, 0.633083251;0.401174726, 0.844059619, 0.725353393, 0.500127562, 0.57316569, 0.673669056, 0.700857737, 0.453389507, 0.696872603, 0.600114085, 0.541039795, 0.663227913, 0.679218322, 0.533482094, 0.675468941, 0.478451877, 0.451725634;0.628658346, 0.710976986, 0.974585237, 0.744213642, 0.699814983, 0.787283922, 0.69480523, 0.368405044, 0.424437212, 0.524487206, 0.405690305, 0.522238484, 0.54690642, 0.524187981, 0.548520423, 0.502693644, 0.411171565;0.716408376, 1.17740545, 1.3995801, 1.15588845, 1.25033477, 1.30401394, 1.15148168, 0.803206325, 0.915991521, 1.1596741, 0.804081332, 1.009046, 1.17046887, 0.988059435, 1.03850607, 1.01222413, 0.904552961;0.711072194, 0.82301412, 1.06510083, 0.720370841, 0.759854954, 0.941665942, 0.669384697, 0.546575459, 0.651045825, 0.625462078, 0.497819902, 0.770305164, 0.746961072, 0.729986848, 0.670617867, 0.714368204, 0.678107562]
alphabet = 'RAWBYTE'
accuracy = 1e-08
data_class = 'rand'
