name = 'LinearWord'
feature_type = 'word'
data_type = 'ushort'
km_train = [1.06048834, 0.62380685, 0.589419852, 0.399623655, 0.742492071, 0.620802161, 0.975522406, 0.799748092, 0.743326707, 1.05481281, 0.807760596;0.62380685, 1.04696724, 0.613958147, 0.44185623, 0.727134771, 0.811432994, 1.03828702, 0.672716512, 0.684735269, 1.06950241, 0.510463299;0.589419852, 0.613958147, 0.84949239, 0.352884046, 0.568553955, 0.557369835, 0.771704326, 0.725799354, 0.675053493, 0.970681518, 0.748167595;0.399623655, 0.44185623, 0.352884046, 0.301971258, 0.412477048, 0.323337936, 0.475074738, 0.430171328, 0.407302305, 0.579571149, 0.447865608;0.742492071, 0.727134771, 0.568553955, 0.412477048, 0.938464574, 0.692747773, 0.889888766, 0.765361094, 0.504620848, 0.886550222, 0.777713705;0.620802161, 0.811432994, 0.557369835, 0.323337936, 0.692747773, 0.901406741, 0.886550222, 0.444026283, 0.488929693, 0.832298891, 0.497609906;0.975522406, 1.03828702, 0.771704326, 0.475074738, 0.889888766, 0.886550222, 1.32089473, 0.922606492, 0.867687452, 1.18468216, 0.724630863;0.799748092, 0.672716512, 0.725799354, 0.430171328, 0.765361094, 0.444026283, 0.922606492, 1.05414511, 0.719623048, 1.04579875, 0.870692141;0.743326707, 0.684735269, 0.675053493, 0.407302305, 0.504620848, 0.488929693, 0.867687452, 0.719623048, 0.817442372, 1.02426514, 0.645340456;1.05481281, 1.06950241, 0.970681518, 0.579571149, 0.886550222, 0.832298891, 1.18468216, 1.04579875, 1.02426514, 1.69163998, 1.01157868;0.807760596, 0.510463299, 0.748167595, 0.447865608, 0.777713705, 0.497609906, 0.724630863, 0.870692141, 0.645340456, 1.01157868, 1.01708727]
data_train = ['10', '29', '30', '23', '8', '2', '30', '39', '36', '35', '23';'30', '5', '1', '19', '27', '10', '3', '14', '5', '29', '37';'1', '14', '10', '7', '25', '4', '5', '25', '3', '18', '19';'32', '19', '11', '0', '25', '13', '37', '36', '10', '35', '12';'2', '32', '5', '9', '4', '22', '9', '1', '12', '39', '1';'19', '0', '36', '8', '16', '8', '10', '14', '23', '37', '34';'29', '30', '4', '13', '10', '8', '33', '11', '34', '34', '0';'39', '21', '28', '7', '10', '40', '36', '13', '29', '34', '20';'36', '4', '18', '13', '25', '3', '24', '41', '24', '17', '39';'7', '38', '39', '13', '31', '37', '32', '22', '14', '32', '24';'16', '32', '1', '13', '39', '39', '38', '5', '5', '2', '6']
feature_class = 'simple'
data_test = ['7', '41', '14', '28', '32', '29', '38', '26', '35', '28', '37', '32', '36', '26', '32', '3', '21';'1', '9', '4', '9', '32', '37', '12', '30', '35', '23', '14', '28', '7', '4', '28', '3', '11';'1', '26', '30', '35', '35', '25', '26', '4', '19', '10', '9', '39', '37', '5', '7', '22', '25';'11', '25', '12', '39', '17', '24', '32', '39', '11', '35', '3', '4', '36', '7', '41', '27', '30';'8', '28', '13', '39', '40', '21', '10', '22', '0', '36', '20', '25', '35', '22', '0', '39', '14';'20', '8', '8', '9', '25', '40', '34', '24', '25', '10', '37', '1', '6', '17', '26', '33', '26';'16', '23', '24', '6', '5', '23', '32', '28', '21', '25', '27', '20', '6', '16', '19', '40', '19';'21', '27', '39', '6', '0', '31', '12', '29', '22', '18', '31', '29', '28', '28', '29', '15', '39';'18', '17', '0', '13', '1', '27', '29', '37', '3', '0', '7', '28', '38', '2', '31', '9', '9';'18', '33', '32', '22', '27', '31', '6', '28', '7', '0', '2', '23', '22', '7', '36', '2', '32';'27', '7', '33', '34', '31', '23', '13', '31', '15', '3', '36', '20', '13', '30', '17', '6', '9']
km_test = [0.557202908, 0.732643368, 0.637828733, 0.610285749, 0.547521131, 1.07300788, 0.859007239, 1.14829203, 0.686070686, 0.640499568, 0.746498323, 0.767197293, 0.824453314, 0.522982837, 1.05080656, 0.649346708, 0.803086635;0.538840918, 0.96350365, 0.884880951, 0.937796865, 0.893561164, 0.979361731, 0.738819673, 1.01124482, 0.586749017, 0.685736832, 0.781719957, 0.888887203, 0.930285142, 0.664870935, 0.861344219, 0.666039425, 0.828125711;0.468564578, 0.77621136, 0.613958147, 0.578402659, 0.626143831, 0.942136971, 0.712945961, 0.828960347, 0.557202908, 0.4164833, 0.650181344, 0.650348271, 0.769033492, 0.470734631, 0.886717149, 0.470567704, 0.803587417;0.265914989, 0.474240102, 0.3704114, 0.417317936, 0.497609906, 0.604777152, 0.462388273, 0.56771932, 0.42649893, 0.341366071, 0.468898432, 0.527489871, 0.468397651, 0.326175698, 0.511965643, 0.29062021, 0.39578433;0.528491434, 0.718955339, 0.727635552, 0.846320773, 0.851495516, 1.04379562, 0.754510828, 1.02443207, 0.614625856, 0.470901558, 0.645507383, 0.815606173, 0.837473633, 0.476243228, 0.94514166, 0.514970332, 0.744495197;0.542179462, 0.682732143, 0.820780916, 0.69942486, 0.680395162, 0.863180418, 0.460719001, 0.883211679, 0.457380457, 0.449034099, 0.664370153, 0.691913137, 0.697588661, 0.585246673, 0.753342337, 0.476076301, 0.739821236;0.703598039, 1.0190904, 0.950984112, 0.94280468, 0.784724646, 1.16381626, 0.966508339, 1.28550617, 0.710775908, 0.711944398, 0.912257007, 0.917097895, 1.05314354, 0.733144149, 1.18000819, 0.710608981, 0.984369546;0.453040351, 0.914260133, 0.592424541, 0.833467381, 0.737484256, 1.04813573, 0.97351928, 1.04646646, 0.658527702, 0.604944079, 0.621136015, 0.85950802, 1.06482844, 0.43951925, 1.06649772, 0.544182588, 0.816273882;0.483754951, 0.807760596, 0.606613351, 0.566050048, 0.56237765, 0.933790613, 0.836138216, 0.923441128, 0.629983156, 0.592925323, 0.791735587, 0.732309513, 0.778047559, 0.558872179, 0.858172603, 0.626811539, 0.740822799;0.654855304, 1.24961683, 0.934959103, 1.08352429, 1.14695661, 1.50401384, 1.18868841, 1.41687785, 0.944640879, 1.05063963, 1.05898599, 1.11907978, 1.25328922, 0.778214486, 1.30203196, 1.06399381, 1.20671654;0.459550511, 0.735648057, 0.536670865, 0.636660242, 0.759852497, 1.12425452, 0.827124148, 0.996722157, 0.710775908, 0.477244791, 0.669544896, 0.828626493, 0.852830933, 0.419154134, 1.00757242, 0.470400777, 0.763858749]
data_class = 'rand'
accuracy = 1e-08
