name = 'LinearWord'
feature_type = 'word'
data_type = 'ushort'
km_train = [1.07393709, 0.437529927, 0.877420953, 0.687988112, 0.891224304, 1.0078263, 0.663287377, 0.629142244, 0.632048213, 0.896672996, 0.573383968;0.437529927, 0.907933625, 0.576289936, 0.506183439, 0.67236853, 0.647122926, 0.357797408, 0.902484934, 0.440617518, 0.499463386, 0.509452654;0.877420953, 0.576289936, 1.0550483, 0.565574177, 0.850177495, 1.10844547, 0.580285644, 0.720861884, 0.667101461, 0.707058532, 0.665648477;0.687988112, 0.506183439, 0.565574177, 0.806769586, 0.616247007, 0.820936184, 0.587368942, 0.613341039, 0.583918105, 0.766994139, 0.436440188;0.891224304, 0.67236853, 0.850177495, 0.616247007, 1.326938, 1.05450343, 0.637678527, 0.984760175, 0.905027656, 0.831470321, 0.630776851;1.0078263, 0.647122926, 1.10844547, 0.820936184, 1.05450343, 1.35545282, 0.765722777, 0.823115661, 0.936266821, 0.926640799, 0.711235862;0.663287377, 0.357797408, 0.580285644, 0.587368942, 0.637678527, 0.765722777, 0.800594403, 0.579922397, 0.552860563, 0.686898374, 0.301675885;0.629142244, 0.902484934, 0.720861884, 0.613341039, 0.984760175, 0.823115661, 0.579922397, 1.2197804, 0.647486172, 0.655840832, 0.583918105;0.632048213, 0.440617518, 0.667101461, 0.583918105, 0.905027656, 0.936266821, 0.552860563, 0.647486172, 0.94098902, 0.751192933, 0.451514901;0.896672996, 0.499463386, 0.707058532, 0.766994139, 0.831470321, 0.926640799, 0.686898374, 0.655840832, 0.751192933, 1.01164039, 0.497465533;0.573383968, 0.509452654, 0.665648477, 0.436440188, 0.630776851, 0.711235862, 0.301675885, 0.583918105, 0.451514901, 0.497465533, 0.500916371]
data_train = ['39', '3', '35', '0', '39', '32', '6', '10', '26', '13', '21';'15', '11', '9', '23', '17', '21', '8', '16', '37', '39', '12';'36', '5', '20', '35', '6', '35', '24', '10', '13', '28', '9';'4', '7', '4', '23', '39', '25', '5', '15', '35', '11', '10';'2', '36', '5', '18', '17', '15', '22', '36', '8', '2', '7';'37', '3', '11', '30', '24', '15', '41', '13', '12', '40', '6';'11', '36', '3', '1', '34', '2', '3', '37', '11', '18', '9';'0', '16', '15', '8', '8', '8', '11', '40', '14', '1', '10';'10', '7', '31', '5', '19', '38', '34', '7', '33', '18', '6';'30', '17', '39', '13', '38', '35', '16', '36', '8', '19', '27';'19', '40', '35', '26', '7', '31', '0', '16', '8', '19', '31']
feature_class = 'simple'
data_test = ['1', '31', '8', '29', '19', '37', '0', '4', '34', '35', '0', '13', '8', '29', '23', '3', '13';'24', '3', '24', '9', '34', '6', '41', '12', '3', '35', '13', '17', '7', '31', '26', '41', '36';'22', '6', '11', '24', '2', '25', '3', '41', '35', '14', '31', '28', '9', '20', '15', '18', '28';'17', '15', '0', '1', '14', '38', '27', '0', '4', '41', '21', '35', '12', '0', '15', '40', '21';'31', '15', '14', '41', '11', '0', '16', '40', '27', '6', '8', '21', '25', '11', '6', '14', '37';'20', '13', '1', '7', '5', '36', '36', '32', '40', '5', '25', '38', '40', '36', '13', '36', '7';'38', '12', '12', '39', '27', '17', '18', '37', '31', '21', '1', '12', '22', '24', '27', '10', '32';'23', '1', '29', '16', '39', '33', '37', '21', '4', '39', '15', '12', '25', '30', '38', '22', '11';'13', '17', '26', '27', '17', '15', '15', '12', '28', '8', '25', '27', '40', '12', '35', '8', '13';'11', '31', '37', '2', '15', '19', '31', '22', '16', '15', '37', '7', '18', '29', '33', '13', '21';'16', '14', '31', '12', '20', '39', '32', '26', '34', '15', '27', '33', '0', '40', '30', '35', '32']
km_test = [0.58900355, 0.642763973, 0.585552712, 0.628778998, 0.523619252, 1.01073227, 0.741203665, 0.863980847, 1.07666144, 0.690349212, 0.766449269, 0.834921159, 0.635862297, 1.03234541, 0.833104929, 0.752827541, 0.761363824;0.785701313, 0.452967886, 0.689622719, 0.757912986, 0.675637745, 0.690894081, 0.815669116, 0.917378024, 0.806043094, 0.611888054, 0.539057211, 0.677998844, 0.549954594, 0.826929745, 0.794782465, 0.695797903, 0.931907868;0.542144803, 0.687806489, 0.835829274, 0.645488318, 0.663832246, 1.0014695, 0.802047387, 0.760274086, 0.970411954, 0.740113927, 0.822207546, 0.78315859, 0.639131512, 1.01164039, 1.02526212, 0.690167589, 0.778799637;0.675092875, 0.391579295, 0.523074383, 0.482754066, 0.483298935, 0.832560059, 0.846545034, 0.838735243, 0.793147858, 0.627326013, 0.761000578, 0.88741022, 0.555403286, 0.804953356, 0.668554446, 0.931726245, 0.809493932;0.817666969, 0.81058367, 0.691075704, 0.809857178, 0.807677702, 1.11934285, 0.99874515, 0.858350532, 1.02181128, 1.0385206, 0.760274086, 0.92845703, 0.859077025, 0.998018658, 1.0495996, 0.906480641, 0.971320069;0.750284818, 0.773169322, 0.884504252, 0.794782465, 0.751737802, 1.16547511, 0.980764468, 0.938809543, 1.13568893, 0.941352266, 1.01381986, 1.07647982, 0.796780319, 1.08665071, 1.13332783, 0.976587138, 1.03706761;0.598992818, 0.438256419, 0.487476265, 0.591909519, 0.41391893, 0.683629159, 0.69561628, 0.798778172, 0.847634773, 0.430809874, 0.683629159, 0.777165029, 0.828019483, 0.707240155, 0.665285231, 0.638223396, 0.588277058;0.965144886, 0.598447948, 0.854536448, 0.870337654, 0.901395195, 0.929183522, 1.09228102, 1.08955667, 0.892314043, 0.929728391, 0.730487906, 0.790060266, 0.839824981, 1.03634112, 1.06031536, 0.866705193, 1.03652274;0.666193346, 0.519986791, 0.599900933, 0.63604392, 0.744654503, 0.886138859, 0.867431685, 0.59318088, 0.72776356, 0.946437712, 0.643127219, 0.851993726, 0.679270206, 0.783340213, 0.903029803, 0.878873937, 0.818756708;0.738842566, 0.505093701, 0.621332453, 0.58900355, 0.635862297, 0.905209279, 0.958969702, 0.879600429, 0.95406588, 0.727581937, 0.784793197, 0.914835301, 0.707240155, 1.01654421, 0.8683398, 0.964055147, 0.866341947;0.446247833, 0.465863122, 0.576289936, 0.430628251, 0.514356477, 0.720135392, 0.648031041, 0.560125485, 0.636952035, 0.592091142, 0.544142657, 0.55504004, 0.370874267, 0.738297697, 0.699975233, 0.585734335, 0.636225543]
accuracy = 1e-08
data_class = 'rand'
