name = 'LinearWord'
data_train = ['0', '16', '1', '28', '19', '5', '7', '28', '32', '2', '34';'4', '26', '11', '19', '19', '8', '38', '3', '18', '37', '26';'12', '12', '21', '27', '21', '18', '7', '7', '41', '25', '25';'22', '12', '27', '8', '19', '18', '38', '11', '14', '30', '13';'10', '25', '41', '26', '10', '37', '33', '18', '5', '37', '41';'27', '0', '34', '39', '7', '6', '10', '38', '3', '24', '11';'25', '37', '11', '36', '23', '15', '12', '24', '3', '10', '31';'6', '10', '27', '40', '22', '22', '27', '25', '24', '28', '18';'32', '35', '13', '13', '34', '29', '27', '16', '2', '15', '29';'28', '14', '24', '37', '41', '37', '22', '24', '41', '6', '21';'16', '17', '40', '9', '9', '6', '37', '26', '32', '0', '33']
km_test = [0.584205081, 0.603646971, 0.423137717, 0.512285895, 0.578672836, 0.525405219, 0.758707897, 0.516711691, 0.561127716, 0.791427176, 0.656282331, 0.639053339, 0.55290838, 0.592266352, 0.554489022, 0.457753765, 0.377457179;0.574879296, 0.710656397, 0.399111967, 0.525247155, 0.722353144, 0.659759742, 0.579463157, 0.587682492, 0.568398667, 0.951704219, 0.688685481, 0.877414071, 0.617398552, 0.544530981, 0.584995402, 0.560653523, 0.482253707;0.853546385, 0.92198816, 0.666714565, 0.68141453, 1.05966203, 0.627830785, 1.02457179, 0.758075641, 0.643953328, 1.06219106, 0.952968732, 0.803598115, 0.881839867, 0.667030693, 0.618663065, 0.638895275, 0.459650535;0.813240028, 0.986952523, 0.602382458, 0.763449822, 0.940481665, 0.738791815, 1.02251696, 0.789056213, 0.790162662, 1.10439418, 0.867139901, 0.966088056, 0.75538855, 0.860185079, 0.71840154, 0.862081848, 0.685840326;0.569347051, 0.68710484, 0.464866651, 0.600801816, 0.809288424, 0.636366249, 0.741478906, 0.646166226, 0.611708242, 1.02172664, 0.703859639, 0.83773997, 0.561759972, 0.707495114, 0.630359811, 0.583572824, 0.536469709;0.579147028, 0.66955972, 0.423137717, 0.44842798, 0.838056098, 0.568082538, 0.628463042, 0.487944017, 0.547060007, 0.936530061, 0.718875733, 0.767243361, 0.530621336, 0.597798598, 0.46328601, 0.473718243, 0.4179216;0.796485228, 0.987268652, 0.673985516, 0.681572595, 1.14801989, 0.752385332, 0.892746293, 0.896539832, 0.635733992, 1.22041327, 0.92925911, 0.982842856, 0.951546155, 0.69816933, 0.707969307, 0.649169445, 0.517976204;0.682362915, 0.785262674, 0.488260145, 0.626724336, 0.657546844, 0.488734337, 0.877414071, 0.686314519, 0.62419531, 0.872197954, 0.717769284, 0.680782274, 0.686314519, 0.723301529, 0.645533969, 0.62609208, 0.45222152;0.507543971, 0.56128578, 0.539314864, 0.6916887, 0.907604322, 0.488418209, 0.794746523, 0.692953213, 0.511653638, 0.966404184, 0.660391999, 0.627672721, 0.54832452, 0.580095413, 0.554014829, 0.611392114, 0.501221405;0.659127486, 0.86555926, 0.513866536, 0.550853546, 0.958500977, 0.660075871, 0.690740315, 0.660708127, 0.435150592, 0.949807449, 0.751436947, 0.930207495, 0.772301414, 0.583730889, 0.503118175, 0.652014599, 0.485256926;0.803440051, 0.946488102, 0.603805035, 0.763133694, 1.04195885, 0.753807909, 0.857339924, 0.838214163, 0.723459593, 1.29264858, 0.975888033, 1.07499425, 0.894801127, 0.750646626, 0.777991723, 0.803440051, 0.605385677]
data_test = ['3', '16', '3', '25', '3', '0', '6', '29', '8', '34', '7', '23', '18', '35', '26', '31', '13';'17', '27', '28', '15', '34', '30', '3', '36', '16', '38', '25', '38', '40', '3', '29', '29', '21';'10', '1', '11', '29', '35', '17', '25', '6', '0', '25', '22', '25', '5', '5', '7', '23', '21';'18', '36', '17', '30', '36', '29', '41', '32', '9', '36', '11', '29', '26', '38', '8', '20', '11';'28', '32', '14', '1', '38', '17', '2', '6', '17', '37', '36', '32', '30', '10', '3', '17', '3';'33', '28', '23', '21', '1', '5', '41', '24', '20', '15', '30', '13', '38', '27', '31', '27', '8';'21', '31', '4', '22', '4', '41', '31', '9', '38', '14', '6', '28', '2', '18', '9', '27', '28';'14', '34', '5', '11', '37', '12', '28', '18', '2', '7', '7', '19', '3', '20', '2', '7', '22';'15', '12', '2', '8', '13', '12', '6', '14', '6', '37', '33', '40', '21', '23', '36', '0', '9';'15', '7', '24', '11', '24', '16', '25', '13', '40', '35', '22', '5', '4', '24', '17', '12', '13';'27', '17', '27', '26', '31', '8', '39', '31', '19', '27', '32', '3', '33', '2', '25', '7', '5']
km_train = [0.663553282, 0.558124497, 0.692795149, 0.731046672, 0.651540407, 0.591634096, 0.664817795, 0.615501782, 0.465656972, 0.504540752, 0.683469364;0.558124497, 0.794114266, 0.640317853, 0.769772388, 0.71381768, 0.640950109, 0.799962639, 0.579779285, 0.522243936, 0.60665019, 0.932262329;0.692795149, 0.640317853, 1.1576618, 0.996594436, 0.70544028, 0.781153006, 1.02915565, 0.837423842, 0.750330498, 0.834894815, 0.992484768;0.731046672, 0.769772388, 0.996594436, 1.36725486, 0.931472008, 0.843746408, 0.89606564, 0.989797678, 0.885633406, 0.864452811, 1.10755547;0.651540407, 0.71381768, 0.70544028, 0.931472008, 0.88579147, 0.753175652, 0.813556156, 0.672562938, 0.755862743, 0.628463042, 0.893378549;0.591634096, 0.640950109, 0.781153006, 0.843746408, 0.753175652, 0.805652949, 0.793956202, 0.600643752, 0.606492126, 0.668927463, 0.841217381;0.664817795, 0.799962639, 1.02915565, 0.89606564, 0.813556156, 0.793956202, 1.20602943, 0.732785378, 0.750172434, 0.886581791, 1.05618462;0.615501782, 0.579779285, 0.837423842, 0.989797678, 0.672562938, 0.600643752, 0.732785378, 0.85986895, 0.650433958, 0.564921255, 0.873146339;0.465656972, 0.522243936, 0.750330498, 0.885633406, 0.755862743, 0.606492126, 0.750172434, 0.650433958, 1.03579434, 0.538998735, 0.869510863;0.504540752, 0.60665019, 0.834894815, 0.864452811, 0.628463042, 0.668927463, 0.886581791, 0.564921255, 0.538998735, 0.946488102, 0.82209162;0.683469364, 0.932262329, 0.992484768, 1.10755547, 0.893378549, 0.841217381, 1.05618462, 0.873146339, 0.869510863, 0.82209162, 1.27779055]
