name = 'LinearString'
feature_type = 'Char'
data_type = ''
km_train = [1.01120972, 1.02332869, 0.973573375, 0.976567396, 0.996603312, 0.992914365, 0.9854423, 0.999577849, 1.01626903, 0.98772516, 0.995330365;1.02332869, 1.05701306, 0.995453763, 0.996824129, 1.01985731, 1.01779202, 1.00727723, 1.01933774, 1.03963669, 1.0073097, 1.01647361;0.973573375, 0.995453763, 0.954953287, 0.948653502, 0.972017912, 0.969186256, 0.957755718, 0.969666858, 0.990436666, 0.960538664, 0.969407073;0.976567396, 0.996824129, 0.948653502, 0.957996019, 0.971719159, 0.969923396, 0.95939561, 0.974125418, 0.99132643, 0.962802041, 0.971293762;0.996603312, 1.01985731, 0.972017912, 0.971719159, 1.00427346, 0.993313785, 0.981876752, 0.994713376, 1.01351207, 0.982211225, 0.991271225;0.992914365, 1.01779202, 0.969186256, 0.969923396, 0.993313785, 1.00099692, 0.97983744, 0.990537333, 1.01277493, 0.981772838, 0.991784301;0.9854423, 1.00727723, 0.957755718, 0.95939561, 0.981876752, 0.97983744, 0.979882902, 0.979532192, 1.0013866, 0.970605331, 0.981707891;0.999577849, 1.01933774, 0.969666858, 0.974125418, 0.994713376, 0.990537333, 0.979532192, 1.00450402, 1.01304445, 0.984292752, 0.990254817;1.01626903, 1.03963669, 0.990436666, 0.99132643, 1.01351207, 1.01277493, 1.0013866, 1.01304445, 1.04478368, 1.00191591, 1.01105385;0.98772516, 1.0073097, 0.960538664, 0.962802041, 0.982211225, 0.981772838, 0.970605331, 0.984292752, 1.00191591, 0.983389999, 0.985513741;0.995330365, 1.01647361, 0.969407073, 0.971293762, 0.991271225, 0.991784301, 0.981707891, 0.990254817, 1.01105385, 0.985513741, 1.00099692]
data_train = ['GACGTGACGGCCGTGTGATTCTTTGAAACGGGGCCGGCAGCTAATCATGCGTGTGCACCG', 'CTGTTTTCTTCGCGGGTCCCATAATAGGGGTATCGTCCCCAGTTATTTAACGGTACGATC', 'CAGCGTACCGCCTGAAGTGAAACACATTTCAACACAAAATCAGTGGCGCCATAGGCCAGA', 'AGGCTGACGTCAGAGCGACCCCAACCAGCAAACGACGGGCTGACTCTGTTCGTCCCCGAC', 'TAAGAGCGTAGCTCGCGGAATTCAGATTTGGAGGAGTTCAAGTGAGCGAGAATGGCACCT', 'ACTTAGTTCCGCACCAGCAATGCATCGTTTGGATGAGCACTCCTGAGGAAAACGATATGA', 'ATGGGCACAAACTGCGCAGACCTCTTCAGCGTAATAGCAAACTCCCTGAAAGCGATTACT', 'CCAAACACTTGGGAGAACATCGCGCAACTGAGAGATTTTGCGCCTCGTTGTGATAGCCTA', 'GTGAGCTTGCAATGAGTGTGGCCCTATGCATCCTACGTATTCCGTTCCCGTGCCAGTATG', 'GACTCTAGCTCGACACATTTGCGAGTCCGATGCTCCACTCGAAAACAGTCCGGATGACAA', 'CGCTACCGATAGGGACATTACCGATTGGCAGGCCTGCATATGATGAACCACTTAAAATGT']
feature_class = 'string'
seqlen = 60
data_test = ['GCGATGAGCGGTAGCGGTTGTTTAAACGAGGCATCTAGGATGTCAACGCGCGCGCTTCGC', 'CTTCGGTCCCGCCAGAACAGCCGAATCCACGGGACTTACAACAGGAATAGCGCAAACGCA']
km_test = [1.00243873, 0.967715224;1.022348, 0.990063225;0.972930407, 0.94009034;0.975489289, 0.943055136;0.997590494, 0.963279395;0.996083742, 0.962811783;0.985893677, 0.953167266;0.996561097, 0.964925783;1.01722374, 0.982445031;0.988741569, 0.953839459;0.99538557, 0.962353912]
alphabet = 'DNA'
accuracy = 1e-08
data_class = 'dna'
