name = 'LinearByte'
feature_type = 'Byte'
data_type = 'ubyte'
km_train = [1.08973596, 0.590195985, 0.853824129, 0.995645656, 0.813143931, 0.733425338, 0.899326623, 0.621184001, 1.07451955, 0.894508292, 0.84122112;0.590195985, 0.639009843, 0.470665683, 0.778301251, 0.555317613, 0.547988991, 0.686427773, 0.45924842, 0.865217598, 0.681399259, 0.692642032;0.853824129, 0.470665683, 0.832651232, 0.983332144, 0.692035279, 0.643570403, 0.796428486, 0.602612606, 0.921019027, 0.743752032, 0.689187903;0.995645656, 0.778301251, 0.983332144, 1.48966141, 0.915490835, 0.957606618, 1.03845147, 0.745937136, 1.34561909, 0.952110151, 0.916208628;0.813143931, 0.555317613, 0.692035279, 0.915490835, 0.887147945, 0.69347483, 0.918187514, 0.479683695, 0.925849256, 0.719351052, 0.675014475;0.733425338, 0.547988991, 0.643570403, 0.957606618, 0.69347483, 0.792391399, 0.778047446, 0.427268978, 0.844274712, 0.721548052, 0.646183802;0.899326623, 0.686427773, 0.796428486, 1.03845147, 0.918187514, 0.778047446, 1.16195938, 0.63837533, 1.10714937, 0.821737613, 0.853871717;0.621184001, 0.45924842, 0.602612606, 0.745937136, 0.479683695, 0.427268978, 0.63837533, 0.593769085, 0.795135667, 0.557463059, 0.645620672;1.07451955, 0.865217598, 0.921019027, 1.34561909, 0.925849256, 0.844274712, 1.10714937, 0.795135667, 1.54405898, 0.979905775, 1.05025737;0.894508292, 0.681399259, 0.743752032, 0.952110151, 0.719351052, 0.721548052, 0.821737613, 0.557463059, 0.979905775, 0.988225823, 0.806568793;0.84122112, 0.692642032, 0.689187903, 0.916208628, 0.675014475, 0.646183802, 0.853871717, 0.645620672, 1.05025737, 0.806568793, 0.981388948]
data_train = ['83', '192', '51', '194', '209', '232', '205', '30', '218', '144', '182';'109', '92', '163', '228', '153', '52', '144', '85', '252', '152', '1';'246', '85', '132', '3', '163', '5', '243', '148', '204', '117', '228';'246', '88', '153', '182', '166', '211', '160', '13', '55', '227', '80';'148', '45', '143', '237', '15', '119', '83', '156', '219', '7', '87';'130', '216', '18', '96', '65', '78', '85', '123', '201', '209', '149';'45', '112', '90', '140', '32', '132', '217', '76', '154', '120', '127';'77', '151', '66', '238', '114', '62', '112', '93', '226', '47', '190';'205', '11', '155', '171', '220', '170', '144', '39', '176', '84', '56';'86', '83', '191', '202', '184', '120', '225', '201', '73', '106', '123';'197', '99', '215', '203', '42', '118', '22', '154', '185', '248', '236']
feature_class = 'simple'
seqlen = 60
data_test = ['36', '133', '64', '133', '177', '21', '104', '87', '152', '124', '78', '89', '199', '50', '215', '175', '101';'252', '197', '245', '226', '105', '192', '59', '45', '35', '185', '203', '165', '10', '11', '169', '241', '38';'198', '138', '35', '51', '30', '32', '140', '145', '168', '57', '183', '151', '200', '127', '30', '54', '252';'232', '9', '187', '129', '229', '14', '2', '42', '158', '197', '66', '55', '62', '202', '14', '108', '115';'91', '137', '165', '46', '56', '49', '241', '70', '142', '145', '81', '115', '104', '87', '1', '103', '83';'225', '42', '153', '70', '165', '93', '41', '132', '138', '64', '33', '119', '0', '210', '129', '212', '147';'60', '214', '148', '87', '67', '126', '139', '21', '147', '81', '128', '29', '125', '96', '23', '13', '35';'196', '202', '23', '187', '94', '54', '204', '207', '23', '204', '151', '181', '25', '193', '79', '165', '237';'64', '240', '74', '178', '162', '42', '28', '164', '80', '185', '53', '38', '41', '155', '28', '170', '130';'243', '137', '186', '233', '141', '203', '174', '41', '93', '159', '31', '169', '159', '25', '114', '128', '55';'252', '121', '105', '129', '80', '157', '119', '230', '198', '51', '90', '136', '21', '33', '109', '48', '128']
km_test = [1.11201529, 0.810641572, 0.758325997, 0.777738121, 0.757199737, 0.476495269, 0.623024088, 0.73360776, 0.822380057, 0.807893338, 0.613815722, 0.68565446, 0.520367859, 0.73788279, 0.428863191, 0.761629429, 0.835260666;0.801762359, 0.602307247, 0.560861668, 0.599828682, 0.585373688, 0.40870948, 0.51584299, 0.515989721, 0.574725772, 0.569138094, 0.456020336, 0.552462306, 0.395642484, 0.536956401, 0.490101601, 0.650018639, 0.588070367;0.993234508, 0.796345207, 0.74233231, 0.784923977, 0.624963317, 0.560576138, 0.626743919, 0.586833068, 0.674479105, 0.740769823, 0.549131114, 0.635833314, 0.462702548, 0.497723686, 0.412084295, 0.648721853, 0.609473275;1.25577605, 1.11271326, 1.00706292, 1.10627295, 0.925333714, 0.720116433, 0.902475393, 0.791955172, 0.842093575, 1.09758013, 0.728876675, 0.870115243, 0.572092544, 0.744600693, 0.664120684, 1.02806529, 0.810419492;0.898216226, 0.791859995, 0.643633854, 0.828411894, 0.734967997, 0.442013468, 0.519796797, 0.566536592, 0.603536615, 0.795103941, 0.531245786, 0.609842086, 0.529742784, 0.580900374, 0.50706292, 0.7840079, 0.674657561;0.751996732, 0.696211166, 0.66243526, 0.70405533, 0.726116544, 0.400778071, 0.519003656, 0.500801072, 0.665754555, 0.723245374, 0.417644213, 0.485374481, 0.474790016, 0.555373133, 0.440942727, 0.661689707, 0.536932607;1.03103164, 0.962305978, 0.805168899, 0.885652874, 0.77683394, 0.565144629, 0.739425449, 0.590659973, 0.781624511, 0.867965831, 0.678349632, 0.714667555, 0.719588994, 0.678948454, 0.535005274, 0.805779618, 0.766360514;0.83131479, 0.628147778, 0.574011945, 0.578417842, 0.442160199, 0.484482198, 0.616460847, 0.501665596, 0.55200625, 0.527795623, 0.436865983, 0.58600027, 0.40476757, 0.415034779, 0.362255217, 0.528858432, 0.541786629;1.26433404, 1.18560291, 0.928062119, 1.0130432, 0.850076538, 0.684274395, 0.92950167, 0.90608815, 0.908499298, 1.00298221, 0.854898835, 0.925880981, 0.636479723, 0.815210063, 0.703147183, 1.06456564, 0.977855506;1.09858742, 0.701477622, 0.78102569, 0.771634901, 0.764072303, 0.55737978, 0.506063562, 0.639890229, 0.781120867, 0.698380406, 0.549091457, 0.636674043, 0.436461481, 0.628679182, 0.548238831, 0.74064292, 0.678317907;0.990454549, 0.789845417, 0.582772186, 0.699796163, 0.628960747, 0.48058391, 0.736074428, 0.747777223, 0.782215401, 0.652992917, 0.580317415, 0.69800763, 0.568166496, 0.640425599, 0.498933225, 0.647143503, 0.824581023]
alphabet = 'RAWBYTE'
accuracy = 1e-08
data_class = 'rand'
