name = 'LinearWord'
feature_type = 'word'
data_type = 'ushort'
km_train = [0.748507898, 0.675579912, 0.731531787, 0.850711012, 1.1143604, 0.740712745, 0.725295665, 0.487803342, 0.678871199, 0.615990299, 0.659296704;0.675579912, 0.87375002, 0.699138596, 0.807231382, 1.09894332, 0.657217997, 0.680776681, 0.535440387, 0.677831845, 0.569912285, 0.752318861;0.731531787, 0.699138596, 1.01354309, 0.981842806, 1.10136848, 0.641454465, 0.794066235, 0.52227524, 0.622226422, 0.626557062, 0.754397569;0.850711012, 0.807231382, 0.981842806, 1.26662572, 1.41767846, 0.770334325, 0.788003339, 0.672981528, 0.804806224, 0.816239114, 0.7911214;1.1143604, 1.09894332, 1.10136848, 1.41767846, 1.93285145, 1.14640714, 1.14103715, 0.846380372, 1.15056456, 1.02428308, 1.06516433;0.740712745, 0.657217997, 0.641454465, 0.770334325, 1.14640714, 1.09703784, 0.870631959, 0.61477772, 0.773452387, 0.600399994, 0.590179682;0.725295665, 0.680776681, 0.794066235, 0.788003339, 1.14103715, 0.870631959, 1.01856664, 0.555707784, 0.752318861, 0.517078471, 0.769814649;0.487803342, 0.535440387, 0.52227524, 0.672981528, 0.846380372, 0.61477772, 0.555707784, 0.53769232, 0.546180375, 0.487283665, 0.499755909;0.678871199, 0.677831845, 0.622226422, 0.804806224, 1.15056456, 0.773452387, 0.752318861, 0.546180375, 0.934378986, 0.472905938, 0.582557755;0.615990299, 0.569912285, 0.626557062, 0.816239114, 1.02428308, 0.600399994, 0.517078471, 0.487283665, 0.472905938, 0.732397915, 0.549991339;0.659296704, 0.752318861, 0.754397569, 0.7911214, 1.06516433, 0.590179682, 0.769814649, 0.499755909, 0.582557755, 0.549991339, 0.844648116]
data_train = ['16', '39', '12', '31', '36', '14', '11', '14', '33', '5', '16';'19', '8', '4', '22', '32', '37', '13', '16', '18', '32', '0';'12', '26', '5', '5', '32', '29', '34', '22', '9', '18', '27';'22', '3', '19', '18', '41', '26', '33', '3', '37', '6', '6';'25', '25', '18', '8', '19', '41', '15', '16', '21', '12', '11';'9', '0', '31', '29', '7', '20', '21', '17', '1', '8', '2';'25', '20', '29', '27', '35', '25', '33', '7', '9', '13', '39';'14', '16', '17', '31', '37', '22', '22', '34', '38', '14', '23';'27', '15', '15', '39', '38', '5', '1', '12', '8', '33', '16';'26', '28', '36', '21', '23', '6', '33', '11', '22', '14', '32';'12', '22', '37', '31', '34', '0', '4', '12', '4', '31', '20']
feature_class = 'simple'
data_test = ['23', '17', '20', '9', '23', '39', '20', '24', '22', '21', '3', '33', '5', '27', '30', '34', '38';'41', '22', '5', '15', '1', '23', '16', '0', '5', '4', '28', '11', '38', '2', '0', '26', '23';'18', '7', '1', '29', '29', '38', '31', '0', '37', '12', '10', '9', '25', '19', '16', '16', '3';'4', '22', '9', '27', '32', '25', '28', '26', '17', '39', '9', '41', '4', '9', '20', '23', '37';'2', '39', '30', '40', '36', '1', '1', '38', '41', '33', '41', '19', '32', '3', '10', '41', '4';'24', '36', '33', '8', '5', '17', '13', '18', '13', '39', '16', '34', '28', '41', '16', '7', '0';'35', '6', '4', '23', '27', '16', '36', '19', '2', '36', '25', '14', '7', '12', '2', '0', '8';'30', '40', '25', '16', '33', '8', '12', '4', '40', '12', '0', '24', '3', '35', '9', '27', '5';'26', '11', '2', '32', '9', '30', '14', '6', '35', '13', '13', '2', '2', '21', '18', '34', '11';'4', '9', '40', '32', '12', '34', '31', '10', '37', '23', '34', '18', '5', '39', '41', '34', '3';'32', '12', '35', '18', '11', '10', '5', '11', '26', '40', '24', '41', '2', '2', '19', '27', '22']
km_test = [0.727894049, 0.682855388, 0.629848349, 0.892804838, 0.728933403, 0.791814302, 0.704335365, 0.546180375, 0.907009338, 0.881198721, 0.730145982, 0.732397915, 0.461992725, 0.646997685, 0.599707091, 0.922946095, 0.503047196;0.717327286, 0.606809342, 0.696886663, 0.830443615, 0.768428844, 0.842396183, 0.679564101, 0.523141368, 0.995874081, 0.820396529, 0.663107668, 0.746082739, 0.409332137, 0.678351522, 0.678351522, 0.958284122, 0.507204611;0.801861388, 0.75353144, 0.918961906, 0.871498087, 0.719579219, 0.76461788, 0.722524055, 0.606289665, 0.951008646, 1.14727327, 0.802900742, 0.982016031, 0.414875356, 0.807058157, 0.71992567, 0.896615801, 0.474984646;1.11799814, 0.89904096, 0.86266358, 0.933166407, 0.794239461, 0.992582794, 0.816239114, 0.59936064, 1.0791956, 1.12076975, 0.754051117, 1.04541661, 0.482086896, 0.945811877, 0.762019496, 1.10258106, 0.682855388;1.31460922, 1.06672336, 0.923812223, 1.31928631, 1.20859514, 1.32292405, 1.14346231, 0.766176911, 1.44089069, 1.36051401, 0.961575408, 1.27667281, 0.654619612, 1.01077148, 0.933686084, 1.4429694, 0.951528322;0.816932017, 0.915497394, 0.609407726, 0.918615455, 0.88795452, 0.772586258, 0.73101211, 0.620667391, 0.913938363, 0.91878868, 0.778995606, 0.805672352, 0.772239807, 0.621706745, 0.470827231, 0.916190296, 0.516039117;0.721484701, 0.729626305, 0.676099589, 0.902505472, 0.869419379, 0.885702587, 0.901292893, 0.548259083, 0.92156029, 0.983228611, 0.700004724, 0.851230689, 0.531975874, 0.806192028, 0.646304783, 0.802900742, 0.462858853;0.663627344, 0.66224154, 0.556400687, 0.609407726, 0.591738713, 0.583423883, 0.479488512, 0.331034157, 0.804286547, 0.602651927, 0.460433694, 0.600919671, 0.429945985, 0.619974489, 0.429426308, 0.712303743, 0.311113211;0.649942521, 0.796318168, 0.654273161, 0.783326247, 0.841876506, 0.776397222, 0.674020882, 0.555188107, 0.933339632, 0.796491394, 0.532842002, 0.85434875, 0.386812806, 0.694115053, 0.620494165, 0.971276043, 0.632619959;0.826632651, 0.571990992, 0.531629423, 0.751452733, 0.511362026, 0.694461505, 0.544101668, 0.321853199, 0.813987181, 0.696020535, 0.647690588, 0.611832885, 0.459740791, 0.503393647, 0.470307554, 0.829577487, 0.434969528;0.725295665, 0.511362026, 0.613218689, 0.815199761, 0.74642919, 0.765830459, 0.754917245, 0.426654698, 0.899387411, 0.824380718, 0.62465158, 0.661721863, 0.305050314, 0.694807956, 0.595722902, 0.757342404, 0.362734445]
data_class = 'rand'
accuracy = 1e-08
