name = 'LinearWord'
feature_type = 'Word'
data_type = 'ushort'
km_train = [1.1412675, 0.829924515, 0.913235794, 0.890917798, 0.548662306, 0.876362582, 0.678966139, 0.998626391, 1.00070571, 0.827983819, 0.928484115;0.829924515, 1.04367825, 0.878026036, 0.813151362, 0.637934294, 0.713482792, 0.647221907, 0.802061674, 0.839073507, 0.769485716, 0.862916336;0.913235794, 0.878026036, 1.15582272, 0.933058612, 0.641815684, 1.05449069, 0.665797134, 0.785843005, 0.769901579, 0.919196502, 0.818696206;0.890917798, 0.813151362, 0.933058612, 0.983239449, 0.643617759, 0.888977102, 0.563910627, 0.832003831, 0.874144645, 0.882739153, 0.848776984;0.548662306, 0.637934294, 0.641815684, 0.643617759, 0.683124772, 0.628785301, 0.553929908, 0.523710509, 0.588169319, 0.770178821, 0.655261931;0.876362582, 0.713482792, 1.05449069, 0.888977102, 0.628785301, 1.08401699, 0.566405807, 0.727760765, 0.723879374, 0.951633839, 0.723602132;0.678966139, 0.647221907, 0.665797134, 0.563910627, 0.553929908, 0.566405807, 0.696986881, 0.635161872, 0.64250879, 0.695184807, 0.680906834;0.998626391, 0.802061674, 0.785843005, 0.832003831, 0.523710509, 0.727760765, 0.635161872, 0.999180875, 0.969793203, 0.798734767, 0.891056419;1.00070571, 0.839073507, 0.769901579, 0.874144645, 0.588169319, 0.723879374, 0.64250879, 0.969793203, 1.06488728, 0.795407861, 0.866520484;0.827983819, 0.769485716, 0.919196502, 0.882739153, 0.770178821, 0.951633839, 0.695184807, 0.798734767, 0.795407861, 1.10092876, 0.788060943;0.928484115, 0.862916336, 0.818696206, 0.848776984, 0.655261931, 0.723602132, 0.680906834, 0.891056419, 0.866520484, 0.788060943, 1.04686653]
data_train = ['2', '34', '13', '1', '28', '3', '25', '11', '1', '16', '34';'9', '21', '40', '20', '14', '34', '20', '20', '20', '31', '4';'38', '8', '17', '20', '7', '33', '9', '40', '23', '39', '23';'31', '32', '37', '33', '10', '30', '17', '22', '21', '17', '39';'40', '38', '19', '12', '0', '3', '23', '35', '35', '1', '27';'25', '22', '14', '35', '26', '5', '34', '38', '37', '34', '35';'9', '29', '40', '37', '28', '38', '3', '4', '3', '35', '15';'24', '13', '10', '28', '33', '21', '13', '23', '38', '25', '35';'38', '15', '37', '31', '5', '33', '7', '29', '26', '6', '26';'24', '40', '14', '24', '21', '17', '11', '22', '38', '24', '9';'29', '9', '33', '12', '28', '37', '40', '8', '12', '36', '13']
feature_class = 'simple'
data_test = ['36', '8', '7', '38', '39', '2', '39', '32', '31', '6', '18', '33', '13', '18', '25', '16', '27';'18', '26', '18', '32', '6', '28', '4', '29', '7', '41', '11', '41', '12', '25', '17', '41', '19';'15', '36', '2', '26', '14', '33', '21', '39', '22', '3', '40', '22', '8', '23', '20', '40', '15';'24', '25', '8', '14', '38', '32', '0', '4', '8', '5', '27', '25', '27', '39', '14', '5', '26';'37', '3', '10', '20', '29', '17', '34', '2', '11', '26', '29', '20', '37', '20', '37', '39', '14';'17', '28', '37', '20', '16', '40', '17', '36', '37', '11', '10', '19', '8', '0', '2', '20', '22';'8', '18', '18', '22', '26', '26', '38', '35', '11', '26', '33', '32', '27', '30', '31', '19', '39';'34', '30', '30', '37', '21', '40', '8', '8', '14', '12', '21', '15', '31', '1', '25', '13', '37';'33', '7', '35', '20', '27', '5', '19', '30', '32', '6', '7', '8', '1', '16', '36', '41', '16';'37', '34', '38', '29', '5', '3', '36', '34', '8', '5', '12', '21', '27', '29', '35', '1', '35';'7', '41', '8', '0', '12', '14', '31', '33', '30', '13', '13', '28', '18', '26', '8', '36', '36']
km_test = [0.926820662, 0.882461911, 0.718195909, 0.78015954, 0.780991267, 0.837825917, 0.792358197, 0.877610172, 0.732889746, 0.445250967, 0.780991267, 0.774753317, 0.713898655, 0.761861555, 0.865827379, 1.00430986, 0.892997114;0.967852507, 0.74605875, 0.708492433, 0.887036407, 0.82812244, 0.702115862, 0.894660567, 0.863748062, 0.614923191, 0.526205689, 0.732058019, 0.897155747, 0.782793341, 0.81037894, 0.901175759, 0.763247766, 0.951079354;0.818141721, 0.86471841, 0.687560647, 0.802616158, 0.815230678, 0.818280342, 0.795407861, 0.981991859, 0.685619951, 0.621438383, 0.752712563, 0.964525601, 0.692828248, 0.902977833, 0.855292175, 1.01789472, 0.984487039;0.799843736, 0.848361121, 0.788060943, 0.799289252, 0.728038007, 0.881491563, 0.692689627, 0.896739884, 0.643895001, 0.486282812, 0.706551737, 0.792219576, 0.66399506, 0.713482792, 0.781822993, 0.798873389, 0.935692412;0.628092196, 0.7220773, 0.581515507, 0.679243381, 0.563772006, 0.633082555, 0.663163333, 0.773921591, 0.568346502, 0.377326629, 0.517888423, 0.700313788, 0.543533326, 0.512204958, 0.568623745, 0.563772006, 0.844895593;0.710571749, 0.919750986, 0.632805313, 0.749385656, 0.684649604, 0.806774791, 0.711264855, 0.965080085, 0.627814953, 0.526482931, 0.735523547, 0.874976371, 0.624765289, 0.836855569, 0.781268509, 0.946227616, 0.952049702;0.639874989, 0.692689627, 0.499590438, 0.583317581, 0.575693421, 0.613814223, 0.636409462, 0.718334531, 0.621992867, 0.40269429, 0.494738699, 0.70308621, 0.516640833, 0.534245712, 0.509709778, 0.721661437, 0.725958691;0.896324021, 0.805111338, 0.710571749, 0.834914874, 0.713066929, 0.841152823, 0.708631054, 0.862777715, 0.698373092, 0.445250967, 0.719859363, 0.752158078, 0.621577004, 0.641677063, 0.786120248, 0.929454463, 0.790694744;0.947197964, 0.856955629, 0.823963807, 0.846143183, 0.665104029, 0.842539034, 0.703224831, 0.813983088, 0.645974317, 0.464796542, 0.665519892, 0.733998715, 0.710017265, 0.627121848, 0.816894131, 0.839073507, 0.873728782;0.722215921, 1.030232, 0.685065467, 0.840459718, 0.654846068, 0.918226154, 0.804418232, 1.0860963, 0.717364183, 0.527176036, 0.761722934, 0.943039331, 0.649023981, 0.7549305, 0.707522085, 0.89369022, 1.01636989;0.937494487, 0.773644349, 0.680490971, 0.860837019, 0.904502665, 0.855985281, 0.74980152, 0.816616889, 0.754237395, 0.401862563, 0.755623606, 0.795407861, 0.69296687, 0.665658513, 0.788476806, 0.812181014, 0.912126826]
accuracy = 1e-08
data_class = 'rand'
