name = 'LinearByte'
feature_type = 'byte'
data_type = 'ubyte'
km_train = [1.1289568, 0.98808149, 0.779455746, 0.987918628, 0.562035474, 0.833200083, 1.07016375, 0.79183323, 0.53255752, 0.656495218, 0.993455924;0.98808149, 1.25729176, 0.904370614, 1.13775133, 0.747209144, 0.858117912, 0.969352403, 0.823102662, 0.717242605, 0.868378194, 1.07065233;0.779455746, 0.904370614, 1.00876492, 0.908442155, 0.621805691, 0.792647538, 0.899321903, 0.748512037, 0.481093246, 0.701933612, 0.875706968;0.987918628, 1.13775133, 0.908442155, 1.38041515, 0.830105712, 0.874892659, 0.932219952, 0.822125492, 0.712356756, 0.976844038, 1.10892482;0.562035474, 0.747209144, 0.621805691, 0.830105712, 0.636300376, 0.520180036, 0.57164431, 0.544446419, 0.512851263, 0.74085754, 0.720336976;0.833200083, 0.858117912, 0.792647538, 0.874892659, 0.520180036, 0.876032691, 0.818379675, 0.740043232, 0.504708182, 0.564966984, 0.877335584;1.07016375, 0.969352403, 0.899321903, 0.932219952, 0.57164431, 0.818379675, 1.29637855, 0.796230494, 0.468064316, 0.690533298, 1.01088212;0.79183323, 0.823102662, 0.748512037, 0.822125492, 0.544446419, 0.740043232, 0.796230494, 0.81789109, 0.48549051, 0.700142134, 0.79883628;0.53255752, 0.717242605, 0.481093246, 0.712356756, 0.512851263, 0.504708182, 0.468064316, 0.48549051, 0.517899973, 0.619362767, 0.630763081;0.656495218, 0.868378194, 0.701933612, 0.976844038, 0.74085754, 0.564966984, 0.690533298, 0.700142134, 0.619362767, 1.00615913, 0.817728228;0.993455924, 1.07065233, 0.875706968, 1.10892482, 0.720336976, 0.877335584, 1.01088212, 0.79883628, 0.630763081, 0.817728228, 1.07390957]
data_train = ['16', '9', '33', '5', '7', '10', '11', '8', '1', '7', '10';'35', '9', '20', '19', '7', '35', '28', '41', '11', '13', '20';'21', '20', '29', '38', '19', '23', '22', '6', '8', '0', '25';'37', '37', '21', '9', '5', '16', '37', '23', '9', '7', '20';'5', '20', '38', '23', '32', '17', '27', '31', '11', '41', '26';'9', '41', '31', '41', '25', '24', '10', '22', '33', '39', '22';'28', '30', '6', '39', '32', '20', '1', '17', '32', '36', '33';'19', '34', '17', '23', '7', '29', '9', '22', '10', '1', '25';'35', '32', '12', '39', '24', '3', '41', '18', '17', '36', '29';'18', '22', '15', '0', '11', '23', '33', '7', '17', '4', '25';'29', '12', '18', '28', '2', '25', '39', '11', '1', '10', '27']
feature_class = 'simple'
data_test = ['17', '12', '36', '21', '11', '1', '36', '6', '25', '25', '23', '11', '15', '22', '39', '8', '31';'14', '36', '12', '4', '10', '9', '12', '40', '14', '41', '6', '39', '27', '31', '34', '14', '35';'20', '5', '0', '3', '10', '25', '36', '22', '28', '20', '26', '38', '39', '12', '22', '15', '29';'3', '39', '15', '30', '41', '24', '11', '25', '36', '32', '27', '8', '11', '4', '27', '34', '4';'33', '33', '12', '38', '41', '13', '10', '41', '37', '3', '32', '6', '40', '7', '36', '9', '14';'37', '14', '4', '28', '18', '9', '11', '3', '30', '17', '15', '39', '35', '24', '22', '11', '33';'35', '36', '2', '8', '17', '34', '33', '40', '13', '3', '28', '40', '14', '27', '41', '15', '11';'4', '33', '41', '0', '38', '31', '25', '16', '26', '23', '34', '41', '38', '25', '37', '22', '21';'3', '8', '3', '6', '22', '1', '23', '39', '30', '30', '39', '33', '23', '25', '15', '12', '14';'26', '3', '15', '29', '29', '35', '2', '21', '21', '11', '20', '3', '30', '30', '22', '19', '14';'22', '27', '15', '36', '20', '14', '16', '36', '12', '18', '29', '17', '13', '35', '35', '19', '18']
km_test = [0.660892482, 0.984172811, 0.536140476, 0.666266915, 0.926682657, 0.733203044, 0.816262474, 1.19312428, 0.960720737, 0.960557875, 1.04459447, 1.07765538, 0.938408694, 0.936291493, 1.2116905, 0.730597258, 0.784341595;0.828151372, 0.986452874, 0.562035474, 0.782550117, 1.11527642, 0.83890024, 0.81789109, 1.07618963, 1.14866305, 0.850952, 1.15094312, 1.16364632, 1.15045453, 0.900461935, 1.23611975, 0.751606408, 0.809585147;0.81186521, 0.842320334, 0.580275976, 0.815122442, 0.91805099, 0.608288176, 0.75584081, 0.937268662, 1.04557164, 0.781084362, 0.963652246, 0.901276243, 1.08987001, 0.774407036, 1.17862959, 0.588093335, 0.867726748;0.912676557, 0.952577655, 0.413831394, 0.674409997, 0.916910959, 0.729620088, 0.938571555, 1.20094164, 1.05387759, 0.820496876, 1.1429629, 1.35419443, 1.17341802, 0.963977969, 1.24833437, 0.640209055, 0.911210802;0.67473572, 0.60161085, 0.246409641, 0.503079565, 0.651609369, 0.496402239, 0.571155725, 0.795253324, 0.731574428, 0.432723343, 0.745743389, 0.766263954, 0.792647538, 0.567084185, 0.815773889, 0.381259068, 0.542492079;0.747534867, 0.889387344, 0.533860413, 0.645257766, 0.838737378, 0.726037132, 0.670664179, 0.960720737, 0.846229013, 0.755026502, 0.850463415, 0.992967339, 1.00225045, 0.854209233, 1.13628557, 0.61268544, 0.804373575;0.700467857, 0.901764828, 0.525228747, 0.88596725, 1.04606023, 0.683530248, 0.684344556, 1.2397027, 1.06706938, 0.945086021, 1.09605875, 0.882872879, 1.04426875, 0.909256463, 1.16218057, 0.731900151, 0.774081312;0.63467176, 0.916910959, 0.463341328, 0.598842202, 0.832548636, 0.546726481, 0.57262148, 0.978635516, 0.845088982, 0.745254804, 0.800302034, 0.900136212, 0.906324953, 0.718219774, 1.03889432, 0.542003494, 0.701282165;0.589070504, 0.540700601, 0.221817536, 0.42148589, 0.557963934, 0.485327648, 0.451941014, 0.634020313, 0.599167925, 0.416762903, 0.595259246, 0.730922981, 0.661218205, 0.561546889, 0.700304995, 0.373930295, 0.485816233;0.784015872, 0.752909301, 0.25927571, 0.657798111, 0.75486364, 0.447380889, 0.575390128, 0.950949039, 0.826359895, 0.513502709, 0.837271624, 0.856326434, 0.840040271, 0.679947292, 0.93303426, 0.412691362, 0.605519529;0.85795505, 0.970655296, 0.53060318, 0.766101093, 1.01886234, 0.81593675, 0.828151372, 1.20354742, 1.03742856, 0.808933701, 1.12211661, 1.11560214, 1.11967368, 0.955346303, 1.26836635, 0.69574487, 0.820008291]
alphabet = 'DNA'
accuracy = 1e-08
len_seq = 60
data_class = 'rand'
