name = 'LinearString'
feature_type = 'char'
data_type = ''
km_train = [1.016267, 0.998330008, 1.0022198, 0.989852582, 0.98588525, 0.990382421, 0.997499711, 1.01295228, 0.975450003, 1.00183535, 1.00849064;0.998330008, 0.998989076, 0.994175294, 0.985801251, 0.981097313, 0.983917737, 0.986870621, 1.00658774, 0.967793182, 0.99469221, 1.00175135;1.0022198, 0.994175294, 1.00525992, 0.98690939, 0.982777291, 0.986250322, 0.994020219, 1.010484, 0.970086998, 0.99615896, 1.00323102;0.989852582, 0.985801251, 0.98690939, 0.989910735, 0.977359363, 0.979268722, 0.984082505, 1.00167704, 0.961254192, 0.987742918, 0.998029551;0.98588525, 0.981097313, 0.982777291, 0.977359363, 0.981388079, 0.97516893, 0.980173326, 0.998391392, 0.958249616, 0.982137607, 0.992249781;0.990382421, 0.983917737, 0.986250322, 0.979268722, 0.97516893, 0.988905979, 0.983924199, 1.0014832, 0.961057117, 0.988392294, 0.996362496;0.997499711, 0.986870621, 0.994020219, 0.984082505, 0.980173326, 0.983924199, 0.998443084, 1.00699159, 0.966187511, 0.993189922, 1.00241042;1.01295228, 1.00658774, 1.010484, 1.00167704, 0.998391392, 1.0014832, 1.00699159, 1.03510537, 0.983032518, 1.01190552, 1.02076417;0.975450003, 0.967793182, 0.970086998, 0.961254192, 0.958249616, 0.961057117, 0.966187511, 0.983032518, 0.952250157, 0.969931923, 0.980334862;1.00183535, 0.99469221, 0.99615896, 0.987742918, 0.982137607, 0.988392294, 0.993189922, 1.01190552, 0.969931923, 1.00735989, 1.00657805;1.00849064, 1.00175135, 1.00323102, 0.998029551, 0.992249781, 0.996362496, 1.00241042, 1.02076417, 0.980334862, 1.00657805, 1.02612072]
data_train = ['TTTCTCCCTGCCATGTGGAGAAGCGTCACCGCAATTTTAACACCGCAAATAATTGTTAGA', 'AATTTTACTGTCAGCGAGATCGCGCATGCGTACATCTCCGGTAGCTAGCGCGAGGAGCGC', 'TTCTTTACCCCGTGATATCGACACAATGCCGCTGTATCCCACAATACGATATTACGACGC', 'ACTACTACCACCTTGCCCCGACTCCATATGGTTACATAGTAAACATTCCGTACATACCAC', 'ACTCGTCTACAGATCTAATCAGAGGAACTCTATAACACGTCGACCGCCTAGTCCAAAGTG', 'ATCAATATAGTTCTACGTCGCACACGCAATGTGCACAAGGTCAGATAGATAGAACTATAG', 'ATCCTCAGGAACGAGATTCGCGACATGCTGCTTCGCAGTTAAACTAGGGTACTACCGCTC', 'TGATTTTGACAAACCTATAGAGGCTACTCGCTTCAGCTGTGGAGGTGACGCCCCTAGTTT', 'CTCGTGGACAAGCTCAGATAGCATGCTGAGGCCCGCATAAAGGCACGTCCCCCGCAGCAC', 'ACGTTCGATGTATCTTATAAGGGGCAGGCCATACGCCCGTGGTAAGGAGGCAGGATTTAC', 'ATGGAACCGCGGGCTGTAGACCGAGATTGGGGCGCGGGTAGCTCTTGGGCTCATTCCTTT']
feature_class = 'string'
seqlen = 60
data_test = ['GCACCTACTTAGTTCCGCACCAGCAATGCATCGTTTGGATGAGCACTCCTGAGGAAAACG', 'TTCACTAGTCGAATACTCTTCAGCAGATAAATGTCCACGGCTATACCCGCCGGTAGGCCC']
km_test = [0.993244845, 0.995554814;0.986072632, 0.987145233;0.988789673, 0.988728289;0.982037455, 0.980706395;0.975259391, 0.977973201;0.978632269, 0.982612524;0.9832619, 0.986428012;0.99958353, 1.00354763;0.962733864, 0.965809516;0.98833091, 0.989545663;0.996546647, 0.999751528]
alphabet = 'DNA'
accuracy = 1e-08
data_class = 'dna'
