name = 'LinearByte'
feature_type = 'byte'
data_type = 'ubyte'
km_train = [0.949345563, 0.71417521, 0.942945536, 0.723587255, 0.747912263, 0.960212532, 0.499377868, 0.891745317, 0.688317628, 0.784134129, 0.595762443;0.71417521, 1.17641984, 1.00313685, 0.932650728, 0.829890647, 0.929855314, 0.620990648, 0.929205503, 0.719022229, 0.82802295, 0.905048056;0.942945536, 1.00313685, 1.18544363, 0.890666385, 0.800130111, 0.994346011, 0.626716343, 1.04689489, 0.700455611, 0.946582844, 0.794285897;0.723587255, 0.932650728, 0.890666385, 0.964430174, 0.738402133, 0.917929848, 0.476752995, 0.824716678, 0.66726211, 0.814250222, 0.810772302;0.747912263, 0.829890647, 0.800130111, 0.738402133, 0.966784207, 0.893089895, 0.497886163, 0.873174612, 0.803742898, 0.815067595, 0.670993416;0.960212532, 0.929855314, 0.994346011, 0.917929848, 0.893089895, 1.14184089, 0.568842277, 0.998032361, 0.84988358, 0.830695759, 0.77338568;0.499377868, 0.620990648, 0.626716343, 0.476752995, 0.497886163, 0.568842277, 0.480100136, 0.651029091, 0.493141315, 0.488870543, 0.520224956;0.891745317, 0.929205503, 1.04689489, 0.824716678, 0.873174612, 0.998032361, 0.651029091, 1.25027354, 0.897442404, 0.891303936, 0.882721524;0.688317628, 0.719022229, 0.700455611, 0.66726211, 0.803742898, 0.84988358, 0.493141315, 0.897442404, 1.0745793, 0.682865753, 0.667433758;0.784134129, 0.82802295, 0.946582844, 0.814250222, 0.815067595, 0.830695759, 0.488870543, 0.891303936, 0.682865753, 0.934959806, 0.734552308;0.595762443, 0.905048056, 0.794285897, 0.810772302, 0.670993416, 0.77338568, 0.520224956, 0.882721524, 0.667433758, 0.734552308, 0.875822899]
data_train = ['177', '162', '123', '32', '160', '188', '178', '170', '100', '11', '66';'64', '160', '167', '73', '42', '43', '28', '140', '11', '94', '45';'129', '252', '242', '241', '34', '214', '80', '89', '7', '92', '153';'201', '89', '253', '161', '114', '104', '134', '195', '57', '244', '113';'236', '74', '156', '119', '163', '216', '20', '252', '248', '163', '137';'100', '200', '151', '191', '226', '176', '98', '239', '35', '209', '240';'230', '95', '151', '150', '189', '223', '36', '11', '112', '182', '12';'22', '216', '98', '104', '29', '16', '112', '61', '83', '111', '216';'85', '140', '186', '18', '176', '99', '139', '188', '232', '146', '75';'8', '198', '27', '205', '222', '127', '51', '82', '249', '110', '143';'116', '68', '98', '139', '24', '179', '122', '212', '227', '52', '150']
feature_class = 'simple'
seqlen = 60
data_test = ['143', '56', '38', '108', '180', '41', '185', '166', '141', '222', '121', '132', '162', '214', '220', '234', '74';'145', '238', '75', '8', '73', '185', '235', '144', '252', '229', '6', '173', '140', '167', '169', '136', '177';'26', '121', '193', '4', '28', '164', '165', '82', '135', '239', '108', '64', '85', '243', '144', '254', '70';'216', '44', '131', '35', '69', '251', '158', '18', '188', '107', '181', '166', '90', '201', '89', '18', '38';'125', '194', '172', '140', '241', '219', '125', '57', '147', '219', '199', '60', '126', '104', '166', '0', '130';'204', '91', '189', '248', '190', '251', '112', '152', '55', '160', '165', '116', '133', '57', '43', '172', '159';'172', '60', '46', '148', '79', '117', '212', '202', '251', '228', '163', '226', '146', '19', '184', '145', '46';'232', '48', '13', '142', '158', '0', '116', '53', '117', '2', '143', '214', '184', '202', '11', '73', '223';'15', '199', '101', '203', '151', '155', '116', '7', '121', '91', '163', '89', '135', '185', '59', '177', '27';'219', '100', '40', '227', '191', '154', '245', '190', '144', '200', '160', '244', '211', '204', '219', '239', '156';'140', '45', '34', '252', '133', '81', '114', '255', '196', '46', '152', '193', '9', '55', '29', '241', '250']
km_test = [0.797722949, 0.581446162, 0.5965226, 0.696752913, 0.741054507, 0.891757578, 0.890462042, 0.657032692, 0.943889601, 0.985452997, 0.854076702, 0.778183657, 0.660273575, 0.748341384, 0.745402929, 0.750245862, 0.55459956;0.995666068, 0.739329851, 0.656060019, 0.891316196, 0.897090934, 0.96094408, 1.11391536, 0.790374769, 0.99592354, 1.09577378, 0.910642971, 1.01842989, 0.935491098, 1.12420608, 0.822370819, 1.13496679, 0.845800804;0.916188844, 0.772175968, 0.75131662, 0.770692437, 0.811405766, 1.10258249, 1.06691235, 0.685881858, 1.08656199, 1.10443384, 0.947882466, 0.926258875, 0.809820063, 1.04899146, 0.791331095, 0.962578825, 0.703095724;0.917888979, 0.573006791, 0.628796556, 0.804507141, 0.746085435, 0.947837511, 0.966820989, 0.754565676, 0.909200309, 0.975566876, 0.86175183, 0.910978094, 0.730518575, 0.857746704, 0.71564648, 0.937534529, 0.74145502;0.877903112, 0.61838323, 0.564064734, 0.919012867, 0.876999916, 0.925543674, 0.938969018, 0.696148057, 0.835179047, 0.988975873, 0.884621915, 0.853606712, 0.81448726, 0.780104483, 0.772045189, 0.867346745, 0.587098294;0.901059278, 0.669248326, 0.683903816, 0.933202455, 0.894209695, 0.996524309, 1.04409539, 0.867420309, 1.02340769, 1.15592831, 0.977855519, 0.918559225, 0.784371167, 0.876027242, 0.867134229, 1.06609089, 0.725745119;0.594802031, 0.371058546, 0.356206886, 0.585778237, 0.557881311, 0.538252108, 0.615109652, 0.464140936, 0.59950601, 0.557198805, 0.596661553, 0.607867731, 0.505373296, 0.66593388, 0.431719852, 0.672852939, 0.473434462;0.963690452, 0.782903984, 0.731434032, 0.987815204, 1.00398692, 1.11087065, 0.99550668, 0.761345782, 0.997684978, 1.02684066, 0.990671921, 0.902240381, 0.789639134, 0.96495738, 0.740674429, 0.964736689, 0.844909868;0.796284373, 0.632879332, 0.4497797, 1.0033085, 0.915841461, 0.778481998, 0.871862729, 0.707362409, 0.871143441, 0.815161593, 0.901770392, 0.867403962, 0.722941531, 0.773549154, 0.690418276, 0.863558223, 0.716537417;0.915154868, 0.629944965, 0.63531919, 0.800657316, 0.77296882, 1.01111032, 0.911018963, 0.597442144, 0.904643457, 0.901549701, 0.889947097, 0.870035901, 0.749698222, 0.803097173, 0.646688842, 0.728372972, 0.632695424;0.882974909, 0.545073082, 0.575814465, 0.852883338, 0.815439499, 0.825260231, 0.810523003, 0.638049214, 0.748856329, 0.766331754, 0.828999711, 0.819661229, 0.704955247, 0.836237545, 0.539269737, 0.837193871, 0.794388068]
alphabet = 'RAWBYTE'
accuracy = 1e-08
data_class = 'rand'
