name = 'LinearString'
feature_type = 'char'
data_type = ''
km_train = [0.999457584, 0.983784523, 1.00364858, 0.994002885, 1.0035846, 0.984481956, 0.999867086, 0.988033109, 0.986670234, 0.976736604, 0.972788746;0.983784523, 0.98702215, 0.995727274, 0.988759336, 0.992326485, 0.976176737, 0.992387271, 0.984798681, 0.982840748, 0.970530084, 0.965321727;1.00364858, 0.995727274, 1.02770365, 1.00766043, 1.01676226, 0.999169653, 1.01062612, 1.00151469, 1.00136433, 0.987015752, 0.983458201;0.994002885, 0.988759336, 1.00766043, 1.01457398, 1.00888893, 0.989530352, 1.00530259, 0.993087903, 0.994095663, 0.983448603, 0.981599444;1.0035846, 0.992326485, 1.01676226, 1.00888893, 1.0283115, 0.997861165, 1.01047256, 0.996223155, 0.999883082, 0.987745178, 0.986890982;0.984481956, 0.976176737, 0.999169653, 0.989530352, 0.997861165, 0.988103492, 0.992166523, 0.97989745, 0.981452279, 0.970085391, 0.969243991;0.999867086, 0.992387271, 1.01062612, 1.00530259, 1.01047256, 0.992166523, 1.01933764, 0.998517008, 0.997486854, 0.985742456, 0.983870902;0.988033109, 0.984798681, 1.00151469, 0.993087903, 0.996223155, 0.97989745, 0.998517008, 0.996459899, 0.987431653, 0.976656623, 0.971624223;0.986670234, 0.982840748, 1.00136433, 0.994095663, 0.999883082, 0.981452279, 0.997486854, 0.987431653, 0.9947771, 0.975367331, 0.972798343;0.976736604, 0.970530084, 0.987015752, 0.983448603, 0.987745178, 0.970085391, 0.985742456, 0.976656623, 0.975367331, 0.973815701, 0.962685556;0.972788746, 0.965321727, 0.983458201, 0.981599444, 0.986890982, 0.969243991, 0.983870902, 0.971624223, 0.972798343, 0.962685556, 0.970437307]
data_train = ['TATCCGGGCATGAGTTGCCAAACATTGAGCCCCCCATTTCCACAGATCGGCCGTGTGTTC', 'CCTAGATGGCAACATTAGTTTAATATCTCAGCCGCAGCCGCGAAAGGTTTAGGCCAGATC', 'GCGTCTCGAACGGCGTATCAGGTGGGTCTGACATCATAGGCTTTTATATTAGAAATTGCG', 'TAAGTACTGTGATACAACAATTAATGTTCCCTCGTCACCAGCTCCAATGGTTGTAATCGG', 'TGATTCCTAATTCTACTGAAGTCCCTAGTGACATTCAGTATACGTCAACTCAGCGTCTAT', 'GTAGGTAAAGGATTGAGTGGCAGGGCCCCTACCTCCTGCTGAGCACAGGGACGTATGGGT', 'CGCCGATCTATTGAGGGCGCCTTTTCTCCCTGCCATGTGGAGAAGCGTCACCGCAATTTT', 'AACACCGCAAATAATTGTTAGAAATTTTACTGTCAGCGAGATCGCGCATGCGTACATCTC', 'CGGTAGCTAGCGCGAGGAGCGCTTCTTTACCCCGTGATATCGACACAATGCCGCTGTATC', 'CCACAATACGATATTACGACGCACTACTACCACCTTGCCCCGACTCCATATGGTTACATA', 'GTAAACATTCCGTACATACCACACTCGTCTACAGATCTAATCAGAGGAACTCTATAACAC']
feature_class = 'string'
data_test = ['ATATCGATAGTATGCGGGTATTCTAACTCTCAACATCACCGTAGCGCCTCCTGGATTCTG', 'AGCCAGATAACCCCTGACTCATGGAAGAGGCTTGAACATACCGACCTATTCTATGCCATA']
km_test = [0.995589707, 0.97683898;0.992902348, 0.971038763;1.0123825, 0.989549547;1.0061184, 0.982517625;1.01091725, 0.986846192;0.994674725, 0.969592708;1.00810192, 0.983432607;0.99683101, 0.974660299;0.998747353, 0.973214244;0.984686707, 0.962653563;0.984270807, 0.958465762]
alphabet = 'DNA'
accuracy = 1e-08
len_seq = 60
data_class = 'dna'
