name = 'Linear'
feature_type = 'real'
data_type = 'double'
km_train = [4.35252184, 3.79188891, 2.66365768, 2.73100557, 3.92586674, 3.36237136, 3.49876914, 2.82165256, 2.80891189, 3.74808768, 2.50273152;3.79188891, 4.53793687, 2.59724767, 2.43752777, 4.1665614, 3.6631676, 3.01557618, 2.57182748, 2.44706392, 3.35740178, 3.06547958;2.66365768, 2.59724767, 2.58508058, 2.17880449, 2.43527414, 2.85138716, 2.85082572, 2.19205143, 2.11973229, 2.03059994, 2.00971834;2.73100557, 2.43752777, 2.17880449, 2.87750668, 2.47593697, 2.66189927, 2.34827932, 1.89618292, 2.1475529, 2.09312483, 1.99100513;3.92586674, 4.1665614, 2.43527414, 2.47593697, 4.55524311, 3.38348272, 3.6022858, 2.9329809, 2.54618602, 3.86980771, 3.1467149;3.36237136, 3.6631676, 2.85138716, 2.66189927, 3.38348272, 4.84494966, 3.03150084, 2.57950227, 2.75301309, 3.13939924, 2.75466305;3.49876914, 3.01557618, 2.85082572, 2.34827932, 3.6022858, 3.03150084, 5.03995226, 3.10733777, 2.52196053, 3.57809546, 2.46382675;2.82165256, 2.57182748, 2.19205143, 1.89618292, 2.9329809, 2.57950227, 3.10733777, 2.93880994, 2.15782392, 2.61999691, 2.26631983;2.80891189, 2.44706392, 2.11973229, 2.1475529, 2.54618602, 2.75301309, 2.52196053, 2.15782392, 2.36421943, 2.45011063, 2.00287548;3.74808768, 3.35740178, 2.03059994, 2.09312483, 3.86980771, 3.13939924, 3.57809546, 2.61999691, 2.45011063, 3.9821383, 2.32655673;2.50273152, 3.06547958, 2.00971834, 1.99100513, 3.1467149, 2.75466305, 2.46382675, 2.26631983, 2.00287548, 2.32655673, 2.86145769]
data_train = [0.471626365, 0.227481604, 0.166185, 0.332729477, 0.939924373, 0.343026713, 0.988124076, 0.485230456, 0.179163918, 0.891140092, 0.460355373;0.709671344, 0.983711583, 0.0501753503, 0.0966945598, 0.720456741, 0.281825003, 0.184301397, 0.0393618798, 0.021846712, 0.774485603, 0.134433427;0.467720616, 0.605896815, 0.428351801, 0.0271066523, 0.783501503, 0.0105132245, 0.761889894, 0.893304494, 0.432839921, 0.535542473, 0.476983393;0.389208619, 0.887424535, 0.893933511, 0.335816365, 0.615069754, 0.926907562, 0.962058499, 0.50895904, 0.452824805, 0.278694316, 0.958871873;0.142814304, 0.579829576, 0.282550268, 0.27900829, 0.404968587, 0.998792936, 0.0549663068, 0.578541818, 0.082572158, 0.15452083, 0.439562942;0.510460131, 0.258792408, 0.316457131, 0.0869670203, 0.303219784, 0.966558439, 0.944707382, 0.33487829, 0.570853936, 0.909595391, 0.00618382264;0.81068357, 0.948369553, 0.0913257343, 0.161447686, 0.960746303, 0.537540144, 0.0141966345, 0.257631999, 0.449943674, 0.692908911, 0.733160378;0.995421513, 0.287511199, 0.538220102, 0.533323548, 0.405645259, 0.169161894, 0.977456563, 0.853317187, 0.498333028, 0.603245423, 0.227261054;0.54378707, 0.694970133, 0.515167028, 0.990285171, 0.611341656, 0.370973713, 0.772152028, 0.170462512, 0.384515814, 0.34695895, 0.431807095;0.781779826, 0.484173032, 0.79401445, 0.576488903, 0.342069435, 0.809978744, 0.238289671, 0.22438298, 0.504502924, 0.260849246, 0.00908703495;0.648297527, 0.511093821, 0.445517814, 0.966968515, 0.571199184, 0.863431578, 0.139450236, 0.569206463, 0.867979627, 0.583105757, 0.718014178]
feature_class = 'simple'
data_test = [0.372043568, 0.092449517, 0.457900295, 0.394479391, 0.867060182, 0.243995302, 0.966734228, 0.95813812, 0.247631643, 0.348051955, 0.895555741, 0.966622221, 0.443439103, 0.320997046, 0.526094013, 0.687769206, 0.273474515;0.736473175, 0.0516573571, 0.0492944928, 0.386287705, 0.353473192, 0.315633215, 0.491019763, 0.320733582, 0.192257918, 0.309469549, 0.974904273, 0.411113417, 0.444712777, 0.57654499, 0.983340768, 0.241601276, 0.681282111;0.715984694, 0.607324417, 0.0885783396, 0.676872276, 0.064094711, 0.59614265, 0.739581177, 0.210969891, 0.841622008, 0.0303538055, 0.843812864, 0.460329051, 0.21758794, 0.133778145, 0.953307168, 0.0726655876, 0.19909342;0.347822347, 0.620234849, 0.544801085, 0.125643492, 0.289727984, 0.238751771, 0.213542854, 0.411144336, 0.704031453, 0.217452932, 0.36667888, 0.390917427, 0.976456529, 0.954666357, 0.800137583, 0.241658921, 0.0680373141;0.316904138, 0.266794549, 0.5059258, 0.77772791, 0.858322939, 0.844864085, 0.359675561, 0.687234343, 0.312834198, 0.0609055432, 0.701565266, 0.00982755257, 0.409182587, 0.329379269, 0.693377539, 0.766245473, 0.304094636;0.811627014, 0.293916761, 0.44632636, 0.727018527, 0.692920229, 0.987368472, 0.225161024, 0.662317914, 0.609681908, 0.915098454, 0.156362142, 0.751798164, 0.568268616, 0.27466587, 0.474434914, 0.333776597, 0.579313403;0.889000611, 0.569304984, 0.631722418, 0.518747847, 0.0511655064, 0.232858557, 0.492001729, 0.310235284, 0.181763598, 0.504132842, 0.322809793, 0.258107643, 0.463985417, 0.133284258, 0.927745733, 0.867702098, 0.707620586;0.106213828, 0.775877254, 0.807957328, 0.767764618, 0.113965887, 0.643907957, 0.834324796, 0.577353401, 0.646407375, 0.458363479, 0.52870732, 0.0343768584, 0.638963022, 0.0814472129, 0.435014594, 0.292655098, 0.54542795;0.133416336, 0.691643402, 0.795011537, 0.16335445, 0.104313087, 0.145515483, 0.877127562, 0.528189262, 0.467260996, 0.106711819, 0.649556007, 0.867999592, 0.828185869, 0.626054709, 0.0752787167, 0.112397027, 0.0493089871;0.257479216, 0.135661467, 0.26004804, 0.385058056, 0.942982784, 0.61037606, 0.834973786, 0.710351501, 0.112503131, 0.735920406, 0.275098882, 0.639107847, 0.340961974, 0.997672263, 0.263551479, 0.279130471, 0.930672256;0.0246444046, 0.696688988, 0.725326391, 0.836378577, 0.974439311, 0.975601919, 0.0652767576, 0.821839323, 0.646309934, 0.647342134, 0.128349927, 0.650187166, 0.982482581, 0.91181857, 0.439130661, 0.0399479733, 0.36229349]
km_test = [2.74418216, 2.96153213, 3.22672689, 3.42473008, 2.85938898, 3.35401772, 3.80115025, 3.57599831, 2.82862899, 2.87640689, 3.27110186, 3.13688666, 3.72110663, 3.08258524, 3.76126802, 2.20366479, 3.1770659;3.04900173, 2.88640634, 2.9791817, 3.07057759, 2.62628744, 2.98571962, 3.3610586, 3.18729441, 2.78709729, 2.23831969, 3.55503266, 2.95002977, 3.78755892, 3.36447018, 4.30876419, 2.32399441, 2.73759166;1.48529924, 2.24494913, 2.31946365, 2.16013191, 2.21270175, 2.43843913, 2.5037813, 2.57835439, 2.30449475, 1.80800668, 2.05897501, 2.25496129, 2.87891808, 2.74990094, 2.36898735, 1.22979244, 1.77894571;0.99477678, 2.3030166, 2.6939143, 2.19508542, 2.37966082, 2.34999215, 2.51831042, 2.828209, 2.02715842, 1.79788641, 2.00763275, 2.48997529, 3.07035479, 2.74433491, 1.83228257, 1.18515926, 1.66115205;3.11054234, 2.90747736, 3.1345702, 3.31124199, 2.89407757, 3.05212783, 3.85741126, 3.59655159, 2.90541722, 2.36678499, 3.85143962, 3.42036185, 3.73537631, 3.0316904, 4.32145016, 2.57696699, 2.70106044;2.54127671, 2.58339738, 3.2216748, 3.35062258, 3.88393937, 3.82324712, 2.71625082, 3.87428834, 2.7318612, 2.8969455, 2.62012632, 3.0967151, 3.93198124, 3.66641108, 3.55322515, 2.43491631, 2.77220946;2.45190349, 2.88262126, 3.07831648, 2.91947914, 2.50452022, 2.98892302, 3.75499578, 3.48608277, 3.30398177, 2.30435028, 3.35291325, 3.41894175, 3.67354538, 2.65119672, 3.30402989, 1.82666921, 2.03047124;1.89548735, 2.51151041, 2.48162687, 2.94774087, 2.26243164, 2.93083851, 2.7539873, 2.78446377, 2.69422755, 1.73333944, 2.65140971, 2.11012644, 2.79274537, 2.0198126, 3.04498676, 1.66402872, 1.8131058;1.69516419, 2.3331392, 2.41804773, 2.50727211, 2.22989235, 2.68650913, 2.21130176, 2.5931105, 2.30684886, 2.13757753, 1.76889303, 2.34221521, 2.85411917, 2.38035418, 2.39605837, 1.27816294, 1.92982269;2.97742061, 2.47319126, 2.82138844, 3.29710056, 2.87898111, 3.20470819, 3.36216426, 3.44946358, 2.70363432, 2.70076356, 3.27242487, 3.26720184, 3.36450079, 2.52164437, 3.75881139, 2.24116583, 2.76133394;1.84319018, 2.44684445, 2.52043516, 2.25259634, 1.95331622, 2.13145036, 2.21160403, 2.46852893, 2.30465433, 1.44859451, 2.33873114, 2.14814137, 3.03892037, 2.40130164, 3.03329319, 1.7367823, 1.44757177]
kparam0_scale = 1.0
data_class = 'rand'
accuracy = 1e-08
