name = 'LinearWord'
feature_type = 'word'
data_type = 'ushort'
km_train = [1.2962037, 0.796105007, 0.779097309, 0.392986381, 0.637426804, 0.983551549, 0.781268505, 0.626570827, 0.832653464, 0.944650964, 0.978485427;0.796105007, 1.03131785, 0.774935851, 0.412165274, 0.652082374, 0.700753339, 0.779821041, 0.425192447, 0.908464373, 0.832834397, 0.86974472;0.779097309, 0.774935851, 1.18981512, 0.556006974, 0.804608856, 1.11165208, 0.990246069, 0.704010132, 0.832110665, 0.802256727, 0.857079413;0.392986381, 0.412165274, 0.556006974, 0.368198566, 0.485262188, 0.556006974, 0.470425686, 0.271580367, 0.384482532, 0.377788012, 0.487614317;0.637426804, 0.652082374, 0.804608856, 0.485262188, 0.734406869, 0.789772353, 0.665652346, 0.445456938, 0.615172051, 0.662033686, 0.68121258;0.983551549, 0.700753339, 1.11165208, 0.556006974, 0.789772353, 1.31031647, 0.936508981, 0.739653925, 0.73874926, 0.726807685, 0.893989736;0.781268505, 0.779821041, 0.990246069, 0.470425686, 0.665652346, 0.936508981, 1.15362853, 0.756842555, 0.848394631, 0.879876966, 0.910816501;0.626570827, 0.425192447, 0.704010132, 0.271580367, 0.445456938, 0.739653925, 0.756842555, 0.629284821, 0.5116784, 0.618971643, 0.567043884;0.832653464, 0.908464373, 0.832110665, 0.384482532, 0.615172051, 0.73874926, 0.848394631, 0.5116784, 1.07021844, 0.873906178, 0.853460754;0.944650964, 0.832834397, 0.802256727, 0.377788012, 0.662033686, 0.726807685, 0.879876966, 0.618971643, 0.873906178, 1.07202776, 0.828311073;0.978485427, 0.86974472, 0.857079413, 0.487614317, 0.68121258, 0.893989736, 0.910816501, 0.567043884, 0.853460754, 0.828311073, 1.14458188]
data_train = ['16', '8', '35', '8', '15', '35', '32', '30', '5', '9', '15';'3', '21', '12', '15', '28', '5', '25', '10', '23', '28', '2';'9', '0', '25', '11', '13', '24', '7', '3', '27', '6', '9';'35', '1', '25', '13', '15', '41', '16', '21', '3', '18', '1';'38', '8', '18', '15', '24', '17', '22', '20', '10', '38', '40';'3', '24', '31', '29', '25', '35', '33', '8', '11', '1', '37';'4', '4', '21', '4', '3', '8', '28', '21', '26', '9', '15';'41', '41', '9', '5', '4', '5', '24', '3', '39', '31', '34';'9', '33', '35', '5', '15', '18', '33', '24', '30', '40', '16';'29', '38', '30', '18', '34', '28', '0', '3', '27', '17', '25';'39', '18', '5', '0', '7', '32', '20', '23', '24', '18', '28']
feature_class = 'simple'
data_test = ['9', '11', '32', '6', '16', '9', '30', '5', '16', '36', '17', '25', '15', '7', '23', '12', '28';'31', '23', '15', '10', '31', '5', '34', '32', '17', '36', '12', '9', '36', '25', '16', '0', '24';'33', '38', '9', '19', '6', '15', '36', '28', '11', '16', '19', '25', '18', '11', '20', '41', '33';'6', '34', '14', '0', '25', '34', '24', '41', '14', '21', '5', '14', '23', '20', '6', '28', '31';'31', '4', '3', '21', '17', '34', '16', '23', '1', '12', '14', '4', '2', '36', '36', '36', '2';'34', '22', '27', '29', '17', '35', '32', '25', '39', '16', '39', '6', '7', '30', '11', '30', '18';'9', '38', '11', '19', '36', '40', '6', '13', '10', '6', '28', '9', '28', '8', '35', '9', '18';'30', '16', '8', '32', '33', '23', '8', '6', '15', '18', '38', '5', '10', '11', '41', '12', '11';'20', '9', '19', '35', '27', '23', '4', '36', '11', '34', '39', '1', '40', '38', '41', '8', '21';'4', '11', '0', '21', '37', '18', '15', '30', '2', '22', '41', '17', '25', '12', '17', '2', '22';'2', '24', '26', '26', '38', '24', '23', '7', '8', '36', '29', '18', '15', '23', '20', '35', '39']
km_test = [0.662938351, 0.748881505, 0.521086914, 0.815645766, 1.13444963, 1.02209027, 0.754490427, 0.82813014, 0.39352918, 0.936689914, 1.0211856, 0.49883216, 0.652082374, 0.816731364, 1.02588986, 0.908645306, 0.887114284;0.70690506, 0.564510823, 0.492861372, 0.892180407, 1.0541154, 0.778192644, 0.604677939, 0.776021449, 0.485081255, 0.888923613, 1.17208369, 0.329840779, 0.749967103, 0.762813343, 0.951345483, 0.475853675, 0.716675439;0.825597079, 0.89055201, 0.699124942, 0.860155273, 1.0562866, 1.05103954, 0.930176327, 1.08469307, 0.623494967, 1.0217284, 1.17063623, 0.55817817, 0.929633529, 0.899236792, 1.04669715, 0.820530956, 1.00037831;0.504260149, 0.44618067, 0.320070399, 0.425554313, 0.514211461, 0.541532338, 0.539180209, 0.584956247, 0.368741365, 0.470606619, 0.572833739, 0.252944273, 0.398414369, 0.491232976, 0.440933614, 0.45106586, 0.457760379;0.671804066, 0.599611817, 0.453417988, 0.624580565, 0.825597079, 0.725179288, 0.759013751, 0.868297256, 0.442742944, 0.788686756, 0.839890782, 0.393348247, 0.671984999, 0.736216198, 0.702743602, 0.588936772, 0.708895322;0.720655964, 0.952792947, 0.774935851, 0.805151655, 1.07817949, 1.08885453, 1.04506875, 1.04941115, 0.638693335, 1.07962695, 1.10568129, 0.640321732, 0.82016909, 0.903036384, 0.895075334, 1.02516613, 1.13408777;0.880419764, 0.864135798, 0.776202382, 0.899055859, 1.10640503, 1.06316205, 0.869563787, 0.900865188, 0.671261267, 1.03746957, 1.12449832, 0.447809066, 0.867211659, 0.94627936, 1.12974538, 0.797009672, 0.923119942;0.454865452, 0.595450359, 0.545693796, 0.540084874, 0.777468912, 0.742910718, 0.587670241, 0.62982762, 0.365122705, 0.757566287, 0.689716429, 0.367293901, 0.622590302, 0.642492927, 0.759375617, 0.589660504, 0.704191065;0.816188565, 0.859250609, 0.526333969, 0.956230673, 1.14548655, 0.91932035, 0.729702612, 0.863954865, 0.483090993, 0.92909073, 1.20157576, 0.453237055, 0.888018949, 0.779821041, 1.12178433, 0.683383775, 0.895799066;0.792848214, 0.646654385, 0.49394697, 0.843690374, 1.06768537, 0.901227054, 0.658776893, 0.9272814, 0.395881308, 0.953878545, 0.990246069, 0.348476873, 0.833196263, 0.929633529, 1.11038555, 0.668185407, 0.758651885;0.837538654, 0.681393513, 0.577718929, 0.973419304, 1.04452596, 1.0568294, 0.748157774, 0.75955655, 0.539180209, 0.841881045, 1.19976643, 0.409632213, 0.590927035, 0.881143496, 1.08016975, 0.873544312, 0.753404829]
data_class = 'rand'
accuracy = 1e-08
