name = 'Linear'
feature_type = 'Real'
data_type = 'double'
km_train = [4.38767265, 3.01088751, 2.96645937, 3.13923921, 3.11169823, 3.18708811, 3.3134992, 3.09628328, 3.26398204, 2.79168062, 1.72748736;3.01088751, 3.42631191, 3.1347826, 2.85677146, 2.54170983, 2.99102051, 2.81885589, 3.17415538, 3.00516221, 2.26737436, 1.34903614;2.96645937, 3.1347826, 3.71548034, 3.23990445, 2.53718931, 3.24452811, 2.92312397, 3.16752814, 2.58609314, 2.50927104, 1.70974929;3.13923921, 2.85677146, 3.23990445, 4.1002182, 3.01168344, 3.73091581, 3.35865134, 3.98113046, 2.31706874, 2.7094024, 1.91106799;3.11169823, 2.54170983, 2.53718931, 3.01168344, 3.98327441, 3.26845011, 2.98568605, 3.22215133, 2.21779231, 2.29178277, 2.18269428;3.18708811, 2.99102051, 3.24452811, 3.73091581, 3.26845011, 4.31446626, 3.14585084, 3.61719363, 2.66541931, 2.68294323, 2.27593836;3.3134992, 2.81885589, 2.92312397, 3.35865134, 2.98568605, 3.14585084, 4.69366167, 3.74636602, 2.5661398, 3.23136286, 1.87863543;3.09628328, 3.17415538, 3.16752814, 3.98113046, 3.22215133, 3.61719363, 3.74636602, 4.54669062, 2.71482113, 2.67937307, 1.99479485;3.26398204, 3.00516221, 2.58609314, 2.31706874, 2.21779231, 2.66541931, 2.5661398, 2.71482113, 3.6904134, 1.73491464, 1.42181951;2.79168062, 2.26737436, 2.50927104, 2.7094024, 2.29178277, 2.68294323, 3.23136286, 2.67937307, 1.73491464, 2.85906295, 1.44420864;1.72748736, 1.34903614, 1.70974929, 1.91106799, 2.18269428, 2.27593836, 1.87863543, 1.99479485, 1.42181951, 1.44420864, 1.67202558]
data_train = [0.929921763, 0.545083413, 0.661466205, 0.903273622, 0.0985468514, 0.232078578, 0.708900006, 0.823744462, 0.857029028, 0.415107177, 0.0893399023;0.437781477, 0.23073459, 0.291196455, 0.772267557, 0.075527086, 0.827581217, 0.427669086, 0.596063931, 0.0896522312, 0.337359078, 0.089700919;0.961543723, 0.807261649, 0.459632754, 0.223602548, 0.933455105, 0.344596596, 0.160984432, 0.563164388, 0.94377412, 0.0038302905, 0.238124843;0.93844764, 0.171085967, 0.113243452, 0.570187216, 0.861843823, 0.477109818, 0.994564257, 0.6791717, 0.0740749072, 0.992832132, 0.407894237;0.287402534, 0.557879184, 0.304307592, 0.0864575071, 0.00142834308, 0.449583353, 0.836863422, 0.572315186, 0.999207299, 0.286846646, 0.280455065;0.15974946, 0.164063588, 0.285186596, 0.792840045, 0.905756791, 0.97508717, 0.232289654, 0.881297546, 0.328255089, 0.112840545, 0.870024926;0.636105635, 0.164730896, 0.429831258, 0.287257695, 0.736794569, 0.453416231, 0.989279945, 0.0547449823, 0.355015266, 0.481900167, 0.503133555;0.315935822, 0.729240249, 0.874747073, 0.938719302, 0.805093377, 0.850580197, 0.550545301, 0.825888226, 0.303503909, 0.398478762, 0.316913014;0.467387335, 0.285579616, 0.961611442, 0.312844628, 0.0980445381, 0.526817166, 0.0570990784, 0.110543166, 0.219389389, 0.46435025, 0.433250932;0.799691862, 0.739474654, 0.426318294, 0.333704208, 0.316468784, 0.773995087, 0.0520724062, 0.0128216495, 0.795544392, 0.477146376, 0.130881139;0.235565935, 0.932503953, 0.859502976, 0.70978505, 0.48222523, 0.520323626, 0.975244535, 0.965770444, 0.215269046, 0.811104566, 0.197242666]
feature_class = 'simple'
data_test = [0.213537478, 0.676093034, 0.405001099, 0.931544407, 0.0890097349, 0.511525641, 0.91852153, 0.90411366, 0.156529213, 0.3666377, 0.6191214, 0.159394885, 0.968022172, 0.914749329, 0.166950179, 0.121155461, 0.0854084828;0.909443664, 0.19362381, 0.416284929, 0.448851366, 0.599011044, 0.0717353437, 0.226758617, 0.931490387, 0.908410107, 0.781290647, 0.0194012456, 0.327006768, 0.627958735, 0.275190212, 0.909586695, 0.633889462, 0.0719067173;0.909005589, 0.957766658, 0.0777124184, 0.532360235, 0.303364282, 0.392839076, 0.179651218, 0.578072102, 0.957979353, 0.5030726, 0.0829145814, 0.620001333, 0.340222994, 0.85592519, 0.434678148, 0.192839609, 0.191105623;0.768764181, 0.265587598, 0.767233394, 0.205887311, 0.321686369, 0.465486972, 0.94319585, 0.931731425, 0.206871875, 0.358219041, 0.149399388, 0.509985079, 0.460582551, 0.900760162, 0.930005378, 0.383567391, 0.491737943;0.896236249, 0.806707808, 0.00365631134, 0.320059564, 0.421774242, 0.229716284, 0.199571616, 0.0377845066, 0.643369725, 0.26251029, 0.0523471784, 0.230979311, 0.801913953, 0.851489182, 0.483066245, 0.41607067, 0.977853694;0.20056466, 0.215359283, 0.291867177, 0.172757318, 0.379365598, 0.910834227, 0.615347841, 0.411946549, 0.934410795, 0.0484642325, 0.210276178, 0.565888605, 0.615552623, 0.0395575066, 0.403038758, 0.649153965, 0.698070546;0.638139903, 0.320563224, 0.0935201236, 0.427112446, 0.128754437, 0.947623659, 0.475170866, 0.317259174, 0.766304071, 0.497948593, 0.310034024, 0.811967742, 0.867152151, 0.673008166, 0.0469644224, 0.56632288, 0.763294912;0.136503012, 0.228670751, 0.882495105, 0.0201217219, 0.752727138, 0.473773293, 0.446772159, 0.00709653249, 0.819398231, 0.359824901, 0.540765631, 0.677300686, 0.702629576, 0.955980059, 0.531339953, 0.399719551, 0.953703626;0.642110235, 0.298150356, 0.126464245, 0.842554501, 0.362181603, 0.660469721, 0.470816419, 0.19892978, 0.601686609, 0.060683069, 0.41334246, 0.54661494, 0.436046974, 0.748672175, 0.827924955, 0.771243074, 0.0388129478;0.19412877, 0.536607509, 0.93482204, 0.834956775, 0.842534508, 0.303208194, 0.429447897, 0.470705947, 0.157371583, 0.0310681302, 0.946902899, 0.240712586, 0.239948904, 0.0833790538, 0.928507752, 0.579737115, 0.667036857;0.911576887, 0.345620169, 0.621507311, 0.0387994547, 0.186772528, 0.831245805, 0.766768356, 0.350642691, 0.376810628, 0.533554434, 0.000241004685, 0.241244336, 0.208231809, 0.250482947, 0.805905843, 0.279673857, 0.191521322]
km_test = [3.60096938, 3.07595257, 2.69265369, 3.23614123, 2.32717352, 3.03262885, 3.3544795, 3.51148341, 3.23486102, 2.19538748, 2.17133366, 2.75820595, 3.48159834, 4.09621899, 3.56446325, 2.53532239, 2.53220924;3.10610367, 2.7409956, 2.52663984, 2.26246972, 2.2549593, 2.65929575, 2.64279354, 2.21176921, 2.9792326, 1.8841885, 1.76204317, 2.15852547, 2.72572545, 3.20573455, 3.21626914, 2.06674641, 2.46575275;3.11829302, 2.43114626, 2.46255429, 2.56226263, 2.22749688, 3.22276994, 2.98912627, 2.20539816, 3.3097705, 1.89450706, 1.95376329, 2.55213303, 3.13921525, 3.54731181, 3.3119869, 2.53078797, 2.36625058;2.99744871, 2.19071237, 3.02180749, 2.30048123, 2.40211063, 3.22747201, 3.47862196, 3.09240444, 3.46906534, 2.20127523, 1.891341, 2.58616699, 3.52835512, 3.37931357, 3.49517698, 2.58259449, 2.57899066;2.92779674, 2.18640213, 2.4568384, 1.65346125, 2.05174237, 3.2902191, 2.90748773, 2.45226367, 3.51862851, 1.84738952, 1.46327322, 2.96121245, 2.83974133, 3.20935926, 2.88419463, 2.29199337, 2.88718649;3.44901621, 2.43866822, 3.02416799, 2.50276748, 2.97268014, 3.37475516, 3.17734556, 2.84457835, 4.09657329, 2.10668861, 2.03948343, 2.96428073, 3.55668473, 3.29370484, 4.04258124, 3.21952059, 3.29377922;3.89008835, 2.53059983, 2.55196058, 2.01381539, 1.91762883, 3.38578338, 3.53813816, 2.88193156, 3.23413423, 2.47838429, 1.37935059, 2.63978345, 3.76687314, 4.00505577, 3.22072815, 2.39578626, 3.09551284;3.54323124, 2.62362058, 2.76607349, 1.99127945, 2.25535208, 3.25854201, 3.48314823, 3.032909, 3.69324148, 2.33410267, 1.40665012, 2.55298025, 3.55770352, 3.68564534, 3.51093288, 2.38088625, 2.75691033;2.90026885, 3.14705478, 1.820325, 2.74797782, 2.05019561, 2.423846, 2.36263931, 2.25430611, 2.94367165, 1.60267104, 1.86122308, 2.06256912, 3.09695185, 3.36053662, 2.59046902, 2.01288604, 2.6434892;2.93398908, 1.78944746, 2.51017223, 1.89081857, 1.8070413, 2.63990585, 2.97406654, 2.4312322, 2.22639333, 1.71323142, 1.45976782, 2.04082747, 2.55548123, 2.91470799, 3.20072378, 2.13207885, 2.14742542;1.90427058, 1.32911486, 1.28639277, 1.27754237, 1.32083941, 2.30913883, 1.91333351, 1.42985826, 2.40219968, 0.984699629, 0.965786732, 1.8954308, 2.09250349, 1.97711793, 1.89669007, 1.82832299, 1.96992219]
kparam0_scale = 1.0
accuracy = 1e-08
data_class = 'rand'
