name = 'LinearString'
feature_type = 'char'
data_type = ''
km_train = [1.00568378, 0.990056532, 0.987523743, 0.984639003, 1.01009573, 0.974655541, 0.987209501, 1.01185549, 0.96011243, 1.01132442, 0.997236957;0.990056532, 0.996712174, 0.983683708, 0.976173329, 1.00382661, 0.971689098, 0.983375751, 1.00702559, 0.959568792, 1.00573406, 0.992303361;0.987523743, 0.983683708, 0.990983545, 0.972974347, 0.999898586, 0.967915054, 0.980886956, 1.00624941, 0.957837319, 1.00419113, 0.990402198;0.984639003, 0.976173329, 0.972974347, 0.979369168, 0.994942992, 0.963741923, 0.973631113, 0.998622764, 0.949494199, 1.0008256, 0.984239916;1.01009573, 1.00382661, 0.999898586, 0.994942992, 1.03350046, 0.986643866, 1.00156721, 1.02430575, 0.976346162, 1.02744188, 1.01357125;0.974655541, 0.971689098, 0.967915054, 0.963741923, 0.986643866, 0.964819772, 0.965627374, 0.994286227, 0.943331917, 0.991960837, 0.976588128;0.987209501, 0.983375751, 0.980886956, 0.973631113, 1.00156721, 0.965627374, 0.990678731, 1.004056, 0.954339808, 1.00539467, 0.99062531;1.01185549, 1.00702559, 1.00624941, 0.998622764, 1.02430575, 0.994286227, 1.004056, 1.0427706, 0.979494865, 1.0295473, 1.01307474;0.96011243, 0.959568792, 0.957837319, 0.949494199, 0.976346162, 0.943331917, 0.954339808, 0.979494865, 0.939941248, 0.979651986, 0.966689511;1.01132442, 1.00573406, 1.00419113, 1.0008256, 1.02744188, 0.991960837, 1.00539467, 1.0295473, 0.979651986, 1.04156705, 1.01666967;0.997236957, 0.992303361, 0.990402198, 0.984239916, 1.01357125, 0.976588128, 0.99062531, 1.01307474, 0.966689511, 1.01666967, 1.01397348]
data_train = ['ATGGTTGTATCTATGTGTAGGTAGTGCCGAGCCTTGCGAATGCAGGTACAGTGCATCGAC', 'AATTCTCGCGTGGCTCTCGCTATTACCTTAGAGCGGATAATAGGGGATCCCATGGTGGCG', 'TCGTGCCCGCTTCTGCTAGGGCCGTCCCGTCCGGACACCCGAGTTACCTTGTCTGCGTCC', 'GGCACTACCAAAGTATGCAAGTATTTGGGAATAGTGGCTGACAGCTTCAGCAAGGTTAAT', 'ATTTGAACCTCGGGGTGTCGGTCTAGCCGCCCAATTTGCTATCTTCTTAGTGTATGCTGA', 'ACCGATGTTCGCGTTGTAGTACGGCTTTCACGACGCAAAGAAACGAGACCTACGTGTCCC', 'TGCCGCAGAAATACCGCTTACGTTACGGAACAACGTCTGTTTTCAGGCATGGGTCGTTCC', 'TCCACCATTTCCGTTCTTTTAAGCTTGGTTAATAGAGCTGCTTTCACTAAGTGAGTTCGG', 'TCTCGCCATATATGAGAGAATAATCAGGATGGAGAAGGCCACGTGCAGAGTACAGGCACC', 'TAGAAGAGATGATCTTAACCCTTGTTTCCGTGAGGTTTGCGTCTTGTACTCGCGTGTCTC', 'ATCTGCTAGGGATGCCCAGCACGGGCTCATTACTTTTGTCGTAACCCGGTTATAAGCTTT']
feature_class = 'string'
seqlen = 60
data_test = ['ATTCTAGGTCGGACCTGTGCTGCGCAGTTTCGACTTTCTAATGGGAAATTAGTCTAGAGT', 'TTTATGCTTAAGGTAACAATCCACTGTCCCCTCGAGTGGTGCCGGCCTACATAGAGTCGC']
km_test = [1.00312899, 0.987464037;0.998625906, 0.979328317;0.995807157, 0.980173627;0.990405341, 0.974504705;1.01974296, 0.998704467;0.981961663, 0.968245008;0.995756879, 0.978489291;1.02056627, 1.00639711;0.972735524, 0.955625057;1.01995978, 1.00330811;1.01025914, 0.988686438]
alphabet = 'DNA'
accuracy = 1e-08
data_class = 'dna'
