name = 'LocalAlignmentString'
feature_type = 'char'
data_type = ''
km_train = [63.597, 53.894, 56.282, 54.293, 54.474, 53.507, 53.758, 53.28, 53.327, 53.078, 52.471;53.894, 62.762, 55.355, 53.757, 53.962, 53.945, 54.987, 53.943, 54.462, 53.965, 52.785;56.282, 55.355, 63.86, 56, 54.368, 54.104, 55.546, 53.258, 54.714, 53.079, 52.913;54.293, 53.757, 56, 64.448, 54.562, 54.141, 54.959, 53.299, 54.833, 51.966, 53.332;54.474, 53.962, 54.368, 54.562, 62.4, 53.211, 53.595, 54.039, 55.513, 53.542, 52.71;53.507, 53.945, 54.104, 54.141, 53.211, 60.384, 53.78, 53.002, 52.587, 53.516, 52.179;53.758, 54.987, 55.546, 54.959, 53.595, 53.78, 62.65, 53.968, 55.642, 53.108, 54.065;53.28, 53.943, 53.258, 53.299, 54.039, 53.002, 53.968, 62.83, 54.947, 54.055, 53.598;53.327, 54.462, 54.714, 54.833, 55.513, 52.587, 55.642, 54.947, 64.863, 53.535, 54.105;53.078, 53.965, 53.079, 51.966, 53.542, 53.516, 53.108, 54.055, 53.535, 61.966, 52.686;52.471, 52.785, 52.913, 53.332, 52.71, 52.179, 54.065, 53.598, 54.105, 52.686, 63.483]
data_train = ['TTTCTCCCTGCCATGTGGAGAAGCGTCACCGCAATTTTAACACCGCAAATAATTGTTAGA', 'AATTTTACTGTCAGCGAGATCGCGCATGCGTACATCTCCGGTAGCTAGCGCGAGGAGCGC', 'TTCTTTACCCCGTGATATCGACACAATGCCGCTGTATCCCACAATACGATATTACGACGC', 'ACTACTACCACCTTGCCCCGACTCCATATGGTTACATAGTAAACATTCCGTACATACCAC', 'ACTCGTCTACAGATCTAATCAGAGGAACTCTATAACACGTCGACCGCCTAGTCCAAAGTG', 'ATCAATATAGTTCTACGTCGCACACGCAATGTGCACAAGGTCAGATAGATAGAACTATAG', 'ATCCTCAGGAACGAGATTCGCGACATGCTGCTTCGCAGTTAAACTAGGGTACTACCGCTC', 'TGATTTTGACAAACCTATAGAGGCTACTCGCTTCAGCTGTGGAGGTGACGCCCCTAGTTT', 'CTCGTGGACAAGCTCAGATAGCATGCTGAGGCCCGCATAAAGGCACGTCCCCCGCAGCAC', 'ACGTTCGATGTATCTTATAAGGGGCAGGCCATACGCCCGTGGTAAGGAGGCAGGATTTAC', 'ATGGAACCGCGGGCTGTAGACCGAGATTGGGGCGCGGGTAGCTCTTGGGCTCATTCCTTT']
feature_class = 'string'
seqlen = 60
data_test = ['GCACCTACTTAGTTCCGCACCAGCAATGCATCGTTTGGATGAGCACTCCTGAGGAAAACG', 'TTCACTAGTCGAATACTCTTCAGCAGATAAATGTCCACGGCTATACCCGCCGGTAGGCCC']
km_test = [53.686, 53.811;54.463, 55.267;54.391, 55.245;55.958, 55.201;54.235, 55.348;54.49, 53.291;54.034, 54.652;53.593, 53.649;54.269, 56.082;52.946, 53.418;52.635, 52.686]
alphabet = 'DNA'
accuracy = 1e-08
data_class = 'dna'
