name = 'LocalityImprovedStringKernel'
alphabet = 'DNA'
km_train = [1.84856892e-10, 2.94690855e-25, 3.38503486e-24, 8.24146563e-22, 2.66246939e-25, 1.32351975e-22, 1.44843293e-24, 2.84013802e-25, 1.38277638e-22, 1.96820523e-23, 1.74435847e-27;2.94690855e-25, 1.84856892e-10, 4.8552144e-25, 1.93489016e-26, 1.29390838e-23, 2.0105807e-26, 5.90675482e-25, 3.57655998e-24, 1.44427698e-26, 2.90983706e-23, 1.31052988e-23;3.38503486e-24, 4.8552144e-25, 1.84856892e-10, 4.0336344e-24, 3.85694268e-24, 2.31864633e-24, 9.03699266e-26, 8.16824807e-27, 5.32980441e-24, 1.73771173e-30, 5.7482831e-21;8.24146563e-22, 1.93489016e-26, 4.0336344e-24, 1.84856892e-10, 8.42872143e-25, 7.8739602e-24, 4.12734853e-28, 3.06942208e-24, 9.16857515e-28, 5.42347542e-25, 2.17321895e-25;2.66246939e-25, 1.29390838e-23, 3.85694268e-24, 8.42872143e-25, 1.84856892e-10, 1.55448555e-24, 4.46794851e-24, 2.13501622e-25, 4.77827784e-24, 2.02619366e-27, 1.78498141e-25;1.32351975e-22, 2.0105807e-26, 2.31864633e-24, 7.8739602e-24, 1.55448555e-24, 1.84856892e-10, 1.40657804e-27, 1.51793752e-24, 3.77680795e-22, 5.18449392e-23, 2.80594168e-25;1.44843293e-24, 5.90675482e-25, 9.03699266e-26, 4.12734853e-28, 4.46794851e-24, 1.40657804e-27, 1.84856892e-10, 1.3100158e-23, 4.98001104e-25, 7.19624067e-25, 3.70576482e-24;2.84013802e-25, 3.57655998e-24, 8.16824807e-27, 3.06942208e-24, 2.13501622e-25, 1.51793752e-24, 1.3100158e-23, 1.84856892e-10, 2.3729577e-27, 3.23317111e-24, 1.57112811e-24;1.38277638e-22, 1.44427698e-26, 5.32980441e-24, 9.16857515e-28, 4.77827784e-24, 3.77680795e-22, 4.98001104e-25, 2.3729577e-27, 1.84856892e-10, 9.79952928e-27, 9.59166413e-29;1.96820523e-23, 2.90983706e-23, 1.73771173e-30, 5.42347542e-25, 2.02619366e-27, 5.18449392e-23, 7.19624067e-25, 3.23317111e-24, 9.79952928e-27, 1.84856892e-10, 7.55412545e-29;1.74435847e-27, 1.31052988e-23, 5.7482831e-21, 2.17321895e-25, 1.78498141e-25, 2.80594168e-25, 3.70576482e-24, 1.57112811e-24, 9.59166413e-29, 7.55412545e-29, 1.84856892e-10]
outer_degree = 7
data_train = ['CAATCCACGCGGAATCCTTAAAATTAGGCTTCCTTAGCCTCTGCGTAACCAGAAGACTTC', 'TCAAAAGTCAAAGATGCGATCCCGTGCGTTGTACTGTTCATTTTCTAGAGGGTATGACCT', 'GCTACCCGAAAATGAAAAAGAGTATACGCAGGAGCAAAGTAGCCGCGAAAAACATTATGT', 'CGACAGCACCTCCTATAGAAAGCCCCGACTAGAGTAAATCAATAGGCAGCAGATGGGCTC', 'TATGATCGCGAACTGAAAAGAAAAGTGCATCGAGAAATGAGTGCAAACTCGGGCTTTCCG', 'ATAAACGAATGACGAAACGGGGAGCCAGGATCCTTATTGAATGATGTTTCAAACAGCTAT', 'TTTTCTTCACCATCATCTGTTGAATATTCGTAGACTTGACGAGTCTGCTTGGGATTCATA', 'GGGTTTGAGCACATGTACGCCAGAGTCCCTTAGTTTTTATTAGAACCACGGTCAAGGCAA', 'CGTAGAAGGCAGCGAATTAGGATAACTGCTTCCTCTGGGATTACCATGTTAACCGAAGTG', 'ACGACCATAGCCACATGTGTCTAGACATTTGTCTTTGCCCAAGGCGACGGTTAGAACCCT', 'CGCAAGGTTATTAGTCTTGGGGAAGAGTGCGAGCAAAAAATGCTGCGAAATGTCTGGAAT']
size_ = 10
seqlen = 60
data_test = ['GCAGGACCGGGTACTACCACATAGGCCACGTAGATCCGTGGCGGGATGGCCTAATTGTTG', 'AAGGTTGCGTACTCGGACCAATCGCTCCTTATCCAAGCCGTAGATGTAACCATACTCTAC']
length = 51
km_test = [1.87992506e-24, 2.49993631e-23;5.95221163e-29, 5.92966362e-26;2.28222387e-27, 2.34221637e-26;3.85114254e-25, 2.03624241e-25;5.36897809e-26, 1.19081536e-27;1.63887217e-26, 7.27068889e-23;5.68000919e-24, 4.10382649e-29;7.6616119e-26, 4.69076949e-25;1.10926928e-26, 1.22797133e-29;5.87620218e-27, 1.90304803e-25;8.14543697e-29, 1.1398526e-27]
inner_degree = 5
