name = 'LocalityImprovedStringKernel'
alphabet = 'DNA'
km_train = [1.29540314e-05, 138.625563, 68.813304, 11.7933614, 143.123143, 21.7305347, 88.27332, 139.366099, 21.2506191, 39.8631815, 532.697634;138.625563, 1.29540314e-05, 122.141245, 293.833445, 46.0538042, 290.81912, 115.09598, 68.2239164, 315.716225, 35.8391142, 45.7094407;68.813304, 122.141245, 1.29540314e-05, 64.2568978, 64.8731613, 76.2668413, 191.705122, 366.102453, 59.0423017, 2606.72109, 5.81606074;11.7933614, 293.833445, 64.2568978, 1.29540314e-05, 101.856526, 52.6910053, 771.506064, 70.9519395, 635.620599, 117.790667, 152.819841;143.123143, 46.0538042, 64.8731613, 101.856526, 1.29540314e-05, 85.543708, 63.670657, 150.810999, 61.4564625, 537.799721, 160.273501;21.7305347, 290.81912, 76.2668413, 52.6910053, 85.543708, 1.29540314e-05, 565.298067, 87.5945237, 15.080482, 29.427598, 142.79066;88.27332, 115.09598, 191.705122, 771.506064, 63.670657, 565.298067, 1.29540314e-05, 45.2228104, 119.936943, 106.443596, 66.9246902;139.366099, 68.2239164, 366.102453, 70.9519395, 150.810999, 87.5945237, 45.2228104, 1.29540314e-05, 491.479812, 69.591377, 87.4169062;21.2506191, 315.716225, 59.0423017, 635.620599, 61.4564625, 15.080482, 119.936943, 491.479812, 1.29540314e-05, 345.841875, 1063.35899;39.8631815, 35.8391142, 2606.72109, 117.790667, 537.799721, 29.427598, 106.443596, 69.591377, 345.841875, 1.29540314e-05, 1137.11768;532.697634, 45.7094407, 5.81606074, 152.819841, 160.273501, 142.79066, 66.9246902, 87.4169062, 1063.35899, 1137.11768, 1.29540314e-05]
outer_degree = 7
data_train = ['CAATCCACGCGGAATCCTTAAAATTAGGCTTCCTTAGCCTCTGCGTAACCAGAAGACTTC', 'TCAAAAGTCAAAGATGCGATCCCGTGCGTTGTACTGTTCATTTTCTAGAGGGTATGACCT', 'GCTACCCGAAAATGAAAAAGAGTATACGCAGGAGCAAAGTAGCCGCGAAAAACATTATGT', 'CGACAGCACCTCCTATAGAAAGCCCCGACTAGAGTAAATCAATAGGCAGCAGATGGGCTC', 'TATGATCGCGAACTGAAAAGAAAAGTGCATCGAGAAATGAGTGCAAACTCGGGCTTTCCG', 'ATAAACGAATGACGAAACGGGGAGCCAGGATCCTTATTGAATGATGTTTCAAACAGCTAT', 'TTTTCTTCACCATCATCTGTTGAATATTCGTAGACTTGACGAGTCTGCTTGGGATTCATA', 'GGGTTTGAGCACATGTACGCCAGAGTCCCTTAGTTTTTATTAGAACCACGGTCAAGGCAA', 'CGTAGAAGGCAGCGAATTAGGATAACTGCTTCCTCTGGGATTACCATGTTAACCGAAGTG', 'ACGACCATAGCCACATGTGTCTAGACATTTGTCTTTGCCCAAGGCGACGGTTAGAACCCT', 'CGCAAGGTTATTAGTCTTGGGGAAGAGTGCGAGCAAAAAATGCTGCGAAATGTCTGGAAT']
size_ = 10
seqlen = 60
data_test = ['GCAGGACCGGGTACTACCACATAGGCCACGTAGATCCGTGGCGGGATGGCCTAATTGTTG', 'AAGGTTGCGTACTCGGACCAATCGCTCCTTATCCAAGCCGTAGATGTAACCATACTCTAC']
length = 51
km_test = [1.5443829e-23, 1.87400859e-22;8.61814126e-28, 5.69088203e-25;2.75878446e-26, 2.47600947e-25;3.49786256e-24, 1.87039417e-24;5.36023268e-25, 1.41373768e-26;1.72101263e-25, 5.16484043e-22;4.49129583e-23, 6.29828186e-28;7.34015913e-25, 3.98300243e-24;1.21101967e-25, 1.97972101e-28;6.39546157e-26, 1.73674231e-24;1.17607971e-27, 1.43977706e-26]
inner_degree = 5
