name = 'LocalAlignmentString'
feature_type = 'char'
data_type = ''
km_train = [60.433, 52.607, 54.238, 52.26, 53.705, 54.126, 52.659, 52.208, 53.538, 53.108, 52.285;52.607, 63.031, 54.337, 52.202, 53.432, 54.478, 53.448, 54.02, 52.794, 53.01, 53.421;54.238, 54.337, 66.781, 52.013, 55.282, 56.239, 55.54, 53.686, 53.878, 53.942, 54.644;52.26, 52.202, 52.013, 60.419, 51.772, 52.071, 53.339, 54.187, 54.016, 52.137, 52.413;53.705, 53.432, 55.282, 51.772, 62.864, 53.137, 53.129, 53.186, 51.273, 53.046, 54.499;54.126, 54.478, 56.239, 52.071, 53.137, 63.058, 54.46, 53.508, 53.864, 53.376, 52.955;52.659, 53.448, 55.54, 53.339, 53.129, 54.46, 62.791, 54.282, 53.565, 54.253, 53.86;52.208, 54.02, 53.686, 54.187, 53.186, 53.508, 54.282, 62.23, 53.498, 53.003, 52.409;53.538, 52.794, 53.878, 54.016, 51.273, 53.864, 53.565, 53.498, 61.874, 51.913, 51.915;53.108, 53.01, 53.942, 52.137, 53.046, 53.376, 54.253, 53.003, 51.913, 62.283, 53.23;52.285, 53.421, 54.644, 52.413, 54.499, 52.955, 53.86, 52.409, 51.915, 53.23, 63.016]
data_train = ['ATGGTTGTATCTATGTGTAGGTAGTGCCGAGCCTTGCGAATGCAGGTACAGTGCATCGAC', 'AATTCTCGCGTGGCTCTCGCTATTACCTTAGAGCGGATAATAGGGGATCCCATGGTGGCG', 'TCGTGCCCGCTTCTGCTAGGGCCGTCCCGTCCGGACACCCGAGTTACCTTGTCTGCGTCC', 'GGCACTACCAAAGTATGCAAGTATTTGGGAATAGTGGCTGACAGCTTCAGCAAGGTTAAT', 'ATTTGAACCTCGGGGTGTCGGTCTAGCCGCCCAATTTGCTATCTTCTTAGTGTATGCTGA', 'ACCGATGTTCGCGTTGTAGTACGGCTTTCACGACGCAAAGAAACGAGACCTACGTGTCCC', 'TGCCGCAGAAATACCGCTTACGTTACGGAACAACGTCTGTTTTCAGGCATGGGTCGTTCC', 'TCCACCATTTCCGTTCTTTTAAGCTTGGTTAATAGAGCTGCTTTCACTAAGTGAGTTCGG', 'TCTCGCCATATATGAGAGAATAATCAGGATGGAGAAGGCCACGTGCAGAGTACAGGCACC', 'TAGAAGAGATGATCTTAACCCTTGTTTCCGTGAGGTTTGCGTCTTGTACTCGCGTGTCTC', 'ATCTGCTAGGGATGCCCAGCACGGGCTCATTACTTTTGTCGTAACCCGGTTATAAGCTTT']
feature_class = 'string'
seqlen = 60
data_test = ['ATTCTAGGTCGGACCTGTGCTGCGCAGTTTCGACTTTCTAATGGGAAATTAGTCTAGAGT', 'TTTATGCTTAAGGTAACAATCCACTGTCCCCTCGAGTGGTGCCGGCCTACATAGAGTCGC']
km_test = [52.787, 53.911;53.978, 54.024;53.571, 55.286;51.828, 52.146;54.409, 54.062;53.044, 54.128;52.957, 53.645;52.831, 52.792;51.194, 53.439;52.551, 54.843;54.39, 54.27]
alphabet = 'DNA'
accuracy = 1e-08
data_class = 'dna'
