name = 'LocalityImprovedStringKernel'
alphabet = 'DNA'
km_train = [3.3322417e+34, 2.60165476e+33, 3.00413581e+33, 4.23490975e+33, 2.59816598e+33, 3.73333748e+33, 2.85420408e+33, 2.58109944e+33, 3.69369005e+33, 3.29709638e+33, 1.99242381e+33;2.60165476e+33, 3.3322417e+34, 2.70748191e+33, 2.2766366e+33, 3.26854483e+33, 2.28441409e+33, 2.7295062e+33, 3.03130778e+33, 2.23654632e+33, 3.44640591e+33, 3.26071399e+33;3.00413581e+33, 2.70748191e+33, 3.3322417e+34, 2.96871975e+33, 2.92948471e+33, 2.9066809e+33, 2.43100096e+33, 2.17275651e+33, 3.01007369e+33, 1.47257584e+33, 4.70517322e+33;4.23490975e+33, 2.2766366e+33, 2.96871975e+33, 3.3322417e+34, 2.72083873e+33, 3.10607298e+33, 1.88614166e+33, 2.98357639e+33, 1.95699758e+33, 2.71449268e+33, 2.58817458e+33;2.59816598e+33, 3.26854483e+33, 2.92948471e+33, 2.72083873e+33, 3.3322417e+34, 2.829418e+33, 3.0679225e+33, 2.53821794e+33, 3.02898721e+33, 2.06688699e+33, 2.54370473e+33;3.73333748e+33, 2.28441409e+33, 2.9066809e+33, 3.10607298e+33, 2.829418e+33, 3.3322417e+34, 1.98031255e+33, 2.87536166e+33, 3.87293786e+33, 3.51490226e+33, 2.63262703e+33;2.85420408e+33, 2.7295062e+33, 2.43100096e+33, 1.88614166e+33, 3.0679225e+33, 1.98031255e+33, 3.3322417e+34, 3.22145462e+33, 2.68797304e+33, 2.68958453e+33, 3.01299046e+33;2.58109944e+33, 3.03130778e+33, 2.17275651e+33, 2.98357639e+33, 2.53821794e+33, 2.87536166e+33, 3.22145462e+33, 3.3322417e+34, 2.01426272e+33, 2.98508612e+33, 2.90272112e+33;3.69369005e+33, 2.23654632e+33, 3.01007369e+33, 1.95699758e+33, 3.02898721e+33, 3.87293786e+33, 2.68797304e+33, 2.01426272e+33, 3.3322417e+34, 2.17487569e+33, 1.73893057e+33;3.29709638e+33, 3.44640591e+33, 1.47257584e+33, 2.71449268e+33, 2.06688699e+33, 3.51490226e+33, 2.68958453e+33, 2.98508612e+33, 2.17487569e+33, 3.3322417e+34, 1.73437476e+33;1.99242381e+33, 3.26071399e+33, 4.70517322e+33, 2.58817458e+33, 2.54370473e+33, 2.63262703e+33, 3.01299046e+33, 2.90272112e+33, 1.73893057e+33, 1.73437476e+33, 3.3322417e+34]
outer_degree = 7
data_train = ['CAATCCACGCGGAATCCTTAAAATTAGGCTTCCTTAGCCTCTGCGTAACCAGAAGACTTC', 'TCAAAAGTCAAAGATGCGATCCCGTGCGTTGTACTGTTCATTTTCTAGAGGGTATGACCT', 'GCTACCCGAAAATGAAAAAGAGTATACGCAGGAGCAAAGTAGCCGCGAAAAACATTATGT', 'CGACAGCACCTCCTATAGAAAGCCCCGACTAGAGTAAATCAATAGGCAGCAGATGGGCTC', 'TATGATCGCGAACTGAAAAGAAAAGTGCATCGAGAAATGAGTGCAAACTCGGGCTTTCCG', 'ATAAACGAATGACGAAACGGGGAGCCAGGATCCTTATTGAATGATGTTTCAAACAGCTAT', 'TTTTCTTCACCATCATCTGTTGAATATTCGTAGACTTGACGAGTCTGCTTGGGATTCATA', 'GGGTTTGAGCACATGTACGCCAGAGTCCCTTAGTTTTTATTAGAACCACGGTCAAGGCAA', 'CGTAGAAGGCAGCGAATTAGGATAACTGCTTCCTCTGGGATTACCATGTTAACCGAAGTG', 'ACGACCATAGCCACATGTGTCTAGACATTTGTCTTTGCCCAAGGCGACGGTTAGAACCCT', 'CGCAAGGTTATTAGTCTTGGGGAAGAGTGCGAGCAAAAAATGCTGCGAAATGTCTGGAAT']
size_ = 10
seqlen = 60
data_test = ['GCAGGACCGGGTACTACCACATAGGCCACGTAGATCCGTGGCGGGATGGCCTAATTGTTG', 'AAGGTTGCGTACTCGGACCAATCGCTCCTTATCCAAGCCGTAGATGTAACCATACTCTAC']
length = 51
km_test = [1.72674706e+37, 1.98974752e+37;1.11409661e+37, 1.46480329e+37;1.30373637e+37, 1.43623842e+37;1.62419308e+37, 1.56264144e+37;1.48169808e+37, 1.24378589e+37;1.39982537e+37, 2.09251407e+37;1.83271967e+37, 1.11052764e+37;1.48842121e+37, 1.59289e+37;1.38878904e+37, 1.05295895e+37;1.32929385e+37, 1.54948731e+37;1.13293893e+37, 1.27120585e+37]
inner_degree = 5
