name = 'LocalAlignmentString'
feature_type = 'Char'
data_type = ''
km_train = [62.836, 53.445, 54.044, 55.068, 54.191, 52.753, 53.35, 53.094, 53.403, 54.019, 53.352;53.445, 63.625, 52.78, 54.081, 52.881, 54.299, 53.619, 53.384, 53.565, 54.238, 53.12;54.044, 52.78, 63.009, 55.195, 53.379, 53.558, 54.122, 54.418, 54.339, 54.574, 53.736;55.068, 54.081, 55.195, 65.485, 52.857, 53.468, 55.195, 54.496, 55.146, 54.616, 53.681;54.191, 52.881, 53.379, 52.857, 60.704, 53.378, 53.404, 53.198, 51.607, 52.872, 52.107;52.753, 54.299, 53.558, 53.468, 53.378, 61.841, 55.139, 53.453, 52.744, 54.775, 53.821;53.35, 53.619, 54.122, 55.195, 53.404, 55.139, 62.812, 53.996, 54.504, 54.763, 53.581;53.094, 53.384, 54.418, 54.496, 53.198, 53.453, 53.996, 62.881, 53.221, 53.555, 53.791;53.403, 53.565, 54.339, 55.146, 51.607, 52.744, 54.504, 53.221, 62.912, 54.559, 53.418;54.019, 54.238, 54.574, 54.616, 52.872, 54.775, 54.763, 53.555, 54.559, 62.913, 53.991;53.352, 53.12, 53.736, 53.681, 52.107, 53.821, 53.581, 53.791, 53.418, 53.991, 61.771]
data_train = ['GACGTGACGGCCGTGTGATTCTTTGAAACGGGGCCGGCAGCTAATCATGCGTGTGCACCG', 'CTGTTTTCTTCGCGGGTCCCATAATAGGGGTATCGTCCCCAGTTATTTAACGGTACGATC', 'CAGCGTACCGCCTGAAGTGAAACACATTTCAACACAAAATCAGTGGCGCCATAGGCCAGA', 'AGGCTGACGTCAGAGCGACCCCAACCAGCAAACGACGGGCTGACTCTGTTCGTCCCCGAC', 'TAAGAGCGTAGCTCGCGGAATTCAGATTTGGAGGAGTTCAAGTGAGCGAGAATGGCACCT', 'ACTTAGTTCCGCACCAGCAATGCATCGTTTGGATGAGCACTCCTGAGGAAAACGATATGA', 'ATGGGCACAAACTGCGCAGACCTCTTCAGCGTAATAGCAAACTCCCTGAAAGCGATTACT', 'CCAAACACTTGGGAGAACATCGCGCAACTGAGAGATTTTGCGCCTCGTTGTGATAGCCTA', 'GTGAGCTTGCAATGAGTGTGGCCCTATGCATCCTACGTATTCCGTTCCCGTGCCAGTATG', 'GACTCTAGCTCGACACATTTGCGAGTCCGATGCTCCACTCGAAAACAGTCCGGATGACAA', 'CGCTACCGATAGGGACATTACCGATTGGCAGGCCTGCATATGATGAACCACTTAAAATGT']
feature_class = 'string'
seqlen = 60
data_test = ['GCGATGAGCGGTAGCGGTTGTTTAAACGAGGCATCTAGGATGTCAACGCGCGCGCTTCGC', 'CTTCGGTCCCGCCAGAACAGCCGAATCCACGGGACTTACAACAGGAATAGCGCAAACGCA']
km_test = [55.488, 54.228;52.738, 54.464;53.781, 56.065;54.224, 55.782;53.879, 53.634;52.11, 55.373;53.086, 54.921;52.953, 53.614;53.815, 52.972;53.012, 55.339;52.973, 54.126]
alphabet = 'DNA'
accuracy = 1e-08
data_class = 'dna'
