name = 'LocalAlignmentString'
feature_type = 'char'
data_type = ''
km_train = [60.427, 52.594, 54.224, 52.248, 53.691, 54.114, 52.646, 52.196, 53.527, 53.097, 52.272;52.594, 63.024, 54.323, 52.189, 53.418, 54.466, 53.435, 54.008, 52.783, 52.997, 53.408;54.224, 54.323, 66.78, 51.999, 55.268, 56.224, 55.526, 53.672, 53.866, 53.927, 54.63;52.248, 52.189, 51.999, 60.413, 51.76, 52.059, 53.328, 54.178, 54.006, 52.125, 52.401;53.691, 53.418, 55.268, 51.76, 62.858, 53.124, 53.115, 53.173, 51.259, 53.033, 54.488;54.114, 54.466, 56.224, 52.059, 53.124, 63.054, 54.45, 53.497, 53.854, 53.361, 52.943;52.646, 53.435, 55.526, 53.328, 53.115, 54.45, 62.787, 54.272, 53.554, 54.242, 53.847;52.196, 54.008, 53.672, 54.178, 53.173, 53.497, 54.272, 62.225, 53.487, 52.989, 52.395;53.527, 52.783, 53.866, 54.006, 51.259, 53.854, 53.554, 53.487, 61.87, 51.901, 51.903;53.097, 52.997, 53.927, 52.125, 53.033, 53.361, 54.242, 52.989, 51.901, 62.278, 53.216;52.272, 53.408, 54.63, 52.401, 54.488, 52.943, 53.847, 52.395, 51.903, 53.216, 63.011]
data_train = ['ATGGTTGTATCTATGTGTAGGTAGTGCCGAGCCTTGCGAATGCAGGTACAGTGCATCGAC', 'AATTCTCGCGTGGCTCTCGCTATTACCTTAGAGCGGATAATAGGGGATCCCATGGTGGCG', 'TCGTGCCCGCTTCTGCTAGGGCCGTCCCGTCCGGACACCCGAGTTACCTTGTCTGCGTCC', 'GGCACTACCAAAGTATGCAAGTATTTGGGAATAGTGGCTGACAGCTTCAGCAAGGTTAAT', 'ATTTGAACCTCGGGGTGTCGGTCTAGCCGCCCAATTTGCTATCTTCTTAGTGTATGCTGA', 'ACCGATGTTCGCGTTGTAGTACGGCTTTCACGACGCAAAGAAACGAGACCTACGTGTCCC', 'TGCCGCAGAAATACCGCTTACGTTACGGAACAACGTCTGTTTTCAGGCATGGGTCGTTCC', 'TCCACCATTTCCGTTCTTTTAAGCTTGGTTAATAGAGCTGCTTTCACTAAGTGAGTTCGG', 'TCTCGCCATATATGAGAGAATAATCAGGATGGAGAAGGCCACGTGCAGAGTACAGGCACC', 'TAGAAGAGATGATCTTAACCCTTGTTTCCGTGAGGTTTGCGTCTTGTACTCGCGTGTCTC', 'ATCTGCTAGGGATGCCCAGCACGGGCTCATTACTTTTGTCGTAACCCGGTTATAAGCTTT']
feature_class = 'string'
seqlen = 60
data_test = ['ATTCTAGGTCGGACCTGTGCTGCGCAGTTTCGACTTTCTAATGGGAAATTAGTCTAGAGT', 'TTTATGCTTAAGGTAACAATCCACTGTCCCCTCGAGTGGTGCCGGCCTACATAGAGTCGC']
km_test = [52.775, 53.899;53.967, 54.012;53.558, 55.274;51.816, 52.133;54.398, 54.049;53.031, 54.114;52.944, 53.632;52.821, 52.778;51.181, 53.428;52.539, 54.83;54.379, 54.257]
alphabet = 'DNA'
accuracy = 1e-08
data_class = 'dna'
