name = 'LocalityImprovedStringKernel'
alphabet = 'DNA'
km_train = [2.67766373e-21, 2.61108396e-08, 8.69761839e-09, 5.12466991e-10, 2.77684902e-08, 1.34416243e-09, 1.28869987e-08, 2.58711297e-08, 1.24597493e-09, 3.50659583e-09, 2.19793456e-07;2.61108396e-08, 2.67766373e-21, 2.23096329e-08, 8.94033803e-08, 4.66511479e-09, 8.77788412e-08, 2.00886781e-08, 8.81059756e-09, 9.90332673e-08, 3.14244646e-09, 4.55455747e-09;8.69761839e-09, 2.23096329e-08, 2.67766373e-21, 7.26784851e-09, 7.20063193e-09, 9.88404343e-09, 4.3530179e-08, 1.25543939e-07, 6.31016989e-09, 2.71714675e-06, 1.47598816e-10;5.12466991e-10, 8.94033803e-08, 7.26784851e-09, 2.67766373e-21, 1.53335487e-08, 5.38981539e-09, 4.11597515e-07, 9.18621462e-09, 3.02955067e-07, 2.07585203e-08, 3.16584409e-08;2.77684902e-08, 4.66511479e-09, 7.20063193e-09, 1.53335487e-08, 2.67766373e-21, 1.17504198e-08, 7.82787083e-09, 2.92782053e-08, 6.98482871e-09, 2.44990785e-07, 3.35043898e-08;1.34416243e-09, 8.77788412e-08, 9.88404343e-09, 5.38981539e-09, 1.17504198e-08, 2.67766373e-21, 2.45269112e-07, 1.29893779e-08, 6.70933544e-10, 2.18107972e-09, 2.86942144e-08;1.28869987e-08, 2.00886781e-08, 4.3530179e-08, 4.11597515e-07, 7.82787083e-09, 2.45269112e-07, 2.67766373e-21, 4.28292248e-09, 2.09333018e-08, 1.63561868e-08, 8.30274738e-09;2.58711297e-08, 8.81059756e-09, 1.25543939e-07, 9.18621462e-09, 2.92782053e-08, 1.29893779e-08, 4.28292248e-09, 2.67766373e-21, 1.91360226e-07, 8.78285005e-09, 1.32479426e-08;1.24597493e-09, 9.90332673e-08, 6.31016989e-09, 3.02955067e-07, 6.98482871e-09, 6.70933544e-10, 2.09333018e-08, 1.91360226e-07, 2.67766373e-21, 1.11811742e-07, 6.53639164e-07;3.50659583e-09, 3.14244646e-09, 2.71714675e-06, 2.07585203e-08, 2.44990785e-07, 2.18107972e-09, 1.63561868e-08, 8.78285005e-09, 1.11811742e-07, 2.67766373e-21, 7.43011497e-07;2.19793456e-07, 4.55455747e-09, 1.47598816e-10, 3.16584409e-08, 3.35043898e-08, 2.86942144e-08, 8.30274738e-09, 1.32479426e-08, 6.53639164e-07, 7.43011497e-07, 2.67766373e-21]
outer_degree = 7
data_train = ['CAATCCACGCGGAATCCTTAAAATTAGGCTTCCTTAGCCTCTGCGTAACCAGAAGACTTC', 'TCAAAAGTCAAAGATGCGATCCCGTGCGTTGTACTGTTCATTTTCTAGAGGGTATGACCT', 'GCTACCCGAAAATGAAAAAGAGTATACGCAGGAGCAAAGTAGCCGCGAAAAACATTATGT', 'CGACAGCACCTCCTATAGAAAGCCCCGACTAGAGTAAATCAATAGGCAGCAGATGGGCTC', 'TATGATCGCGAACTGAAAAGAAAAGTGCATCGAGAAATGAGTGCAAACTCGGGCTTTCCG', 'ATAAACGAATGACGAAACGGGGAGCCAGGATCCTTATTGAATGATGTTTCAAACAGCTAT', 'TTTTCTTCACCATCATCTGTTGAATATTCGTAGACTTGACGAGTCTGCTTGGGATTCATA', 'GGGTTTGAGCACATGTACGCCAGAGTCCCTTAGTTTTTATTAGAACCACGGTCAAGGCAA', 'CGTAGAAGGCAGCGAATTAGGATAACTGCTTCCTCTGGGATTACCATGTTAACCGAAGTG', 'ACGACCATAGCCACATGTGTCTAGACATTTGTCTTTGCCCAAGGCGACGGTTAGAACCCT', 'CGCAAGGTTATTAGTCTTGGGGAAGAGTGCGAGCAAAAAATGCTGCGAAATGTCTGGAAT']
size_ = 10
seqlen = 60
data_test = ['GCAGGACCGGGTACTACCACATAGGCCACGTAGATCCGTGGCGGGATGGCCTAATTGTTG', 'AAGGTTGCGTACTCGGACCAATCGCTCCTTATCCAAGCCGTAGATGTAACCATACTCTAC']
length = 51
km_test = [1.58032664e-42, 1.05814777e-44;4.99760583e-35, 9.81338864e-40;6.54430811e-37, 1.50503148e-38;7.62147329e-41, 1.45025391e-40;2.57383878e-39, 5.71182898e-37;1.41846554e-38, 4.93358738e-46;2.36334657e-43, 1.41605205e-34;8.09489032e-40, 1.07816194e-41;3.70960949e-38, 3.81581212e-34;5.0738467e-38, 1.30505863e-40;4.45180023e-35, 1.74132379e-36]
inner_degree = 5
