name = 'LocalAlignmentStringKernel'
alphabet = 'DNA'
km_test = [53.951, 54.854;52.551, 53.025;53.726, 52.266;54.178, 53.509;52.739, 53.158;52.739, 53.853;52.536, 52.827;52.813, 54.343;53.136, 53.582;53.671, 54.203;52.42, 51.598]
km_train = [63.505, 53.481, 53.962, 54.602, 53.522, 53.036, 53.917, 53.085, 54.284, 55.357, 51.958;53.481, 61.383, 51.905, 53.62, 52.413, 53.68, 52.751, 53.264, 52.959, 54.439, 51.983;53.962, 51.905, 61.547, 53.529, 54.152, 53.041, 52.699, 51.571, 52.717, 53.104, 53.688;54.602, 53.62, 53.529, 63.156, 53.796, 52.777, 53.238, 53.978, 53.101, 54.464, 52.825;53.522, 52.413, 54.152, 53.796, 61.077, 53.373, 53.266, 52.559, 52.709, 52.78, 52.815;53.036, 53.68, 53.041, 52.777, 53.373, 60.616, 51.653, 53.829, 53.474, 52.645, 52.389;53.917, 52.751, 52.699, 53.238, 53.266, 51.653, 61.23, 52.618, 51.683, 53.964, 51.924;53.085, 53.264, 51.571, 53.978, 52.559, 53.829, 52.618, 62.506, 53.341, 53.804, 51.533;54.284, 52.959, 52.717, 53.101, 52.709, 53.474, 51.683, 53.341, 61.154, 53.167, 52.103;55.357, 54.439, 53.104, 54.464, 52.78, 52.645, 53.964, 53.804, 53.167, 63.185, 51.948;51.958, 51.983, 53.688, 52.825, 52.815, 52.389, 51.924, 51.533, 52.103, 51.948, 60.514]
data_train = ['CAATCCACGCGGAATCCTTAAAATTAGGCTTCCTTAGCCTCTGCGTAACCAGAAGACTTC', 'TCAAAAGTCAAAGATGCGATCCCGTGCGTTGTACTGTTCATTTTCTAGAGGGTATGACCT', 'GCTACCCGAAAATGAAAAAGAGTATACGCAGGAGCAAAGTAGCCGCGAAAAACATTATGT', 'CGACAGCACCTCCTATAGAAAGCCCCGACTAGAGTAAATCAATAGGCAGCAGATGGGCTC', 'TATGATCGCGAACTGAAAAGAAAAGTGCATCGAGAAATGAGTGCAAACTCGGGCTTTCCG', 'ATAAACGAATGACGAAACGGGGAGCCAGGATCCTTATTGAATGATGTTTCAAACAGCTAT', 'TTTTCTTCACCATCATCTGTTGAATATTCGTAGACTTGACGAGTCTGCTTGGGATTCATA', 'GGGTTTGAGCACATGTACGCCAGAGTCCCTTAGTTTTTATTAGAACCACGGTCAAGGCAA', 'CGTAGAAGGCAGCGAATTAGGATAACTGCTTCCTCTGGGATTACCATGTTAACCGAAGTG', 'ACGACCATAGCCACATGTGTCTAGACATTTGTCTTTGCCCAAGGCGACGGTTAGAACCCT', 'CGCAAGGTTATTAGTCTTGGGGAAGAGTGCGAGCAAAAAATGCTGCGAAATGTCTGGAAT']
size_ = 10
seqlen = 60
data_test = ['GCAGGACCGGGTACTACCACATAGGCCACGTAGATCCGTGGCGGGATGGCCTAATTGTTG', 'AAGGTTGCGTACTCGGACCAATCGCTCCTTATCCAAGCCGTAGATGTAACCATACTCTAC']
