name = 'LocalAlignmentString'
feature_type = 'char'
data_type = ''
km_train = [64.974, 54.466, 52.403, 55.472, 54.131, 55.472, 55.015, 53.989, 55.996, 55.873, 53.832;54.466, 62.534, 52.316, 54.923, 52.655, 53.32, 54.114, 54.662, 53.748, 54.948, 53.29;52.403, 52.316, 61.069, 52.755, 52.359, 52.296, 52.561, 52.02, 52.812, 52.831, 52.753;55.472, 54.923, 52.755, 61.986, 53.596, 54.309, 52.91, 53.632, 53.838, 56.078, 54.109;54.131, 52.655, 52.359, 53.596, 61.295, 52.567, 54.436, 53.685, 53.938, 54.081, 54.515;55.472, 53.32, 52.296, 54.309, 52.567, 63.044, 54.666, 51.911, 54.654, 54.576, 52.994;55.015, 54.114, 52.561, 52.91, 54.436, 54.666, 65.063, 54.358, 56.568, 55.392, 53.578;53.989, 54.662, 52.02, 53.632, 53.685, 51.911, 54.358, 62.012, 53.573, 54.367, 53.481;55.996, 53.748, 52.812, 53.838, 53.938, 54.654, 56.568, 53.573, 63.669, 55.048, 53.84;55.873, 54.948, 52.831, 56.078, 54.081, 54.576, 55.392, 54.367, 55.048, 64.551, 55.272;53.832, 53.29, 52.753, 54.109, 54.515, 52.994, 53.578, 53.481, 53.84, 55.272, 62.161]
data_train = ['TATCCGGGCATGAGTTGCCAAACATTGAGCCCCCCATTTCCACAGATCGGCCGTGTGTTC', 'CCTAGATGGCAACATTAGTTTAATATCTCAGCCGCAGCCGCGAAAGGTTTAGGCCAGATC', 'GCGTCTCGAACGGCGTATCAGGTGGGTCTGACATCATAGGCTTTTATATTAGAAATTGCG', 'TAAGTACTGTGATACAACAATTAATGTTCCCTCGTCACCAGCTCCAATGGTTGTAATCGG', 'TGATTCCTAATTCTACTGAAGTCCCTAGTGACATTCAGTATACGTCAACTCAGCGTCTAT', 'GTAGGTAAAGGATTGAGTGGCAGGGCCCCTACCTCCTGCTGAGCACAGGGACGTATGGGT', 'CGCCGATCTATTGAGGGCGCCTTTTCTCCCTGCCATGTGGAGAAGCGTCACCGCAATTTT', 'AACACCGCAAATAATTGTTAGAAATTTTACTGTCAGCGAGATCGCGCATGCGTACATCTC', 'CGGTAGCTAGCGCGAGGAGCGCTTCTTTACCCCGTGATATCGACACAATGCCGCTGTATC', 'CCACAATACGATATTACGACGCACTACTACCACCTTGCCCCGACTCCATATGGTTACATA', 'GTAAACATTCCGTACATACCACACTCGTCTACAGATCTAATCAGAGGAACTCTATAACAC']
feature_class = 'string'
data_test = ['ATATCGATAGTATGCGGGTATTCTAACTCTCAACATCACCGTAGCGCCTCCTGGATTCTG', 'AGCCAGATAACCCCTGACTCATGGAAGAGGCTTGAACATACCGACCTATTCTATGCCATA']
km_test = [55.387, 53.61;54.111, 53.237;52.59, 53.422;55.089, 53.037;54.165, 54.262;54.372, 51.844;55.039, 53.421;54.407, 53.457;54.95, 53.677;56.104, 54.942;54.005, 54.154]
alphabet = 'DNA'
accuracy = 1e-08
len_seq = 60
data_class = 'dna'
