name = 'LocalAlignmentString'
alphabet = 'DNA'
km_test = [54.682, 52.723;54.722, 53.312;54.033, 52.894;53.657, 53.652;55.898, 54.249;53.614, 53.716;55.017, 53.325;54.961, 53.559;54.526, 54.316;52.906, 53.546;52.33, 53.51]
km_train = [63.579, 53.886, 54.885, 54.009, 53.924, 54.518, 54.053, 52.664, 53.95, 52.232, 53.307;53.886, 64.336, 53.643, 55.077, 54.887, 52.832, 53.742, 54.246, 54.622, 53.572, 52.648;54.885, 53.643, 62.142, 53.131, 52.58, 54.66, 52.704, 52.846, 54.301, 52.482, 52.8;54.009, 55.077, 53.131, 62.441, 53.464, 52.69, 52.427, 53.095, 54.5, 52.415, 52.664;53.924, 54.887, 52.58, 53.464, 66.192, 53.032, 56.726, 54.874, 54.805, 55.699, 54.197;54.518, 52.832, 54.66, 52.69, 53.032, 62.318, 53.216, 53.399, 52.615, 52.04, 53.804;54.053, 53.742, 52.704, 52.427, 56.726, 53.216, 63.539, 54.029, 54.183, 54.254, 53.549;52.664, 54.246, 52.846, 53.095, 54.874, 53.399, 54.029, 62.127, 53.395, 53.786, 53.013;53.95, 54.622, 54.301, 54.5, 54.805, 52.615, 54.183, 53.395, 63.329, 54.038, 53.426;52.232, 53.572, 52.482, 52.415, 55.699, 52.04, 54.254, 53.786, 54.038, 62.395, 53.754;53.307, 52.648, 52.8, 52.664, 54.197, 53.804, 53.549, 53.013, 53.426, 53.754, 61.327]
data_train = ['CAGCTCGTGATAGCTACCCGTCGCTCTTTTCCGCTGTTTCAGAGTCCTTTTATAGGACTG', 'GCCGACCCTTCATTTGCACATACCGCATATTGTGGTGAATCAACGCGCCGCTGGTCACAA', 'AGCCGCTGTAATGTTGCAACTTAGCCTGATCCTCGCGGATTTGTGAAAAATTTTGCAGCT', 'CCCTATTCATCGACCATTTTATATTCCGTGGAAGTTAAGGACCAGTGTGAGCCTGACTGA', 'TTGCTTCGTACGCCGCAGGAAAACGTGGCGGCCTTGCCCCGACTGCACCAGCCCTCGAAA', 'AAGCGCGGGATAGACTATTTGTGACTAATCTTCCGCGCGGGTTAGCGGTTTCCAGTGGTG', 'TATTACAGGGCTCGGTCACAAGGAGCGCGTCGCGTACGCACCGTTCTCCAATGCTGAACA', 'TTAGCCGGATAAGGCATTGCATGTTACGATCATAGAAGGCCCCACGACGACGCAATTTAT', 'ATTCCTTTAGTACTTCGAATAGCACCCCGAAAGATCTCCGTGATGAACCTGAGCGGCTCT', 'GGTTGGTGCTAAAACGAGCGCAGAGAAATCGATGATGGTAACCGATAACCCACTCCTGCT', 'AGTTGTGCTAGAGAGGACGACCATCTTAGCGGACTCAAATCAGGGTGAGCTACCGTGGAA']
seqlen = 60
data_test = ['GACTCAACTACGTCTGTAATGTCTCGTAATTGCCCCCACCGTCACAGCTTTGTACTAATC', 'TTCGAATCTGAGGATGAGTATATGCCTCGATGTAGGCCAGGAGCATTGATCCCGGCGTCG']
