name = 'ManhattanWord'
reverse = 'False'
feature_type = 'Word'
data_type = 'ushort'
km_train = [1, 1.61168451e-17, 2.95190316e-19, 2.95190316e-19, 6.1141958e-17, 1.11985402e-18, 6.1141958e-17, 1.42516408e-21, 2.95190316e-19, 1.61168451e-17, 2.95190316e-19;1.61168451e-17, 1, 3.3382378e-15, 1.42516408e-21, 2.31952283e-16, 2.05108419e-20, 4.24835426e-18, 6.1141958e-17, 2.95190316e-19, 1.82261608e-13, 1.42516408e-21;2.95190316e-19, 3.3382378e-15, 1, 9.9025319e-23, 1.11985402e-18, 7.78113224e-20, 1.11985402e-18, 7.78113224e-20, 1.26641655e-14, 1.11985402e-18, 5.40659923e-21;2.95190316e-19, 1.42516408e-21, 9.9025319e-23, 1, 2.05108419e-20, 4.24835426e-18, 1.61168451e-17, 7.78113224e-20, 2.05108419e-20, 7.78113224e-20, 2.31952283e-16;6.1141958e-17, 2.31952283e-16, 1.11985402e-18, 2.05108419e-20, 1, 2.05108419e-20, 6.1141958e-17, 2.95190316e-19, 1.61168451e-17, 3.3382378e-15, 3.75669174e-22;1.11985402e-18, 2.05108419e-20, 7.78113224e-20, 4.24835426e-18, 2.05108419e-20, 1, 2.31952283e-16, 1.61168451e-17, 2.95190316e-19, 2.05108419e-20, 2.31952283e-16;6.1141958e-17, 4.24835426e-18, 1.11985402e-18, 1.61168451e-17, 6.1141958e-17, 2.31952283e-16, 1, 8.79949929e-16, 7.78113224e-20, 2.95190316e-19, 1.61168451e-17;1.42516408e-21, 6.1141958e-17, 7.78113224e-20, 7.78113224e-20, 2.95190316e-19, 1.61168451e-17, 8.79949929e-16, 1, 1.42516408e-21, 2.05108419e-20, 1.42516408e-21;2.95190316e-19, 2.95190316e-19, 1.26641655e-14, 2.05108419e-20, 1.61168451e-17, 2.95190316e-19, 7.78113224e-20, 1.42516408e-21, 1, 6.1141958e-17, 1.11985402e-18;1.61168451e-17, 1.82261608e-13, 1.11985402e-18, 7.78113224e-20, 3.3382378e-15, 2.05108419e-20, 2.95190316e-19, 2.05108419e-20, 6.1141958e-17, 1, 1.42516408e-21;2.95190316e-19, 1.42516408e-21, 5.40659923e-21, 2.31952283e-16, 3.75669174e-22, 2.31952283e-16, 1.61168451e-17, 1.42516408e-21, 1.11985402e-18, 1.42516408e-21, 1]
data_train = ['CGAAGATACCGCCAGGATCGAACCGTTGAACTCAATAGTCTCCGTATTGAACTCACTGTT', 'TCATACATGCTCCGATATGACGACAGGGGTCTCTGATCGTGAGAAGGGCGGACTTTGACG', 'TTACTCTATGGATGCTTGTGTCGCCATATGAGGGTCATCAGGTGCCAATCCACGCGGAAT', 'CCTTAAAATTAGGCTTCCTTAGCCTCTGCGTAACCAGAAGACTTCTCAAAAGTCAAAGAT', 'GCGATCCCGTGCGTTGTACTGTTCATTTTCTAGAGGGTATGACCTGCTACCCGAAAATGA', 'AAAAGAGTATACGCAGGAGCAAAGTAGCCGCGAAAAACATTATGTCGACAGCACCTCCTA', 'TAGAAAGCCCCGACTAGAGTAAATCAATAGGCAGCAGATGGGCTCTATGATCGCGAACTG', 'AAAAGAAAAGTGCATCGAGAAATGAGTGCAAACTCGGGCTTTCCGATAAACGAATGACGA', 'AACGGGGAGCCAGGATCCTTATTGAATGATGTTTCAAACAGCTATTTTTCTTCACCATCA', 'TCTGTTGAATATTCGTAGACTTGACGAGTCTGCTTGGGATTCATAGGGTTTGAGCACATG', 'TACGCCAGAGTCCCTTAGTTTTTATTAGAACCACGGTCAAGGCAACGTAGAAGGCAGCGA']
feature_class = 'string_complex'
seqlen = 60
data_test = ['ACTCTCTAGCATGCCAACCATTGAGCACCGTCACCTAATCGAGCAAGAAGTGTTTTTGGA', 'CAGTAGAGACTCGTTACATTGTGGATATTGACCCATGCCCGGTCTTATATCTTTTCACAG']
gap = 0
feature_obtain = 'Char'
km_test = [2.31952283e-16, 6.1141958e-17;7.78113224e-20, 1.26641655e-14;2.95190316e-19, 2.31952283e-16;2.95190316e-19, 7.78113224e-20;4.24835426e-18, 6.1141958e-17;2.31952283e-16, 1.11985402e-18;4.24835426e-18, 7.78113224e-20;7.78113224e-20, 3.75669174e-22;4.24835426e-18, 6.1141958e-17;2.31952283e-16, 2.62309377e-12;4.24835426e-18, 1.11985402e-18]
kparam0_width = 1.5
alphabet = 'DNA'
accuracy = 1e-13
order = 3
data_class = 'rand'
