name = 'PolyMatchString'
feature_type = 'char'
data_type = ''
km_train = [1, 0.018962963, 0.015625, 0.0127037037, 0.015625, 0.0127037037, 0.0227453704, 0.037037037, 0.0227453704, 0.0127037037, 0.003375;0.018962963, 1, 0.0101712963, 0.018962963, 0.00158796296, 0.0101712963, 0.0317546296, 0.027, 0.027, 0.0563287037, 0.0127037037;0.015625, 0.0101712963, 1, 0.00462962963, 0.018962963, 0.0227453704, 0.00462962963, 0.015625, 0.0127037037, 0.00158796296, 0.003375;0.0127037037, 0.018962963, 0.00462962963, 1, 0.0127037037, 0.0317546296, 0.0127037037, 0.0127037037, 0.015625, 0.027, 0.018962963;0.015625, 0.00158796296, 0.018962963, 0.0127037037, 1, 0.0127037037, 0.008, 0.008, 0.0317546296, 0.0101712963, 0.0101712963;0.0127037037, 0.0101712963, 0.0227453704, 0.0317546296, 0.0127037037, 1, 0.0127037037, 0.001, 0.0127037037, 0.008, 0.0101712963;0.0227453704, 0.0317546296, 0.00462962963, 0.0127037037, 0.008, 0.0127037037, 1, 0.0317546296, 0.042875, 0.0317546296, 0.0101712963;0.037037037, 0.027, 0.015625, 0.0127037037, 0.008, 0.001, 0.0317546296, 1, 0.0227453704, 0.0227453704, 0.0227453704;0.0227453704, 0.027, 0.0127037037, 0.015625, 0.0317546296, 0.0127037037, 0.042875, 0.0227453704, 1, 0.0563287037, 0.027;0.0127037037, 0.0563287037, 0.00158796296, 0.027, 0.0101712963, 0.008, 0.0317546296, 0.0227453704, 0.0563287037, 1, 0.015625;0.003375, 0.0127037037, 0.003375, 0.018962963, 0.0101712963, 0.0101712963, 0.0101712963, 0.0227453704, 0.027, 0.015625, 1]
data_train = ['TATCCGGGCATGAGTTGCCAAACATTGAGCCCCCCATTTCCACAGATCGGCCGTGTGTTC', 'CCTAGATGGCAACATTAGTTTAATATCTCAGCCGCAGCCGCGAAAGGTTTAGGCCAGATC', 'GCGTCTCGAACGGCGTATCAGGTGGGTCTGACATCATAGGCTTTTATATTAGAAATTGCG', 'TAAGTACTGTGATACAACAATTAATGTTCCCTCGTCACCAGCTCCAATGGTTGTAATCGG', 'TGATTCCTAATTCTACTGAAGTCCCTAGTGACATTCAGTATACGTCAACTCAGCGTCTAT', 'GTAGGTAAAGGATTGAGTGGCAGGGCCCCTACCTCCTGCTGAGCACAGGGACGTATGGGT', 'CGCCGATCTATTGAGGGCGCCTTTTCTCCCTGCCATGTGGAGAAGCGTCACCGCAATTTT', 'AACACCGCAAATAATTGTTAGAAATTTTACTGTCAGCGAGATCGCGCATGCGTACATCTC', 'CGGTAGCTAGCGCGAGGAGCGCTTCTTTACCCCGTGATATCGACACAATGCCGCTGTATC', 'CCACAATACGATATTACGACGCACTACTACCACCTTGCCCCGACTCCATATGGTTACATA', 'GTAAACATTCCGTACATACCACACTCGTCTACAGATCTAATCAGAGGAACTCTATAACAC']
feature_class = 'string'
data_test = ['ATATCGATAGTATGCGGGTATTCTAACTCTCAACATCACCGTAGCGCCTCCTGGATTCTG', 'AGCCAGATAACCCCTGACTCATGGAAGAGGCTTGAACATACCGACCTATTCTATGCCATA']
kparam0_degree = 3
kparam1_inhomogene = 'False'
km_test = [0.015625, 0.0317546296;0.015625, 0.0101712963;0.008, 0.015625;0.037037037, 0.008;0.0127037037, 0.015625;0.018962963, 0.00158796296;0.015625, 0.0101712963;0.037037037, 0.0127037037;0.0227453704, 0.027;0.0227453704, 0.015625;0.027, 0.0101712963]
alphabet = 'DNA'
accuracy = 1e-10
len_seq = 60
data_class = 'dna'
