name = 'Poly'
feature_type = 'real'
data_type = 'double'
km_train = [31.6571983, 15.1823639, 11.9175009, 17.7501429, 30.9710804, 32.1228717, 4.46510226, 16.7855142, 18.6260745, 12.154378, 12.1765912;15.1823639, 35.7154041, 10.6337778, 16.9349734, 40.2205242, 22.6224619, 4.92921697, 27.087701, 13.2994865, 4.77426726, 8.14564708;11.9175009, 10.6337778, 15.846147, 18.8755249, 35.4513446, 28.2374113, 3.41931723, 10.8208538, 9.7695439, 8.75697538, 12.3841342;17.7501429, 16.9349734, 18.8755249, 49.707812, 57.6324946, 37.8350422, 3.90458204, 21.8424355, 27.5982945, 24.0824619, 22.5469567;30.9710804, 40.2205242, 35.4513446, 57.6324946, 137.544107, 63.9410933, 9.39706657, 45.0790427, 33.2832294, 24.7572188, 32.3009518;32.1228717, 22.6224619, 28.2374113, 37.8350422, 63.9410933, 87.8842428, 6.35210978, 27.5942681, 16.5974911, 18.0827878, 32.5644418;4.46510226, 4.92921697, 3.41931723, 3.90458204, 9.39706657, 6.35210978, 5.56842423, 5.29669416, 4.62705593, 2.06202512, 7.51831947;16.7855142, 27.087701, 10.8208538, 21.8424355, 45.0790427, 27.5942681, 5.29669416, 40.0244801, 15.4997132, 4.28311252, 13.2938266;18.6260745, 13.2994865, 9.7695439, 27.5982945, 33.2832294, 16.5974911, 4.62705593, 15.4997132, 30.3946177, 17.873637, 11.2583985;12.154378, 4.77426726, 8.75697538, 24.0824619, 24.7572188, 18.0827878, 2.06202512, 4.28311252, 17.873637, 25.2127505, 12.4368038;12.1765912, 8.14564708, 12.3841342, 22.5469567, 32.3009518, 32.5644418, 7.51831947, 13.2938266, 11.2583985, 12.4368038, 45.1479959]
data_train = [0.101891754, 0.0159202673, 0.616182965, 0.960829417, 0.902868023, 0.696754815, 0.0966405842, 0.274164038, 0.320056727, 0.763150058, 0.802249179;0.385106123, 0.417883997, 0.0445090393, 0.289136718, 0.451285177, 0.116983046, 0.453267461, 0.853175812, 0.58132102, 0.078929855, 0.191671319;0.47454435, 0.36148715, 0.35872702, 0.529267448, 0.584395922, 0.79686157, 0.340966563, 0.805466283, 0.338611229, 0.0554329889, 0.554187651;0.587902325, 0.934540246, 0.726061326, 0.917772652, 0.90834721, 0.60457411, 0.527762065, 0.557440967, 0.978330808, 0.773167692, 0.106265905;0.778428407, 0.170538049, 0.447350549, 0.210459672, 0.689583066, 0.877309736, 0.290361885, 0.0820107412, 0.298493098, 0.672361858, 0.328760128;0.278112168, 0.184435191, 0.497516427, 0.275948828, 0.731010349, 0.076622402, 0.664033033, 0.237560015, 0.489279261, 0.286089922, 0.722768676;0.94530704, 0.917076779, 0.583426215, 0.462610303, 0.818300509, 0.683326363, 0.183564114, 0.820919214, 0.428884389, 0.18898566, 0.28179735;0.26752703, 0.519206975, 0.234370091, 0.123566487, 0.123690851, 0.583276197, 0.734759289, 0.321533009, 0.0346507098, 0.127224887, 0.91469456;0.49354366, 0.45357281, 0.0380491783, 0.728637022, 0.528068081, 0.202080936, 0.11007376, 0.383387864, 0.837161964, 0.865294559, 0.60284638;0.727536427, 0.115155787, 0.588126065, 0.666965703, 0.200712843, 0.880154733, 0.194996738, 0.31347736, 0.620556847, 0.638350065, 0.699384741;0.112011713, 0.84946443, 0.532847132, 0.471321794, 0.981097625, 0.740378297, 0.118006027, 0.756539167, 0.095248934, 0.0274705625, 0.403625895]
feature_class = 'simple'
kparam2_use_normalization = 'False'
data_test = [0.993578173, 0.174883936, 0.672644344, 0.173396066, 0.724786975, 0.505353668, 0.67997171, 0.202873176, 0.745628333, 0.99561906, 0.665650501, 0.493479998, 0.923173989, 0.0158518422, 0.729923519, 0.888746517, 0.0616745836;0.45006417, 0.204719454, 0.566518166, 0.649542959, 0.302623183, 0.45998167, 0.279339485, 0.369391164, 0.159539957, 0.885559444, 0.0100104106, 0.882409186, 0.571678878, 0.331657844, 0.723057125, 0.507752152, 0.499108658;0.110142283, 0.389516026, 0.241064346, 0.0156959056, 0.360099631, 0.0898221294, 0.256830038, 0.0925166212, 0.100941626, 0.199011294, 0.999849244, 0.00218414286, 0.638672636, 0.141243698, 0.920628137, 0.0936328933, 0.955063187;0.610926387, 0.00126807692, 0.894007198, 0.521711801, 0.262669735, 0.767279178, 0.926665554, 0.483690823, 0.315553474, 0.788945124, 0.681785498, 0.888752484, 0.692514013, 0.243528339, 0.93165925, 0.104835747, 0.26794275;0.520194608, 0.565742026, 0.0153105866, 0.780572726, 0.361607318, 0.406418541, 0.809369544, 0.379283392, 0.0472248765, 0.17643977, 0.955903172, 0.0704053624, 0.354931201, 0.503179167, 0.493280827, 0.00395994301, 0.501162731;0.383772458, 0.972079335, 0.159159084, 0.354154197, 0.419481485, 0.390693537, 0.665830828, 0.215512858, 0.221071553, 0.729210949, 0.500290519, 0.415155676, 0.169203052, 0.187527223, 0.0105516368, 0.0914262689, 0.556838695;0.89187313, 0.287164765, 0.327747226, 0.115605611, 0.388630946, 0.0372217046, 0.917600696, 0.673111348, 0.990748809, 0.882823163, 0.472990594, 0.519685031, 0.190576047, 0.462039343, 0.903027873, 0.0508534236, 0.863556803;0.340947802, 0.899512765, 0.940879906, 0.670864887, 0.664423787, 0.452754338, 0.835540225, 0.961612758, 0.7750818, 0.621936734, 0.606792896, 0.849469902, 0.541203766, 0.803859886, 0.508885255, 0.062444275, 0.383947009;0.444440958, 0.141617245, 0.102496329, 0.53546495, 0.0851436366, 0.302945168, 0.744596976, 0.96443218, 0.717870581, 0.992625548, 0.698337971, 0.293794471, 0.672052541, 0.702156765, 0.371726985, 0.0177138506, 0.703199785;0.0217000953, 0.631188078, 0.163616489, 0.565603528, 0.503913025, 0.0135136423, 0.362865817, 0.601091167, 0.848606552, 0.888642114, 0.48384997, 0.728422487, 0.316454577, 0.342186406, 0.194463519, 0.56194811, 0.314564151;0.0843708964, 0.685006087, 0.707753208, 0.359992419, 0.0767233995, 0.426297717, 0.442335458, 0.668670885, 0.315416391, 0.68259928, 0.871488542, 0.237486042, 0.978919556, 0.386368137, 0.267258685, 0.421511183, 0.0943974759]
kparam0_degree = 3
kparam1_inhomogene = 'False'
km_test = [13.4228022, 9.40623761, 5.76717617, 12.0553379, 6.60451993, 3.44826128, 40.3789114, 20.3046839, 17.9849979, 44.9166831, 33.82252, 15.6997028, 12.883428, 8.92097239, 28.9063708, 0.858030201, 23.3876123;11.312301, 7.47529168, 18.7715407, 8.41506311, 3.4833356, 6.44993369, 38.5400328, 25.3794546, 14.905779, 47.6217203, 30.6714029, 18.2549887, 23.1973179, 8.80657979, 30.1877305, 0.694450277, 14.1729282;10.8505365, 9.4501645, 9.94229574, 5.97986661, 6.57463345, 4.672701, 29.742562, 10.1804459, 12.4409549, 36.7196973, 30.7967745, 12.1017164, 16.3966552, 3.12632944, 18.2247229, 2.33817442, 7.46593402;20.8411842, 6.9994295, 17.3858904, 10.317309, 9.3086238, 8.83723708, 46.4757407, 21.5524542, 26.1544666, 85.3795152, 49.5401919, 22.7302963, 41.582308, 5.85198374, 38.1564248, 5.73720419, 14.3082557;41.1549352, 21.9419136, 30.0435421, 18.7567376, 14.1298841, 18.53696, 93.0146959, 33.3271079, 28.3854891, 121.861298, 98.4200146, 28.9074656, 67.1180021, 11.3580467, 64.8151355, 6.18994744, 30.2639834;18.981004, 22.9060032, 20.9021787, 17.1637989, 15.7410261, 8.07356747, 61.356309, 30.9542326, 30.4402257, 68.8028836, 87.5404368, 22.1078474, 44.6280934, 11.8392978, 49.9024798, 4.98741467, 22.1795498;3.67522, 7.8341052, 6.47779819, 5.635399, 3.57025588, 3.34892204, 14.408821, 6.42950513, 3.64457089, 15.6141116, 10.4474269, 9.73902592, 6.1369486, 3.13932721, 8.05002228, 0.316706254, 5.88104229;12.2034819, 9.39039388, 17.5142645, 8.22868939, 5.87098019, 5.60394163, 30.6209398, 20.1912602, 15.5602915, 60.0765541, 33.8800623, 19.9053765, 30.9155132, 7.17985739, 40.4050916, 2.72305898, 22.1108496;12.9044386, 4.76218565, 8.13562017, 11.565612, 4.74994091, 6.40309213, 34.457911, 16.9539327, 13.9269744, 60.6881389, 25.5764254, 20.5303463, 18.8853308, 5.7245974, 24.1829515, 1.67444659, 15.5130517;12.8861397, 3.67841339, 5.02368359, 10.0142738, 5.07628591, 5.38076638, 31.9802046, 13.243013, 13.5421617, 41.7411227, 26.4860564, 11.1142181, 16.0567868, 4.51316177, 13.9746897, 1.89084521, 6.50521426;12.7812422, 26.7611002, 14.0279258, 12.9816971, 14.5445601, 6.12507568, 42.5532607, 25.8723905, 27.9636195, 66.9596827, 48.1415029, 19.4598202, 29.4187006, 10.1542173, 19.4887529, 3.98947505, 16.5169829]
accuracy = 1e-06
data_class = 'rand'
