name = 'Poly'
feature_type = 'real'
data_type = 'double'
km_train = [153.347021, 110.032308, 49.1750336, 51.9370995, 119.522034, 83.0171653, 91.050246, 55.8153439, 55.2589691, 107.042487, 42.9754618;110.032308, 169.841572, 46.5490711, 40.6198808, 137.912866, 101.401196, 64.750572, 45.569202, 40.9588743, 82.7337706, 67.1947517;49.1750336, 46.5490711, 46.0783336, 32.1211771, 40.5400424, 57.1283306, 57.1033505, 32.5244258, 30.3635107, 27.8346541, 27.2632461;51.9370995, 40.6198808, 32.1211771, 58.2985379, 41.9967495, 49.1042614, 37.5374737, 24.2928217, 31.1830875, 29.593228, 26.7578658;119.522034, 137.912866, 40.5400424, 41.9967495, 171.438835, 84.2282733, 97.4811748, 60.8366807, 44.5948329, 115.487622, 71.3037766;83.0171653, 101.401196, 57.1283306, 49.1042614, 84.2282733, 199.683567, 65.5239791, 45.8635772, 52.8615917, 70.927058, 52.9313421;91.050246, 64.750572, 57.1033505, 37.5374737, 97.4811748, 65.5239791, 220.343639, 69.2917064, 43.6871238, 95.9521105, 41.5593249;55.8153439, 45.569202, 32.5244258, 24.2928217, 60.8366807, 45.8635772, 69.2917064, 61.1075785, 31.4893525, 47.4378065, 34.8478608;55.2589691, 40.9588743, 30.3635107, 31.1830875, 44.5948329, 52.8615917, 43.6871238, 31.4893525, 38.0761425, 41.0675755, 27.0777124;107.042487, 82.7337706, 27.8346541, 29.593228, 115.487622, 70.927058, 95.9521105, 47.4378065, 41.0675755, 123.665153, 36.8116092;42.9754618, 67.1947517, 27.2632461, 26.7578658, 71.3037766, 52.9313421, 41.5593249, 34.8478608, 27.0777124, 36.8116092, 57.5776376]
data_train = [0.471626365, 0.227481604, 0.166185, 0.332729477, 0.939924373, 0.343026713, 0.988124076, 0.485230456, 0.179163918, 0.891140092, 0.460355373;0.709671344, 0.983711583, 0.0501753503, 0.0966945598, 0.720456741, 0.281825003, 0.184301397, 0.0393618798, 0.021846712, 0.774485603, 0.134433427;0.467720616, 0.605896815, 0.428351801, 0.0271066523, 0.783501503, 0.0105132245, 0.761889894, 0.893304494, 0.432839921, 0.535542473, 0.476983393;0.389208619, 0.887424535, 0.893933511, 0.335816365, 0.615069754, 0.926907562, 0.962058499, 0.50895904, 0.452824805, 0.278694316, 0.958871873;0.142814304, 0.579829576, 0.282550268, 0.27900829, 0.404968587, 0.998792936, 0.0549663068, 0.578541818, 0.082572158, 0.15452083, 0.439562942;0.510460131, 0.258792408, 0.316457131, 0.0869670203, 0.303219784, 0.966558439, 0.944707382, 0.33487829, 0.570853936, 0.909595391, 0.00618382264;0.81068357, 0.948369553, 0.0913257343, 0.161447686, 0.960746303, 0.537540144, 0.0141966345, 0.257631999, 0.449943674, 0.692908911, 0.733160378;0.995421513, 0.287511199, 0.538220102, 0.533323548, 0.405645259, 0.169161894, 0.977456563, 0.853317187, 0.498333028, 0.603245423, 0.227261054;0.54378707, 0.694970133, 0.515167028, 0.990285171, 0.611341656, 0.370973713, 0.772152028, 0.170462512, 0.384515814, 0.34695895, 0.431807095;0.781779826, 0.484173032, 0.79401445, 0.576488903, 0.342069435, 0.809978744, 0.238289671, 0.22438298, 0.504502924, 0.260849246, 0.00908703495;0.648297527, 0.511093821, 0.445517814, 0.966968515, 0.571199184, 0.863431578, 0.139450236, 0.569206463, 0.867979627, 0.583105757, 0.718014178]
feature_class = 'simple'
kparam2_use_normalization = 'False'
data_test = [0.372043568, 0.092449517, 0.457900295, 0.394479391, 0.867060182, 0.243995302, 0.966734228, 0.95813812, 0.247631643, 0.348051955, 0.895555741, 0.966622221, 0.443439103, 0.320997046, 0.526094013, 0.687769206, 0.273474515;0.736473175, 0.0516573571, 0.0492944928, 0.386287705, 0.353473192, 0.315633215, 0.491019763, 0.320733582, 0.192257918, 0.309469549, 0.974904273, 0.411113417, 0.444712777, 0.57654499, 0.983340768, 0.241601276, 0.681282111;0.715984694, 0.607324417, 0.0885783396, 0.676872276, 0.064094711, 0.59614265, 0.739581177, 0.210969891, 0.841622008, 0.0303538055, 0.843812864, 0.460329051, 0.21758794, 0.133778145, 0.953307168, 0.0726655876, 0.19909342;0.347822347, 0.620234849, 0.544801085, 0.125643492, 0.289727984, 0.238751771, 0.213542854, 0.411144336, 0.704031453, 0.217452932, 0.36667888, 0.390917427, 0.976456529, 0.954666357, 0.800137583, 0.241658921, 0.0680373141;0.316904138, 0.266794549, 0.5059258, 0.77772791, 0.858322939, 0.844864085, 0.359675561, 0.687234343, 0.312834198, 0.0609055432, 0.701565266, 0.00982755257, 0.409182587, 0.329379269, 0.693377539, 0.766245473, 0.304094636;0.811627014, 0.293916761, 0.44632636, 0.727018527, 0.692920229, 0.987368472, 0.225161024, 0.662317914, 0.609681908, 0.915098454, 0.156362142, 0.751798164, 0.568268616, 0.27466587, 0.474434914, 0.333776597, 0.579313403;0.889000611, 0.569304984, 0.631722418, 0.518747847, 0.0511655064, 0.232858557, 0.492001729, 0.310235284, 0.181763598, 0.504132842, 0.322809793, 0.258107643, 0.463985417, 0.133284258, 0.927745733, 0.867702098, 0.707620586;0.106213828, 0.775877254, 0.807957328, 0.767764618, 0.113965887, 0.643907957, 0.834324796, 0.577353401, 0.646407375, 0.458363479, 0.52870732, 0.0343768584, 0.638963022, 0.0814472129, 0.435014594, 0.292655098, 0.54542795;0.133416336, 0.691643402, 0.795011537, 0.16335445, 0.104313087, 0.145515483, 0.877127562, 0.528189262, 0.467260996, 0.106711819, 0.649556007, 0.867999592, 0.828185869, 0.626054709, 0.0752787167, 0.112397027, 0.0493089871;0.257479216, 0.135661467, 0.26004804, 0.385058056, 0.942982784, 0.61037606, 0.834973786, 0.710351501, 0.112503131, 0.735920406, 0.275098882, 0.639107847, 0.340961974, 0.997672263, 0.263551479, 0.279130471, 0.930672256;0.0246444046, 0.696688988, 0.725326391, 0.836378577, 0.974439311, 0.975601919, 0.0652767576, 0.821839323, 0.646309934, 0.647342134, 0.128349927, 0.650187166, 0.982482581, 0.91181857, 0.439130661, 0.0399479733, 0.36229349]
kparam0_degree = 3
kparam1_inhomogene = 'True'
km_test = [52.4893153, 62.1712429, 75.5114067, 86.6284111, 57.4851485, 82.5411614, 110.671524, 95.8203088, 56.1215751, 58.2489457, 77.9147689, 70.79798, 105.228027, 68.0464986, 107.93639, 32.8807113, 72.8809428;66.3810149, 58.7008806, 63.0059135, 67.4478503, 47.685537, 63.3169862, 82.9422413, 73.417652, 54.3149502, 33.9593336, 94.5092869, 61.6312684, 109.7343, 83.1370463, 149.61678, 36.726611, 52.2126283;15.3509784, 34.168324, 36.5766352, 31.5584478, 33.1597486, 40.652197, 43.014113, 45.8194687, 36.0840437, 22.1408561, 28.6238329, 34.4855761, 58.3622228, 52.7301958, 38.2382617, 11.0864707, 21.4605174;7.93748491, 36.0356424, 50.4034713, 32.6172558, 38.6028484, 37.5951106, 43.5514346, 56.1031078, 27.7399355, 21.9023258, 27.2066089, 42.5076462, 67.4367757, 52.4957398, 22.7200739, 10.4339629, 18.8455609;69.4540185, 59.6608464, 70.6791164, 80.1322251, 59.0491697, 66.5348853, 114.607918, 97.1172589, 59.5665313, 38.1633199, 114.185745, 86.3720977, 106.185078, 65.5332224, 150.69193, 45.7661938, 50.6965647;44.4098791, 46.0134626, 75.2409598, 82.3482225, 116.49594, 112.206636, 51.3233569, 115.80669, 51.9728398, 59.1797323, 47.4428944, 68.7554753, 119.967677, 101.612932, 94.396823, 40.5273754, 53.6768968;41.1316314, 58.5295365, 67.833273, 60.2122799, 43.0413326, 63.4697759, 107.510383, 90.2821403, 79.7280734, 36.079311, 82.4783634, 86.2888798, 102.079702, 48.6749704, 79.7307473, 22.5852532, 27.8311082;24.275323, 43.2994002, 42.2033258, 61.5241911, 34.7235612, 60.7373175, 52.9027681, 54.2017186, 50.416295, 20.4211739, 48.6834893, 30.0839, 54.5583291, 27.5384808, 66.1837412, 18.9067424, 22.2616935;19.5774301, 37.0305662, 39.9332234, 43.1428057, 33.6948977, 50.1009478, 33.1164178, 46.3886487, 36.161217, 30.8875455, 21.2284621, 37.3338891, 57.2499903, 38.626612, 39.1674627, 11.8237257, 25.1491906;62.9222958, 41.8973061, 55.8037721, 79.3462767, 58.3650676, 74.3374366, 83.0053427, 88.0892614, 50.802408, 50.6843659, 77.9871954, 77.7015277, 83.1387959, 43.6753599, 107.769403, 34.0489523, 53.2139721;22.9835829, 40.9510511, 43.6303854, 34.4104623, 25.7590507, 30.706944, 33.12577, 41.7288066, 36.0892715, 14.6808301, 37.2172554, 31.2005809, 65.8864143, 39.349158, 65.6114113, 20.4984376, 14.6624419]
data_class = 'rand'
accuracy = 1e-06
