name = 'PolyKernel'
degree = 3
km_train = [58.9384424, 28.329612, 9.32727408, 10.6354563, 6.82746648, 14.8879274, 17.0095471, 15.8453835, 18.7061647, 9.92008825, 9.26876453;28.329612, 70.5594804, 13.3447582, 33.6643509, 10.3566357, 9.52326315, 12.6359442, 25.5834236, 34.8620511, 28.0466054, 15.1350441;9.32727408, 13.3447582, 23.9034116, 14.9303476, 4.83244965, 17.7449489, 9.81625363, 6.23090167, 27.1500225, 7.13148886, 8.44302014;10.6354563, 33.6643509, 14.9303476, 82.4690331, 30.5696033, 20.7106569, 17.2527183, 22.3419995, 57.3035062, 36.5771631, 19.8479431;6.82746648, 10.3566357, 4.83244965, 30.5696033, 20.4723618, 11.8121946, 9.95498671, 14.7975617, 28.1613836, 18.4350464, 10.6038476;14.8879274, 9.52326315, 17.7449489, 20.7106569, 11.8121946, 29.2717822, 14.539159, 7.03886242, 31.2842004, 7.83738927, 10.2857291;17.0095471, 12.6359442, 9.81625363, 17.2527183, 9.95498671, 14.539159, 31.0673175, 7.90270639, 29.9816418, 12.051685, 7.67607879;15.8453835, 25.5834236, 6.23090167, 22.3419995, 14.7975617, 7.03886242, 7.90270639, 41.073242, 31.8931161, 28.1821857, 9.62661062;18.7061647, 34.8620511, 27.1500225, 57.3035062, 28.1613836, 31.2842004, 29.9816418, 31.8931161, 80.4289008, 35.7960052, 22.9733556;9.92008825, 28.0466054, 7.13148886, 36.5771631, 18.4350464, 7.83738927, 12.051685, 28.1821857, 35.7960052, 38.4583483, 12.5059412;9.26876453, 15.1350441, 8.44302014, 19.8479431, 10.6038476, 10.2857291, 7.67607879, 9.62661062, 22.9733556, 12.5059412, 31.6399531]
data_train = [0.374540119, 0.950714306, 0.731993942, 0.598658484, 0.15601864, 0.15599452, 0.0580836122, 0.866176146, 0.601115012, 0.708072578, 0.0205844943;0.969909852, 0.832442641, 0.212339111, 0.181824967, 0.18340451, 0.304242243, 0.524756432, 0.431945019, 0.29122914, 0.611852895, 0.139493861;0.292144649, 0.366361843, 0.456069984, 0.785175961, 0.199673782, 0.514234438, 0.592414569, 0.0464504127, 0.607544852, 0.170524124, 0.065051593;0.948885537, 0.965632033, 0.808397348, 0.304613769, 0.097672114, 0.684233027, 0.440152494, 0.122038235, 0.49517691, 0.0343885211, 0.909320402;0.258779982, 0.662522284, 0.311711076, 0.520068021, 0.546710279, 0.184854456, 0.969584628, 0.775132823, 0.939498942, 0.89482735, 0.597899979;0.921874235, 0.0884925021, 0.195982862, 0.0452272889, 0.325330331, 0.38867729, 0.271349032, 0.828737509, 0.356753327, 0.28093451, 0.542696083;0.140924225, 0.802196981, 0.0745506437, 0.986886937, 0.772244769, 0.198715682, 0.00552211712, 0.815461428, 0.706857344, 0.729007168, 0.771270347;0.0740446517, 0.358465729, 0.11586906, 0.863103426, 0.623298127, 0.330898025, 0.0635583503, 0.310982322, 0.325183322, 0.729606178, 0.637557471;0.887212743, 0.472214925, 0.119594246, 0.713244787, 0.760785049, 0.561277198, 0.77096718, 0.493795596, 0.522732829, 0.427541018, 0.0254191267;0.107891427, 0.0314291857, 0.636410411, 0.314355981, 0.508570691, 0.907566474, 0.249292229, 0.410382923, 0.755551139, 0.228798165, 0.0769799098;0.289751453, 0.161221287, 0.929697652, 0.80812038, 0.633403757, 0.87146059, 0.803672077, 0.186570059, 0.892558998, 0.539342242, 0.807440155]
size_ = 10
data_test = [0.8960913, 0.318003475, 0.110051925, 0.227935163, 0.427107789, 0.818014766, 0.860730583, 0.00695213053, 0.510747303, 0.417411003, 0.22210781, 0.119865367, 0.337615171, 0.942909704, 0.323202932, 0.518790622, 0.703018959;0.363629602, 0.971782083, 0.962447295, 0.251782296, 0.497248506, 0.30087831, 0.284840494, 0.0368869474, 0.609564334, 0.502679023, 0.0514787512, 0.278646464, 0.908265886, 0.239561891, 0.144894872, 0.48945276, 0.985650454;0.242055272, 0.672135547, 0.761619615, 0.237637544, 0.728216349, 0.367783133, 0.632305831, 0.633529711, 0.535774684, 0.0902897701, 0.835302496, 0.320780065, 0.18651851, 0.0407751416, 0.590892943, 0.677564362, 0.0165878289;0.512093058, 0.226495775, 0.64517279, 0.174366429, 0.690937738, 0.386735346, 0.936729989, 0.137520944, 0.341066351, 0.113473521, 0.924693618, 0.877339353, 0.257941628, 0.659984046, 0.8172222, 0.555200812, 0.529650578;0.241852291, 0.0931027678, 0.897215758, 0.900418057, 0.633101457, 0.339029791, 0.349209575, 0.725955679, 0.89711026, 0.887086424, 0.779875546, 0.642031646, 0.084139965, 0.161628714, 0.898554189, 0.60642906, 0.00919705162;0.101471543, 0.663501769, 0.00506158385, 0.160808051, 0.548733789, 0.691895198, 0.65196126, 0.224269309, 0.712179221, 0.237249087, 0.325399698, 0.746491405, 0.649632899, 0.84922341, 0.657612892, 0.568308603, 0.0936747678;0.367715803, 0.265202368, 0.243989643, 0.973010555, 0.393097725, 0.892046555, 0.631138626, 0.794811304, 0.502637093, 0.576903885, 0.492517694, 0.195242988, 0.722452115, 0.280772362, 0.0243159664, 0.645472296, 0.177110679;0.940458584, 0.953928577, 0.91486439, 0.3701587, 0.0154566165, 0.928318563, 0.428184148, 0.966654819, 0.963619977, 0.853009455, 0.294448892, 0.385097729, 0.851136672, 0.316922005, 0.169492747, 0.556801262, 0.936154774;0.696029797, 0.57006117, 0.0971764938, 0.615007227, 0.99005385, 0.140084015, 0.518329652, 0.877373072, 0.740768618, 0.697015741, 0.702484084, 0.359491151, 0.293591844, 0.809361155, 0.810113395, 0.867072319, 0.913240553;0.511342399, 0.501516295, 0.798295179, 0.649963931, 0.701966877, 0.795792669, 0.890005342, 0.337995157, 0.375582953, 0.0939819398, 0.578280141, 0.0359422738, 0.465598018, 0.542644635, 0.286541252, 0.590833261, 0.0305002499;0.0373481887, 0.822600561, 0.360190641, 0.127060513, 0.52224326, 0.769993553, 0.215821027, 0.622890476, 0.085347465, 0.0516817212, 0.531354632, 0.540635122, 0.637429901, 0.726091334, 0.975852079, 0.516300348, 0.322956473]
km_test = [10.7360456, 27.4047121, 14.262066, 5.47805225, 37.336895, 14.2762295, 29.8686581, 7.16133772, 27.4349639, 8.17151603, 19.4040529, 18.2160056, 17.3243056, 29.7454207, 29.69935, 32.4451424, 22.3505588;24.1346531, 19.0107944, 28.524572, 16.3304514, 30.2731054, 29.3851439, 40.9915809, 14.0408143, 35.9375539, 19.1551284, 25.273483, 13.0568783, 18.5756922, 21.612283, 20.0384928, 38.1272124, 26.5356967;7.21770818, 13.3160535, 14.0537373, 3.39247547, 19.5858686, 21.8921004, 24.3510516, 5.39306773, 7.98404887, 1.73347836, 18.1029467, 7.72181437, 7.57158513, 19.3535505, 22.2922009, 17.8671821, 5.19040996;25.4370091, 37.8081547, 31.0777942, 24.9707381, 33.7785148, 55.4160261, 38.4877866, 54.5260161, 42.255945, 21.7841809, 37.6827268, 11.2223883, 26.5678334, 23.1202268, 28.5559533, 54.0433573, 19.4259174;9.98663477, 18.8232861, 13.272678, 16.6174405, 18.6007529, 26.2237087, 16.4888361, 28.8740082, 23.1819306, 12.7570357, 16.8244254, 6.21359039, 15.4635293, 13.7255327, 15.3375683, 27.2528534, 8.19517233;9.01170577, 26.4985675, 20.9118411, 7.34955818, 30.5638533, 25.9555495, 28.619702, 15.1312345, 15.0037245, 3.48946189, 25.9519484, 9.92900437, 14.4821991, 21.7798354, 27.1438056, 29.117988, 7.82441813;4.3275742, 17.2600258, 20.589075, 8.57426757, 31.1123019, 9.24913334, 12.6085102, 16.5316169, 19.1947033, 7.71178897, 24.9083614, 12.1766682, 6.76099171, 11.3417629, 37.4409053, 25.5318444, 6.50842569;14.3732797, 16.1904111, 11.407061, 19.0857543, 23.1036493, 35.7579763, 30.7390267, 14.771978, 36.0412877, 17.7603402, 14.1194769, 8.42195617, 18.3430558, 24.8214994, 15.3163487, 31.7801574, 9.85724151;18.7759684, 33.6246011, 39.9590482, 29.1752579, 53.7364546, 57.236807, 51.9123698, 38.4805837, 42.5693175, 17.4358513, 50.0370599, 17.8387021, 23.9116504, 33.5619258, 49.1171123, 59.8340167, 11.2748398;16.5764125, 24.4731941, 24.0614652, 19.0865004, 18.3724362, 36.6587385, 20.4262885, 25.0498639, 37.8889739, 23.7183276, 14.6232086, 8.01523957, 22.3486328, 16.0945583, 15.9039867, 31.701741, 16.390932;5.09431498, 12.7727844, 14.4936277, 7.93024383, 11.3006535, 26.4370956, 16.1693591, 15.7734116, 15.2918061, 6.88488129, 17.755398, 15.5037715, 14.5453324, 11.8578561, 18.8201988, 18.3187398, 5.00708162]
use_normalization = 'False'
inhomogene = 'False'
