name = 'PolyMatchStringKernel'
degree = 3
km_train = [1, 0.014869086, 0.0180455633, 0.0352452408, 0.0120891176, 0.0302183883, 0.0256937805, 0.0180455633, 0.0469114155, 0.0302183883, 0.00967922425;0.014869086, 1, 0.0216449835, 0.0120891176, 0.0256937805, 0.014869086, 0.0120891176, 0.014869086, 0.00967922425, 0.0302183883, 0.0256937805;0.0180455633, 0.0216449835, 1, 0.0256937805, 0.0469114155, 0.0352452408, 0.0216449835, 0.00761297201, 0.0408007719, 0.0044056551, 0.0469114155;0.0352452408, 0.0120891176, 0.0256937805, 1, 0.0302183883, 0.0302183883, 0.0044056551, 0.0256937805, 0.00967922425, 0.0120891176, 0.0180455633;0.0120891176, 0.0256937805, 0.0469114155, 0.0302183883, 1, 0.0216449835, 0.0180455633, 0.0216449835, 0.0302183883, 0.00321172257, 0.0120891176;0.0302183883, 0.014869086, 0.0352452408, 0.0302183883, 0.0216449835, 1, 0.00967922425, 0.0180455633, 0.0469114155, 0.0408007719, 0.0216449835;0.0256937805, 0.0120891176, 0.0216449835, 0.0044056551, 0.0180455633, 0.00967922425, 1, 0.0302183883, 0.0180455633, 0.0302183883, 0.0180455633;0.0180455633, 0.014869086, 0.00761297201, 0.0256937805, 0.0216449835, 0.0180455633, 0.0302183883, 1, 0.0120891176, 0.0216449835, 0.0180455633;0.0469114155, 0.00967922425, 0.0408007719, 0.00967922425, 0.0302183883, 0.0469114155, 0.0180455633, 0.0120891176, 1, 0.0120891176, 0.00967922425;0.0302183883, 0.0302183883, 0.0044056551, 0.0120891176, 0.00321172257, 0.0408007719, 0.0302183883, 0.0216449835, 0.0120891176, 1, 0.00586392694;0.00967922425, 0.0256937805, 0.0469114155, 0.0180455633, 0.0120891176, 0.0216449835, 0.0180455633, 0.0180455633, 0.00967922425, 0.00586392694, 1]
data_train = ['CAATCCACGCGGAATCCTTAAAATTAGGCTTCCTTAGCCTCTGCGTAACCAGAAGACTTC', 'TCAAAAGTCAAAGATGCGATCCCGTGCGTTGTACTGTTCATTTTCTAGAGGGTATGACCT', 'GCTACCCGAAAATGAAAAAGAGTATACGCAGGAGCAAAGTAGCCGCGAAAAACATTATGT', 'CGACAGCACCTCCTATAGAAAGCCCCGACTAGAGTAAATCAATAGGCAGCAGATGGGCTC', 'TATGATCGCGAACTGAAAAGAAAAGTGCATCGAGAAATGAGTGCAAACTCGGGCTTTCCG', 'ATAAACGAATGACGAAACGGGGAGCCAGGATCCTTATTGAATGATGTTTCAAACAGCTAT', 'TTTTCTTCACCATCATCTGTTGAATATTCGTAGACTTGACGAGTCTGCTTGGGATTCATA', 'GGGTTTGAGCACATGTACGCCAGAGTCCCTTAGTTTTTATTAGAACCACGGTCAAGGCAA', 'CGTAGAAGGCAGCGAATTAGGATAACTGCTTCCTCTGGGATTACCATGTTAACCGAAGTG', 'ACGACCATAGCCACATGTGTCTAGACATTTGTCTTTGCCCAAGGCGACGGTTAGAACCCT', 'CGCAAGGTTATTAGTCTTGGGGAAGAGTGCGAGCAAAAAATGCTGCGAAATGTCTGGAAT']
size_ = 10
seqlen = 60
data_test = ['GCAGGACCGGGTACTACCACATAGGCCACGTAGATCCGTGGCGGGATGGCCTAATTGTTG', 'AAGGTTGCGTACTCGGACCAATCGCTCCTTATCCAAGCCGTAGATGTAACCATACTCTAC']
km_test = [0.0352452408, 0.0302183883;0.00967922425, 0.0180455633;0.0120891176, 0.00967922425;0.0180455633, 0.0180455633;0.0180455633, 0.0180455633;0.014869086, 0.0352452408;0.0256937805, 0.0044056551;0.0216449835, 0.0469114155;0.014869086, 0.00321172257;0.014869086, 0.0256937805;0.00586392694, 0.0044056551]
alphabet = 'DNA'
use_normalization = 'True'
inhomogene = 'True'
