name = 'Poly'
feature_type = 'Real'
data_type = 'double'
km_train = [84.4700313, 27.2950308, 26.1044901, 30.9366462, 30.1295342, 32.372945, 36.3798253, 29.6839755, 34.7730897, 21.7569089, 5.15518948;27.2950308, 40.223577, 30.8050759, 23.3145209, 16.4201798, 26.7582787, 22.3984839, 31.9804482, 27.1396195, 11.656541, 2.45510887;26.1044901, 30.8050759, 51.2914413, 34.0092148, 16.3327238, 34.1550262, 24.9770823, 31.7805526, 17.2954747, 15.7994774, 4.99801205;30.9366462, 23.3145209, 34.0092148, 68.9320045, 27.316683, 51.9333511, 37.887397, 63.0985279, 12.4398961, 19.8893474, 6.97956596;30.1295342, 16.4201798, 16.3327238, 27.316683, 63.2005241, 34.916088, 26.6153645, 33.4532102, 10.9084394, 12.0370579, 10.3986923;32.372945, 26.7582787, 34.1550262, 51.9333511, 34.916088, 80.3121459, 31.1325275, 47.3276861, 18.936365, 19.3123201, 11.7891227;36.3798253, 22.3984839, 24.9770823, 37.887397, 26.6153645, 31.1325275, 103.403525, 52.5812151, 16.8982192, 33.7409408, 6.63021364;29.6839755, 31.9804482, 31.7805526, 63.0985279, 33.4532102, 47.3276861, 52.5812151, 93.9909873, 20.0089206, 19.2353267, 7.93770066;34.7730897, 27.1396195, 17.2954747, 12.4398961, 10.9084394, 18.936365, 16.8982192, 20.0089206, 50.2602975, 5.22196957, 2.8743087;21.7569089, 11.656541, 15.7994774, 19.8893474, 12.0370579, 19.3123201, 33.7409408, 19.2353267, 5.22196957, 23.3706694, 3.01224172;5.15518948, 2.45510887, 4.99801205, 6.97956596, 10.3986923, 11.7891227, 6.63021364, 7.93770066, 2.8743087, 3.01224172, 4.67443099]
data_train = [0.929921763, 0.545083413, 0.661466205, 0.903273622, 0.0985468514, 0.232078578, 0.708900006, 0.823744462, 0.857029028, 0.415107177, 0.0893399023;0.437781477, 0.23073459, 0.291196455, 0.772267557, 0.075527086, 0.827581217, 0.427669086, 0.596063931, 0.0896522312, 0.337359078, 0.089700919;0.961543723, 0.807261649, 0.459632754, 0.223602548, 0.933455105, 0.344596596, 0.160984432, 0.563164388, 0.94377412, 0.0038302905, 0.238124843;0.93844764, 0.171085967, 0.113243452, 0.570187216, 0.861843823, 0.477109818, 0.994564257, 0.6791717, 0.0740749072, 0.992832132, 0.407894237;0.287402534, 0.557879184, 0.304307592, 0.0864575071, 0.00142834308, 0.449583353, 0.836863422, 0.572315186, 0.999207299, 0.286846646, 0.280455065;0.15974946, 0.164063588, 0.285186596, 0.792840045, 0.905756791, 0.97508717, 0.232289654, 0.881297546, 0.328255089, 0.112840545, 0.870024926;0.636105635, 0.164730896, 0.429831258, 0.287257695, 0.736794569, 0.453416231, 0.989279945, 0.0547449823, 0.355015266, 0.481900167, 0.503133555;0.315935822, 0.729240249, 0.874747073, 0.938719302, 0.805093377, 0.850580197, 0.550545301, 0.825888226, 0.303503909, 0.398478762, 0.316913014;0.467387335, 0.285579616, 0.961611442, 0.312844628, 0.0980445381, 0.526817166, 0.0570990784, 0.110543166, 0.219389389, 0.46435025, 0.433250932;0.799691862, 0.739474654, 0.426318294, 0.333704208, 0.316468784, 0.773995087, 0.0520724062, 0.0128216495, 0.795544392, 0.477146376, 0.130881139;0.235565935, 0.932503953, 0.859502976, 0.70978505, 0.48222523, 0.520323626, 0.975244535, 0.965770444, 0.215269046, 0.811104566, 0.197242666]
feature_class = 'simple'
kparam2_use_normalization = 'False'
data_test = [0.213537478, 0.676093034, 0.405001099, 0.931544407, 0.0890097349, 0.511525641, 0.91852153, 0.90411366, 0.156529213, 0.3666377, 0.6191214, 0.159394885, 0.968022172, 0.914749329, 0.166950179, 0.121155461, 0.0854084828;0.909443664, 0.19362381, 0.416284929, 0.448851366, 0.599011044, 0.0717353437, 0.226758617, 0.931490387, 0.908410107, 0.781290647, 0.0194012456, 0.327006768, 0.627958735, 0.275190212, 0.909586695, 0.633889462, 0.0719067173;0.909005589, 0.957766658, 0.0777124184, 0.532360235, 0.303364282, 0.392839076, 0.179651218, 0.578072102, 0.957979353, 0.5030726, 0.0829145814, 0.620001333, 0.340222994, 0.85592519, 0.434678148, 0.192839609, 0.191105623;0.768764181, 0.265587598, 0.767233394, 0.205887311, 0.321686369, 0.465486972, 0.94319585, 0.931731425, 0.206871875, 0.358219041, 0.149399388, 0.509985079, 0.460582551, 0.900760162, 0.930005378, 0.383567391, 0.491737943;0.896236249, 0.806707808, 0.00365631134, 0.320059564, 0.421774242, 0.229716284, 0.199571616, 0.0377845066, 0.643369725, 0.26251029, 0.0523471784, 0.230979311, 0.801913953, 0.851489182, 0.483066245, 0.41607067, 0.977853694;0.20056466, 0.215359283, 0.291867177, 0.172757318, 0.379365598, 0.910834227, 0.615347841, 0.411946549, 0.934410795, 0.0484642325, 0.210276178, 0.565888605, 0.615552623, 0.0395575066, 0.403038758, 0.649153965, 0.698070546;0.638139903, 0.320563224, 0.0935201236, 0.427112446, 0.128754437, 0.947623659, 0.475170866, 0.317259174, 0.766304071, 0.497948593, 0.310034024, 0.811967742, 0.867152151, 0.673008166, 0.0469644224, 0.56632288, 0.763294912;0.136503012, 0.228670751, 0.882495105, 0.0201217219, 0.752727138, 0.473773293, 0.446772159, 0.00709653249, 0.819398231, 0.359824901, 0.540765631, 0.677300686, 0.702629576, 0.955980059, 0.531339953, 0.399719551, 0.953703626;0.642110235, 0.298150356, 0.126464245, 0.842554501, 0.362181603, 0.660469721, 0.470816419, 0.19892978, 0.601686609, 0.060683069, 0.41334246, 0.54661494, 0.436046974, 0.748672175, 0.827924955, 0.771243074, 0.0388129478;0.19412877, 0.536607509, 0.93482204, 0.834956775, 0.842534508, 0.303208194, 0.429447897, 0.470705947, 0.157371583, 0.0310681302, 0.946902899, 0.240712586, 0.239948904, 0.0833790538, 0.928507752, 0.579737115, 0.667036857;0.911576887, 0.345620169, 0.621507311, 0.0387994547, 0.186772528, 0.831245805, 0.766768356, 0.350642691, 0.376810628, 0.533554434, 0.000241004685, 0.241244336, 0.208231809, 0.250482947, 0.805905843, 0.279673857, 0.191521322]
kparam0_degree = 3
kparam1_inhomogene = 'False'
km_test = [46.6936998, 29.1030766, 19.5227729, 33.8908452, 12.6033588, 27.8905956, 37.7463902, 43.2984015, 33.8506397, 10.5811666, 10.2371647, 20.9836036, 42.2022884, 68.7304996, 45.2879252, 16.2966963, 16.2367375;29.9673154, 20.5932557, 16.1298384, 11.5810604, 11.4661105, 18.806151, 18.4582154, 10.8198048, 26.4431528, 6.68918248, 5.47078481, 10.0570713, 20.2509933, 32.9444812, 33.2703332, 8.8279848, 14.9916204;30.3215061, 14.3692221, 14.9333567, 16.8217404, 11.0522656, 33.4724816, 26.7074722, 10.7265737, 36.2571483, 6.7996833, 7.45788761, 16.6230199, 30.9359379, 44.6373181, 36.3300362, 16.2094129, 13.2489726;26.9311737, 10.5137121, 27.5930928, 12.1746386, 13.8605038, 33.619206, 42.0941461, 29.5725562, 41.7481695, 10.6665271, 6.76564978, 17.2969564, 43.9255158, 38.5909506, 42.697998, 17.2253741, 17.1533642;25.0970553, 10.4517768, 14.8296115, 4.52045413, 8.63711059, 35.6184041, 24.5784035, 14.7469257, 43.5632479, 6.30485974, 3.13311456, 25.9662181, 22.9000456, 33.0563581, 23.9923999, 12.0403766, 24.0671415;41.0285064, 14.5030103, 27.6578065, 15.6769478, 26.2690606, 38.4349935, 32.076971, 23.0172641, 68.7483355, 9.34977239, 8.4832164, 26.0470169, 44.9920842, 35.7317291, 66.0657345, 33.3713382, 35.7341499;58.8678797, 16.2057981, 16.6196505, 8.16693246, 7.05169714, 38.8130264, 44.2919053, 23.9359677, 33.8278288, 15.2231995, 2.62436353, 18.3952165, 53.4494185, 64.2429837, 33.4089023, 13.7513144, 29.6618223;44.4834528, 18.0593905, 21.163678, 7.89580908, 11.4721032, 34.5995118, 42.2586745, 27.8983257, 50.3759344, 12.7162737, 2.78328874, 16.6395803, 45.0307582, 50.0657385, 43.2780396, 13.4963378, 20.9540475;24.3957836, 31.1682852, 6.03179815, 20.7510305, 8.61759134, 14.2401666, 13.1884051, 11.4561493, 25.5075117, 4.11654787, 6.44755849, 8.77456378, 29.7032082, 37.9512337, 17.3834195, 8.15563095, 18.4727955;25.2566345, 5.73002947, 15.8165065, 6.76004486, 5.90070948, 18.3977756, 26.3058319, 14.3707462, 11.0358472, 5.0286116, 3.11065151, 8.49999904, 16.6885301, 24.7619679, 32.7902397, 9.69191927, 9.9027147;6.90535438, 2.34794294, 2.12873092, 2.08509545, 2.30435854, 12.3126102, 7.0044177, 2.92333756, 13.8620453, 0.95479761, 0.900831791, 6.80963446, 9.16217484, 7.72854473, 6.82321582, 6.11165406, 7.64446709]
accuracy = 1e-06
data_class = 'rand'
