name = 'Poly'
feature_type = 'real'
data_type = 'double'
km_train = [72.1692385, 42.0050605, 35.4223064, 46.9895549, 70.9786931, 72.974913, 18.5398688, 45.1340626, 48.6583292, 35.9110136, 35.9567429;42.0050605, 79.1305746, 32.7379059, 45.4228258, 86.7162578, 56.1036199, 19.7238905, 64.1558708, 38.2473422, 19.3318108, 27.3270488;35.4223064, 32.7379059, 43.3078678, 49.1309143, 78.6815422, 66.1916177, 15.7478893, 33.1330935, 30.8928111, 28.6860592, 36.3831937;46.9895549, 45.4228258, 49.1309143, 102.295821, 114.98152, 82.7167863, 17.0674375, 54.6701116, 65.0616909, 58.7640079, 55.9652408;70.9786931, 86.7162578, 78.6815422, 114.98152, 233.967222, 124.907953, 30.0870427, 94.7548684, 74.9744638, 59.984093, 73.2825202;72.974913, 56.1036199, 66.1916177, 82.7167863, 124.907953, 161.523258, 23.1977225, 65.0545587, 44.7701068, 47.6250341, 73.7371659;18.5398688, 19.7238905, 15.7478893, 17.0674375, 30.0870427, 23.1977225, 21.310703, 20.641871, 18.9563738, 11.7406244, 25.90875;45.1340626, 64.1558708, 33.1330935, 54.6701116, 94.7548684, 65.0545587, 20.641871, 86.3889559, 42.6292496, 18.0672629, 38.2358957;48.6583292, 38.2473422, 30.8928111, 65.0616909, 74.9744638, 44.7701068, 18.9563738, 42.6292496, 69.9751369, 47.2257301, 34.0519148;35.9110136, 19.3318108, 28.6860592, 58.7640079, 59.984093, 47.6250341, 11.7406244, 18.0672629, 47.2257301, 60.8045698, 36.4911874;35.9567429, 27.3270488, 36.3831937, 55.9652408, 73.2825202, 73.7371659, 25.90875, 38.2358957, 34.0519148, 36.4911874, 94.8680017]
data_train = [0.101891754, 0.0159202673, 0.616182965, 0.960829417, 0.902868023, 0.696754815, 0.0966405842, 0.274164038, 0.320056727, 0.763150058, 0.802249179;0.385106123, 0.417883997, 0.0445090393, 0.289136718, 0.451285177, 0.116983046, 0.453267461, 0.853175812, 0.58132102, 0.078929855, 0.191671319;0.47454435, 0.36148715, 0.35872702, 0.529267448, 0.584395922, 0.79686157, 0.340966563, 0.805466283, 0.338611229, 0.0554329889, 0.554187651;0.587902325, 0.934540246, 0.726061326, 0.917772652, 0.90834721, 0.60457411, 0.527762065, 0.557440967, 0.978330808, 0.773167692, 0.106265905;0.778428407, 0.170538049, 0.447350549, 0.210459672, 0.689583066, 0.877309736, 0.290361885, 0.0820107412, 0.298493098, 0.672361858, 0.328760128;0.278112168, 0.184435191, 0.497516427, 0.275948828, 0.731010349, 0.076622402, 0.664033033, 0.237560015, 0.489279261, 0.286089922, 0.722768676;0.94530704, 0.917076779, 0.583426215, 0.462610303, 0.818300509, 0.683326363, 0.183564114, 0.820919214, 0.428884389, 0.18898566, 0.28179735;0.26752703, 0.519206975, 0.234370091, 0.123566487, 0.123690851, 0.583276197, 0.734759289, 0.321533009, 0.0346507098, 0.127224887, 0.91469456;0.49354366, 0.45357281, 0.0380491783, 0.728637022, 0.528068081, 0.202080936, 0.11007376, 0.383387864, 0.837161964, 0.865294559, 0.60284638;0.727536427, 0.115155787, 0.588126065, 0.666965703, 0.200712843, 0.880154733, 0.194996738, 0.31347736, 0.620556847, 0.638350065, 0.699384741;0.112011713, 0.84946443, 0.532847132, 0.471321794, 0.981097625, 0.740378297, 0.118006027, 0.756539167, 0.095248934, 0.0274705625, 0.403625895]
feature_class = 'simple'
kparam2_use_normalization = 'False'
data_test = [0.993578173, 0.174883936, 0.672644344, 0.173396066, 0.724786975, 0.505353668, 0.67997171, 0.202873176, 0.745628333, 0.99561906, 0.665650501, 0.493479998, 0.923173989, 0.0158518422, 0.729923519, 0.888746517, 0.0616745836;0.45006417, 0.204719454, 0.566518166, 0.649542959, 0.302623183, 0.45998167, 0.279339485, 0.369391164, 0.159539957, 0.885559444, 0.0100104106, 0.882409186, 0.571678878, 0.331657844, 0.723057125, 0.507752152, 0.499108658;0.110142283, 0.389516026, 0.241064346, 0.0156959056, 0.360099631, 0.0898221294, 0.256830038, 0.0925166212, 0.100941626, 0.199011294, 0.999849244, 0.00218414286, 0.638672636, 0.141243698, 0.920628137, 0.0936328933, 0.955063187;0.610926387, 0.00126807692, 0.894007198, 0.521711801, 0.262669735, 0.767279178, 0.926665554, 0.483690823, 0.315553474, 0.788945124, 0.681785498, 0.888752484, 0.692514013, 0.243528339, 0.93165925, 0.104835747, 0.26794275;0.520194608, 0.565742026, 0.0153105866, 0.780572726, 0.361607318, 0.406418541, 0.809369544, 0.379283392, 0.0472248765, 0.17643977, 0.955903172, 0.0704053624, 0.354931201, 0.503179167, 0.493280827, 0.00395994301, 0.501162731;0.383772458, 0.972079335, 0.159159084, 0.354154197, 0.419481485, 0.390693537, 0.665830828, 0.215512858, 0.221071553, 0.729210949, 0.500290519, 0.415155676, 0.169203052, 0.187527223, 0.0105516368, 0.0914262689, 0.556838695;0.89187313, 0.287164765, 0.327747226, 0.115605611, 0.388630946, 0.0372217046, 0.917600696, 0.673111348, 0.990748809, 0.882823163, 0.472990594, 0.519685031, 0.190576047, 0.462039343, 0.903027873, 0.0508534236, 0.863556803;0.340947802, 0.899512765, 0.940879906, 0.670864887, 0.664423787, 0.452754338, 0.835540225, 0.961612758, 0.7750818, 0.621936734, 0.606792896, 0.849469902, 0.541203766, 0.803859886, 0.508885255, 0.062444275, 0.383947009;0.444440958, 0.141617245, 0.102496329, 0.53546495, 0.0851436366, 0.302945168, 0.744596976, 0.96443218, 0.717870581, 0.992625548, 0.698337971, 0.293794471, 0.672052541, 0.702156765, 0.371726985, 0.0177138506, 0.703199785;0.0217000953, 0.631188078, 0.163616489, 0.565603528, 0.503913025, 0.0135136423, 0.362865817, 0.601091167, 0.848606552, 0.888642114, 0.48384997, 0.728422487, 0.316454577, 0.342186406, 0.194463519, 0.56194811, 0.314564151;0.0843708964, 0.685006087, 0.707753208, 0.359992419, 0.0767233995, 0.426297717, 0.442335458, 0.668670885, 0.315416391, 0.68259928, 0.871488542, 0.237486042, 0.978919556, 0.386368137, 0.267258685, 0.421511183, 0.0943974759]
kparam0_degree = 3
kparam1_inhomogene = 'True'
km_test = [38.4964951, 30.1069631, 21.7949337, 35.7069182, 23.7935785, 15.8279207, 86.9805149, 51.8171964, 47.4384432, 94.4883808, 75.9000048, 43.0213509, 37.4033058, 29.0470547, 67.3698003, 7.4176352, 57.5014467;34.1645925, 25.8105194, 48.9340548, 27.9286387, 15.9246641, 23.4292948, 83.9026517, 61.1041968, 41.4590078, 98.9104047, 70.4573685, 47.9531571, 57.154555, 28.7954039, 69.6142222, 6.70370738, 40.0025671;33.1956656, 30.202319, 31.2642908, 22.3087338, 23.7233066, 19.073098, 68.8362601, 31.7741722, 36.4996947, 80.8337113, 70.6755668, 35.8025341, 44.3804929, 14.9272063, 47.895528, 12.604911, 25.7891394;52.8167525, 24.7153878, 46.2911626, 32.0660584, 29.8947216, 28.8629157, 97.0416053, 54.1349167, 62.4928475, 157.758443, 102.024561, 56.3011098, 88.9832598, 22.000336, 83.257799, 21.7221702, 40.2725911;88.2730149, 54.8534218, 69.3624484, 48.906014, 39.9165746, 48.4892217, 169.194365, 75.0498568, 66.4528066, 211.47389, 177.221495, 67.3717247, 129.856404, 34.260133, 126.272574, 22.811997, 69.7472919;49.3304021, 56.6225541, 52.9300997, 45.8640091, 43.1022509, 27.1653584, 120.857632, 70.9494061, 70.0546466, 132.468219, 161.007277, 55.1588673, 94.0143577, 35.2605326, 102.610689, 19.8703619, 55.2907303;16.4494612, 26.625868, 23.4951064, 21.4743331, 16.1633079, 15.5524863, 40.472931, 23.3810036, 16.3661302, 42.8536572, 32.3428069, 30.827042, 22.6854196, 14.9640407, 27.1124722, 4.75549376, 22.0705519;36.0120789, 30.0725464, 46.5376045, 27.5129389, 22.0462476, 21.3975362, 70.3695013, 51.6052757, 42.7481212, 118.843817, 75.998622, 51.0701813, 70.8820891, 25.1325513, 87.0241797, 13.7623936, 55.1643899;37.4460577, 19.3011085, 27.3045752, 34.6926503, 19.2699718, 23.3185127, 76.987501, 45.4594221, 39.5105135, 119.80692, 61.4577949, 52.2381957, 49.1494682, 21.6915373, 58.9460785, 10.4671426, 42.655431;37.4088244, 16.4581331, 19.9614302, 31.4186655, 20.093224, 20.8496731, 72.7282801, 38.1330881, 38.7372245, 89.2469133, 63.08486, 33.7499719, 43.7191037, 18.663856, 39.6061043, 11.1878699, 23.5597945;37.1951826, 63.5749748, 39.7126801, 37.6031417, 40.7429122, 22.6570283, 90.5928486, 61.9882431, 65.7080905, 129.610546, 99.7558904, 50.2334569, 68.269101, 31.7181407, 50.2878946, 17.2937576, 44.614031]
accuracy = 1e-06
data_class = 'rand'
