name = 'Poly'
feature_type = 'real'
data_type = 'double'
km_train = [1, 0.51420978, 0.635886585, 0.306471964, 0.395188531, 0.184957685, 0.319409743, 0.440374925, 0.471033721, 0.448461764, 0.490718481;0.51420978, 1, 0.367390409, 0.563265236, 0.216917289, 0.189221326, 0.20700755, 0.108312682, 0.378520374, 0.548837286, 0.469047933;0.635886585, 0.367390409, 1, 0.173088024, 0.608668549, 0.282056445, 0.280639759, 0.366036567, 0.414519349, 0.804611153, 0.646146893;0.306471964, 0.563265236, 0.173088024, 1, 0.208816191, 0.134438003, 0.252892056, 0.202141098, 0.159337168, 0.316260859, 0.240918943;0.395188531, 0.216917289, 0.608668549, 0.208816191, 1, 0.315894763, 0.424318271, 0.261652814, 0.31361765, 0.491581565, 0.77587358;0.184957685, 0.189221326, 0.282056445, 0.134438003, 0.315894763, 1, 0.371035716, 0.150281991, 0.196179924, 0.297996417, 0.411753602;0.319409743, 0.20700755, 0.280639759, 0.252892056, 0.424318271, 0.371035716, 1, 0.550477842, 0.325041861, 0.290733258, 0.386328064;0.440374925, 0.108312682, 0.366036567, 0.202141098, 0.261652814, 0.150281991, 0.550477842, 1, 0.157276512, 0.213831168, 0.210664549;0.471033721, 0.378520374, 0.414519349, 0.159337168, 0.31361765, 0.196179924, 0.325041861, 0.157276512, 1, 0.458626258, 0.368624541;0.448461764, 0.548837286, 0.804611153, 0.316260859, 0.491581565, 0.297996417, 0.290733258, 0.213831168, 0.458626258, 1, 0.551263698;0.490718481, 0.469047933, 0.646146893, 0.240918943, 0.77587358, 0.411753602, 0.386328064, 0.210664549, 0.368624541, 0.551263698, 1]
data_train = [0.563737101, 0.204979233, 0.741995391, 0.0522791033, 0.852542645, 0.198196386, 0.874398032, 0.352529241, 0.722683574, 0.319225298, 0.905911671;0.126637126, 0.178519789, 0.493030125, 0.081938439, 0.195980185, 0.943766382, 0.976489661, 0.376259329, 0.923286021, 0.544824676, 0.269742466;0.702398721, 0.658901807, 0.989125319, 0.265047287, 0.672059503, 0.052023755, 0.113646039, 0.00391837495, 0.999460681, 0.802273697, 0.786723015;0.509726075, 0.300067083, 0.151264284, 0.284674739, 0.375971222, 0.756310097, 0.539661789, 0.0774836266, 0.018029009, 0.10233218, 0.410498714;0.933192917, 0.637402481, 0.8018259, 0.466374595, 0.361666083, 0.108400373, 0.875933022, 0.783160029, 0.168118098, 0.512260564, 0.487374808;0.625091553, 0.946186894, 0.579771442, 0.540217267, 0.0503229329, 0.062907476, 0.187346791, 0.0324707717, 0.743352896, 0.723330304, 0.136056234;0.836078901, 0.154786035, 0.301175587, 0.248976899, 0.372307099, 0.254663766, 0.488950926, 0.407407881, 0.986569491, 0.0559263501, 0.142181376;0.0528258939, 0.625841195, 0.0545092774, 0.836439737, 0.511938631, 0.527007625, 0.561594508, 0.170813706, 0.197690303, 0.318817323, 0.593496416;0.210117776, 0.116331727, 0.970116886, 0.0219818148, 0.802697405, 0.78803515, 0.297214114, 0.135626616, 0.145628647, 0.697431617, 0.642806591;0.782745674, 0.937481172, 0.691927363, 0.155851537, 0.243442617, 0.842193731, 0.209306076, 0.072522317, 0.703280054, 0.402526355, 0.920040053;0.650255071, 0.0904189778, 0.947856567, 0.258557264, 0.33721249, 0.402260414, 0.0512242964, 0.496515422, 0.123318491, 0.400970327, 0.350709788]
feature_class = 'simple'
kparam2_use_normalization = 'True'
data_test = [0.772840083, 0.803170512, 0.153412882, 0.366551187, 0.373353161, 0.151410444, 0.798453505, 0.707228328, 0.190381786, 0.366721909, 0.105805025, 0.628206597, 0.121371925, 0.985934169, 0.780682075, 0.39023855, 0.578563932;0.911341816, 0.55409928, 0.174498486, 0.378703356, 0.843144865, 0.644213016, 0.650724384, 0.866821486, 0.893973057, 0.919792572, 0.0948491933, 0.544126002, 0.740509521, 0.756926845, 0.606716202, 0.166787335, 0.797420554;0.720111334, 0.0861357715, 0.463809825, 0.1739774, 0.337477046, 0.0180810922, 0.400329868, 0.549876921, 0.619582593, 0.663490345, 0.836291313, 0.215462907, 0.120481822, 0.851537172, 0.156612815, 0.974760081, 0.842538229;0.500876606, 0.981421425, 0.0973767291, 0.303065761, 0.638224415, 0.350006868, 0.928372552, 0.0656260882, 0.549411832, 0.590866267, 0.652728124, 0.255666223, 0.364566428, 0.84368053, 0.194942769, 0.826867847, 0.562655423;0.762187511, 0.713607366, 0.207511495, 0.568812736, 0.867723153, 0.432116237, 0.96659077, 0.4522151, 0.142785637, 0.38943468, 0.951702406, 0.319720849, 0.86809816, 0.881250682, 0.350186524, 0.0832576581, 0.724557909;0.311512299, 0.782923614, 0.442654848, 0.485266742, 0.777909407, 0.382363331, 0.443127345, 0.376190469, 0.367340515, 0.525946577, 0.808799445, 0.361768312, 0.524254721, 0.670727325, 0.269439446, 0.277522805, 0.933413127;0.723534573, 0.577186676, 0.647720054, 0.0292994431, 0.618102966, 0.509508873, 0.54574968, 0.359423827, 0.0814738977, 0.193339234, 0.950744713, 0.408699562, 0.466683156, 0.0527097899, 0.0375662295, 0.717181447, 0.538094664;0.508705984, 0.24312453, 0.744750732, 0.168236579, 0.189934744, 0.460712171, 0.286279862, 0.247462981, 0.645237645, 0.650971745, 0.82451707, 0.417708567, 0.073085091, 0.273666385, 0.980005463, 0.596258575, 0.709737085;0.00735782963, 0.518205732, 0.0375286575, 0.569230212, 0.92077085, 0.968419131, 0.540552675, 0.458204805, 0.945017094, 0.673609832, 0.0648992795, 0.465725578, 0.240245018, 0.469804321, 0.455465572, 0.582144803, 0.35677049;0.164270449, 0.503719435, 0.830202884, 0.664012228, 0.338367866, 0.935523023, 0.912207571, 0.209348399, 0.0394175851, 0.741308708, 0.827610261, 0.967864566, 0.889836394, 0.600534768, 0.530052339, 0.0278410513, 0.246656447;0.459614752, 0.6285039, 0.557251833, 0.74263599, 0.279766931, 0.564952608, 0.0881422434, 0.413665524, 0.750160833, 0.693400853, 0.990642737, 0.277891126, 0.498189299, 0.329530414, 0.440603114, 0.85695013, 0.684209075]
kparam0_degree = 3
kparam1_inhomogene = 'False'
km_test = [0.54624322, 0.635649859, 0.505030395, 0.545683678, 0.519147148, 0.380320438, 0.647637162, 0.426408423, 0.168765995, 0.442089771, 0.760985411, 0.51408236, 0.622572786, 0.571950587, 0.22636849, 0.398340597, 0.59695228;0.293871311, 0.351641721, 0.570216462, 0.418157191, 0.353202612, 0.325969669, 0.47762409, 0.262846948, 0.161415379, 0.487602906, 0.600555901, 0.502255032, 0.45938718, 0.499842815, 0.336693924, 0.176401333, 0.529183291;0.434588796, 0.496533857, 0.324606378, 0.75480458, 0.567670409, 0.495323324, 0.489217948, 0.687201082, 0.462033077, 0.645351999, 0.427832057, 0.533677153, 0.469028291, 0.643000223, 0.376626454, 0.416520107, 0.600976287;0.353518154, 0.310935182, 0.520309487, 0.241033521, 0.275079734, 0.2224356, 0.257890366, 0.193263402, 0.241588714, 0.371855757, 0.653308881, 0.238417094, 0.239589569, 0.272030146, 0.391368173, 0.307340011, 0.585348639;0.473181563, 0.437476388, 0.25736201, 0.382392389, 0.431908429, 0.362839309, 0.496583308, 0.571490264, 0.469231469, 0.516595005, 0.291615347, 0.483298579, 0.170171218, 0.559113889, 0.531105303, 0.59306081, 0.501053576;0.261913742, 0.444024587, 0.263269544, 0.470801243, 0.459938846, 0.759405647, 0.493929517, 0.34284268, 0.53722078, 0.708487358, 0.202294216, 0.616925125, 0.435429932, 0.356080738, 0.487553502, 0.249803193, 0.31720964;0.73788872, 0.581498527, 0.164869114, 0.306101732, 0.583700715, 0.330133155, 0.685785477, 0.625932168, 0.286277323, 0.440734185, 0.226313118, 0.486307588, 0.417488739, 0.592750805, 0.541595042, 0.185194216, 0.53455371;0.555912417, 0.441903842, 0.181380547, 0.392198578, 0.416648699, 0.290344797, 0.376971871, 0.456104085, 0.171905211, 0.267707004, 0.343302451, 0.27314783, 0.481655622, 0.308390423, 0.288696332, 0.162276858, 0.406418255;0.572539511, 0.318517721, 0.439237916, 0.223489606, 0.391440179, 0.26501765, 0.405554533, 0.630224353, 0.204085386, 0.434108158, 0.332633694, 0.527556263, 0.356723518, 0.426740183, 0.250169627, 0.268210394, 0.541060325;0.416855549, 0.416609949, 0.329929141, 0.625274653, 0.62792675, 0.463616078, 0.43975167, 0.682297105, 0.59116445, 0.740662708, 0.401279805, 0.48381575, 0.420950848, 0.661695858, 0.428113187, 0.361502865, 0.723643274;0.426058153, 0.438134702, 0.418754946, 0.54321592, 0.370294913, 0.452403321, 0.635637478, 0.509386294, 0.347415819, 0.644396607, 0.3795489, 0.725841903, 0.32300228, 0.682813138, 0.635525281, 0.384800118, 0.47840978]
data_class = 'rand'
accuracy = 1e-06
