name = 'Poly'
feature_type = 'real'
data_type = 'double'
km_train = [1, 0.598755627, 0.690749841, 0.418455094, 0.496738986, 0.287846645, 0.42012115, 0.522510521, 0.550857245, 0.543583605, 0.575128335;0.598755627, 1, 0.453977468, 0.651774055, 0.345010171, 0.305467035, 0.321536442, 0.253905001, 0.473009447, 0.644633691, 0.565190102;0.690749841, 0.453977468, 1, 0.274092951, 0.662886968, 0.372785489, 0.370379583, 0.43679237, 0.49110652, 0.8224409, 0.699714363;0.418455094, 0.651774055, 0.274092951, 1, 0.374513303, 0.275914697, 0.388733687, 0.43246011, 0.273958364, 0.47156005, 0.372452271;0.496738986, 0.345010171, 0.662886968, 0.374513303, 1, 0.438418704, 0.533440988, 0.426948416, 0.416218534, 0.604874714, 0.820887357;0.287846645, 0.305467035, 0.372785489, 0.275914697, 0.438418704, 1, 0.478238349, 0.295750082, 0.294949039, 0.420983211, 0.512862223;0.42012115, 0.321536442, 0.370379583, 0.388733687, 0.533440988, 0.478238349, 1, 0.625323865, 0.420927852, 0.411121542, 0.488022736;0.522510521, 0.253905001, 0.43679237, 0.43246011, 0.426948416, 0.295750082, 0.625323865, 1, 0.272412447, 0.380931434, 0.344768724;0.550857245, 0.473009447, 0.49110652, 0.273958364, 0.416218534, 0.294949039, 0.420927852, 0.272412447, 1, 0.546451514, 0.460415579;0.543583605, 0.644633691, 0.8224409, 0.47156005, 0.604874714, 0.420983211, 0.411121542, 0.380931434, 0.546451514, 1, 0.638840634;0.575128335, 0.565190102, 0.699714363, 0.372452271, 0.820887357, 0.512862223, 0.488022736, 0.344768724, 0.460415579, 0.638840634, 1]
data_train = [0.563737101, 0.204979233, 0.741995391, 0.0522791033, 0.852542645, 0.198196386, 0.874398032, 0.352529241, 0.722683574, 0.319225298, 0.905911671;0.126637126, 0.178519789, 0.493030125, 0.081938439, 0.195980185, 0.943766382, 0.976489661, 0.376259329, 0.923286021, 0.544824676, 0.269742466;0.702398721, 0.658901807, 0.989125319, 0.265047287, 0.672059503, 0.052023755, 0.113646039, 0.00391837495, 0.999460681, 0.802273697, 0.786723015;0.509726075, 0.300067083, 0.151264284, 0.284674739, 0.375971222, 0.756310097, 0.539661789, 0.0774836266, 0.018029009, 0.10233218, 0.410498714;0.933192917, 0.637402481, 0.8018259, 0.466374595, 0.361666083, 0.108400373, 0.875933022, 0.783160029, 0.168118098, 0.512260564, 0.487374808;0.625091553, 0.946186894, 0.579771442, 0.540217267, 0.0503229329, 0.062907476, 0.187346791, 0.0324707717, 0.743352896, 0.723330304, 0.136056234;0.836078901, 0.154786035, 0.301175587, 0.248976899, 0.372307099, 0.254663766, 0.488950926, 0.407407881, 0.986569491, 0.0559263501, 0.142181376;0.0528258939, 0.625841195, 0.0545092774, 0.836439737, 0.511938631, 0.527007625, 0.561594508, 0.170813706, 0.197690303, 0.318817323, 0.593496416;0.210117776, 0.116331727, 0.970116886, 0.0219818148, 0.802697405, 0.78803515, 0.297214114, 0.135626616, 0.145628647, 0.697431617, 0.642806591;0.782745674, 0.937481172, 0.691927363, 0.155851537, 0.243442617, 0.842193731, 0.209306076, 0.072522317, 0.703280054, 0.402526355, 0.920040053;0.650255071, 0.0904189778, 0.947856567, 0.258557264, 0.33721249, 0.402260414, 0.0512242964, 0.496515422, 0.123318491, 0.400970327, 0.350709788]
feature_class = 'simple'
kparam2_use_normalization = 'True'
data_test = [0.772840083, 0.803170512, 0.153412882, 0.366551187, 0.373353161, 0.151410444, 0.798453505, 0.707228328, 0.190381786, 0.366721909, 0.105805025, 0.628206597, 0.121371925, 0.985934169, 0.780682075, 0.39023855, 0.578563932;0.911341816, 0.55409928, 0.174498486, 0.378703356, 0.843144865, 0.644213016, 0.650724384, 0.866821486, 0.893973057, 0.919792572, 0.0948491933, 0.544126002, 0.740509521, 0.756926845, 0.606716202, 0.166787335, 0.797420554;0.720111334, 0.0861357715, 0.463809825, 0.1739774, 0.337477046, 0.0180810922, 0.400329868, 0.549876921, 0.619582593, 0.663490345, 0.836291313, 0.215462907, 0.120481822, 0.851537172, 0.156612815, 0.974760081, 0.842538229;0.500876606, 0.981421425, 0.0973767291, 0.303065761, 0.638224415, 0.350006868, 0.928372552, 0.0656260882, 0.549411832, 0.590866267, 0.652728124, 0.255666223, 0.364566428, 0.84368053, 0.194942769, 0.826867847, 0.562655423;0.762187511, 0.713607366, 0.207511495, 0.568812736, 0.867723153, 0.432116237, 0.96659077, 0.4522151, 0.142785637, 0.38943468, 0.951702406, 0.319720849, 0.86809816, 0.881250682, 0.350186524, 0.0832576581, 0.724557909;0.311512299, 0.782923614, 0.442654848, 0.485266742, 0.777909407, 0.382363331, 0.443127345, 0.376190469, 0.367340515, 0.525946577, 0.808799445, 0.361768312, 0.524254721, 0.670727325, 0.269439446, 0.277522805, 0.933413127;0.723534573, 0.577186676, 0.647720054, 0.0292994431, 0.618102966, 0.509508873, 0.54574968, 0.359423827, 0.0814738977, 0.193339234, 0.950744713, 0.408699562, 0.466683156, 0.0527097899, 0.0375662295, 0.717181447, 0.538094664;0.508705984, 0.24312453, 0.744750732, 0.168236579, 0.189934744, 0.460712171, 0.286279862, 0.247462981, 0.645237645, 0.650971745, 0.82451707, 0.417708567, 0.073085091, 0.273666385, 0.980005463, 0.596258575, 0.709737085;0.00735782963, 0.518205732, 0.0375286575, 0.569230212, 0.92077085, 0.968419131, 0.540552675, 0.458204805, 0.945017094, 0.673609832, 0.0648992795, 0.465725578, 0.240245018, 0.469804321, 0.455465572, 0.582144803, 0.35677049;0.164270449, 0.503719435, 0.830202884, 0.664012228, 0.338367866, 0.935523023, 0.912207571, 0.209348399, 0.0394175851, 0.741308708, 0.827610261, 0.967864566, 0.889836394, 0.600534768, 0.530052339, 0.0278410513, 0.246656447;0.459614752, 0.6285039, 0.557251833, 0.74263599, 0.279766931, 0.564952608, 0.0881422434, 0.413665524, 0.750160833, 0.693400853, 0.990642737, 0.277891126, 0.498189299, 0.329530414, 0.440603114, 0.85695013, 0.684209075]
kparam0_degree = 3
kparam1_inhomogene = 'True'
km_test = [0.62244473, 0.696725776, 0.592452661, 0.625419113, 0.596416807, 0.477215286, 0.7044161, 0.525057103, 0.268209715, 0.527839167, 0.792474221, 0.600230603, 0.691402873, 0.636576602, 0.336091883, 0.490650995, 0.659553705;0.402095066, 0.450155525, 0.664066689, 0.538015447, 0.453890847, 0.438473294, 0.559002288, 0.39377594, 0.272458742, 0.575397774, 0.65056624, 0.606894305, 0.56512762, 0.57533947, 0.457837191, 0.284442215, 0.602571567;0.512729175, 0.566827432, 0.416392132, 0.772014682, 0.630914521, 0.568569686, 0.558386801, 0.724027887, 0.538792089, 0.698941455, 0.494620802, 0.599292187, 0.545625347, 0.69457954, 0.463315745, 0.49645565, 0.658021671;0.464750213, 0.416402631, 0.646726451, 0.422060663, 0.389640754, 0.360925815, 0.361539602, 0.366510808, 0.377051221, 0.472841261, 0.641625811, 0.406928569, 0.391233402, 0.36846342, 0.529963577, 0.427233788, 0.618819108;0.569189329, 0.530376695, 0.400431919, 0.519047408, 0.528267374, 0.478893941, 0.575588495, 0.674144253, 0.571727735, 0.602134245, 0.375215781, 0.600287814, 0.299207941, 0.624730586, 0.635800467, 0.671238923, 0.577583052;0.369394788, 0.533286298, 0.391634839, 0.579701257, 0.549564708, 0.80985407, 0.572978906, 0.465812246, 0.624717786, 0.762501088, 0.285451845, 0.6991194, 0.542075318, 0.445417331, 0.589408384, 0.358165607, 0.410521076;0.788732909, 0.652896035, 0.28823161, 0.43120548, 0.656558268, 0.438427452, 0.737692189, 0.703697281, 0.395831311, 0.531810739, 0.308869249, 0.587831008, 0.523764465, 0.655887574, 0.63288831, 0.289966332, 0.60684959;0.615838468, 0.516932095, 0.360131819, 0.555722021, 0.502537325, 0.422184592, 0.456652824, 0.59557606, 0.31153911, 0.382789491, 0.402624988, 0.441614683, 0.591778373, 0.395678159, 0.443761842, 0.293687591, 0.476440691;0.642123716, 0.407454583, 0.529564841, 0.332797007, 0.477681071, 0.363134486, 0.486462234, 0.689536307, 0.301124818, 0.517286725, 0.407848833, 0.605267697, 0.453982416, 0.504066741, 0.354191007, 0.363091373, 0.608597562;0.519758993, 0.511868593, 0.467605746, 0.718293916, 0.694506472, 0.567579711, 0.526386088, 0.761313398, 0.674241408, 0.786641314, 0.475004206, 0.599943536, 0.538248439, 0.710179502, 0.547742608, 0.47103604, 0.762531935;0.519857208, 0.525714482, 0.526877217, 0.632489396, 0.465486259, 0.547739056, 0.695125907, 0.604386526, 0.451576516, 0.707935501, 0.455325323, 0.78077605, 0.434665813, 0.732960709, 0.708393807, 0.482870871, 0.556650004]
data_class = 'rand'
accuracy = 1e-06
