name = 'Poly'
feature_type = 'real'
data_type = 'double'
km_train = [1, 0.451518319, 0.532092472, 0.447459045, 0.469352487, 0.609007467, 0.336301662, 0.471558482, 0.600463697, 0.43021583, 0.322084814;0.451518319, 1, 0.446990155, 0.401924436, 0.573850743, 0.403790943, 0.349529627, 0.716442785, 0.403653521, 0.159099505, 0.202851661;0.532092472, 0.446990155, 1, 0.67255046, 0.75936378, 0.756671771, 0.364008393, 0.429671787, 0.445157921, 0.438109, 0.463003816;0.447459045, 0.401924436, 0.67255046, 1, 0.697002123, 0.57243528, 0.234690803, 0.489695247, 0.71002163, 0.680265497, 0.475944561;0.469352487, 0.573850743, 0.75936378, 0.697002123, 1, 0.58157209, 0.339551109, 0.607562334, 0.514761577, 0.420407784, 0.409897328;0.609007467, 0.403790943, 0.756671771, 0.57243528, 0.58157209, 1, 0.287141742, 0.465265148, 0.321135705, 0.384149051, 0.516974227;0.336301662, 0.349529627, 0.364008393, 0.234690803, 0.339551109, 0.287141742, 1, 0.354793692, 0.355664279, 0.17402742, 0.474171427;0.471558482, 0.716442785, 0.429671787, 0.489695247, 0.607562334, 0.465265148, 0.354793692, 1, 0.44438815, 0.134829996, 0.31272883;0.600463697, 0.403653521, 0.445157921, 0.71002163, 0.514761577, 0.321135705, 0.355664279, 0.44438815, 1, 0.645660888, 0.303919829;0.43021583, 0.159099505, 0.438109, 0.680265497, 0.420407784, 0.384149051, 0.17402742, 0.134829996, 0.645660888, 1, 0.368620456;0.322084814, 0.202851661, 0.463003816, 0.475944561, 0.409897328, 0.516974227, 0.474171427, 0.31272883, 0.303919829, 0.368620456, 1]
data_train = [0.101891754, 0.0159202673, 0.616182965, 0.960829417, 0.902868023, 0.696754815, 0.0966405842, 0.274164038, 0.320056727, 0.763150058, 0.802249179;0.385106123, 0.417883997, 0.0445090393, 0.289136718, 0.451285177, 0.116983046, 0.453267461, 0.853175812, 0.58132102, 0.078929855, 0.191671319;0.47454435, 0.36148715, 0.35872702, 0.529267448, 0.584395922, 0.79686157, 0.340966563, 0.805466283, 0.338611229, 0.0554329889, 0.554187651;0.587902325, 0.934540246, 0.726061326, 0.917772652, 0.90834721, 0.60457411, 0.527762065, 0.557440967, 0.978330808, 0.773167692, 0.106265905;0.778428407, 0.170538049, 0.447350549, 0.210459672, 0.689583066, 0.877309736, 0.290361885, 0.0820107412, 0.298493098, 0.672361858, 0.328760128;0.278112168, 0.184435191, 0.497516427, 0.275948828, 0.731010349, 0.076622402, 0.664033033, 0.237560015, 0.489279261, 0.286089922, 0.722768676;0.94530704, 0.917076779, 0.583426215, 0.462610303, 0.818300509, 0.683326363, 0.183564114, 0.820919214, 0.428884389, 0.18898566, 0.28179735;0.26752703, 0.519206975, 0.234370091, 0.123566487, 0.123690851, 0.583276197, 0.734759289, 0.321533009, 0.0346507098, 0.127224887, 0.91469456;0.49354366, 0.45357281, 0.0380491783, 0.728637022, 0.528068081, 0.202080936, 0.11007376, 0.383387864, 0.837161964, 0.865294559, 0.60284638;0.727536427, 0.115155787, 0.588126065, 0.666965703, 0.200712843, 0.880154733, 0.194996738, 0.31347736, 0.620556847, 0.638350065, 0.699384741;0.112011713, 0.84946443, 0.532847132, 0.471321794, 0.981097625, 0.740378297, 0.118006027, 0.756539167, 0.095248934, 0.0274705625, 0.403625895]
feature_class = 'simple'
kparam2_use_normalization = 'True'
data_test = [0.993578173, 0.174883936, 0.672644344, 0.173396066, 0.724786975, 0.505353668, 0.67997171, 0.202873176, 0.745628333, 0.99561906, 0.665650501, 0.493479998, 0.923173989, 0.0158518422, 0.729923519, 0.888746517, 0.0616745836;0.45006417, 0.204719454, 0.566518166, 0.649542959, 0.302623183, 0.45998167, 0.279339485, 0.369391164, 0.159539957, 0.885559444, 0.0100104106, 0.882409186, 0.571678878, 0.331657844, 0.723057125, 0.507752152, 0.499108658;0.110142283, 0.389516026, 0.241064346, 0.0156959056, 0.360099631, 0.0898221294, 0.256830038, 0.0925166212, 0.100941626, 0.199011294, 0.999849244, 0.00218414286, 0.638672636, 0.141243698, 0.920628137, 0.0936328933, 0.955063187;0.610926387, 0.00126807692, 0.894007198, 0.521711801, 0.262669735, 0.767279178, 0.926665554, 0.483690823, 0.315553474, 0.788945124, 0.681785498, 0.888752484, 0.692514013, 0.243528339, 0.93165925, 0.104835747, 0.26794275;0.520194608, 0.565742026, 0.0153105866, 0.780572726, 0.361607318, 0.406418541, 0.809369544, 0.379283392, 0.0472248765, 0.17643977, 0.955903172, 0.0704053624, 0.354931201, 0.503179167, 0.493280827, 0.00395994301, 0.501162731;0.383772458, 0.972079335, 0.159159084, 0.354154197, 0.419481485, 0.390693537, 0.665830828, 0.215512858, 0.221071553, 0.729210949, 0.500290519, 0.415155676, 0.169203052, 0.187527223, 0.0105516368, 0.0914262689, 0.556838695;0.89187313, 0.287164765, 0.327747226, 0.115605611, 0.388630946, 0.0372217046, 0.917600696, 0.673111348, 0.990748809, 0.882823163, 0.472990594, 0.519685031, 0.190576047, 0.462039343, 0.903027873, 0.0508534236, 0.863556803;0.340947802, 0.899512765, 0.940879906, 0.670864887, 0.664423787, 0.452754338, 0.835540225, 0.961612758, 0.7750818, 0.621936734, 0.606792896, 0.849469902, 0.541203766, 0.803859886, 0.508885255, 0.062444275, 0.383947009;0.444440958, 0.141617245, 0.102496329, 0.53546495, 0.0851436366, 0.302945168, 0.744596976, 0.96443218, 0.717870581, 0.992625548, 0.698337971, 0.293794471, 0.672052541, 0.702156765, 0.371726985, 0.0177138506, 0.703199785;0.0217000953, 0.631188078, 0.163616489, 0.565603528, 0.503913025, 0.0135136423, 0.362865817, 0.601091167, 0.848606552, 0.888642114, 0.48384997, 0.728422487, 0.316454577, 0.342186406, 0.194463519, 0.56194811, 0.314564151;0.0843708964, 0.685006087, 0.707753208, 0.359992419, 0.0767233995, 0.426297717, 0.442335458, 0.668670885, 0.315416391, 0.68259928, 0.871488542, 0.237486042, 0.978919556, 0.386368137, 0.267258685, 0.421511183, 0.0943974759]
kparam0_degree = 3
kparam1_inhomogene = 'False'
km_test = [0.435018695, 0.282916293, 0.180142549, 0.494221979, 0.420726819, 0.241281733, 0.644725954, 0.50160536, 0.456591985, 0.492195753, 0.515106288, 0.399429168, 0.279855197, 0.52215692, 0.568929953, 0.0770730566, 0.695419372;0.345162921, 0.211679407, 0.552028448, 0.324794375, 0.208911677, 0.424901224, 0.579350093, 0.590278106, 0.356271454, 0.491296554, 0.439777477, 0.437258609, 0.474403815, 0.485293609, 0.559376412, 0.058728596, 0.396760967;0.497038855, 0.401749902, 0.438949098, 0.346504247, 0.591977069, 0.462132667, 0.671233033, 0.355473421, 0.446422428, 0.568726774, 0.662934346, 0.435180789, 0.503421322, 0.258641364, 0.506991364, 0.296859745, 0.313775799;0.539027641, 0.168007462, 0.433385061, 0.337546041, 0.473225714, 0.493474481, 0.592203245, 0.424899853, 0.52989238, 0.746634035, 0.602105353, 0.461506006, 0.72083265, 0.27334798, 0.599317308, 0.411267347, 0.339524803;0.639884952, 0.316615199, 0.450214486, 0.368905573, 0.431829977, 0.622268812, 0.712504092, 0.394983367, 0.345723992, 0.640635835, 0.719100446, 0.352836583, 0.69944925, 0.31893908, 0.61200773, 0.26674864, 0.431720066;0.369202507, 0.413496713, 0.391854982, 0.4223153, 0.601828446, 0.339055261, 0.587977225, 0.458951409, 0.463816817, 0.452498929, 0.800166433, 0.337579087, 0.581823164, 0.415906321, 0.58947866, 0.268878587, 0.395816921;0.283999877, 0.561825561, 0.482448078, 0.550855157, 0.542285967, 0.558726664, 0.548553606, 0.378715921, 0.220614664, 0.407959962, 0.379376402, 0.590791106, 0.31785168, 0.438122451, 0.377774286, 0.0678307671, 0.416951253;0.351740097, 0.251188187, 0.486539805, 0.300017595, 0.332615853, 0.348731574, 0.434822944, 0.443611452, 0.351324964, 0.585475312, 0.458889877, 0.450393516, 0.597243996, 0.373747288, 0.707252862, 0.217535652, 0.584708919;0.426817033, 0.146179419, 0.259347249, 0.483892826, 0.308805512, 0.457248116, 0.561496932, 0.427439138, 0.360838249, 0.678690702, 0.39752883, 0.533067881, 0.41866286, 0.34195715, 0.485749576, 0.153500291, 0.470756185;0.467965343, 0.123973446, 0.175833446, 0.460032224, 0.362352399, 0.421885442, 0.572173724, 0.366588524, 0.385240567, 0.512531351, 0.451995711, 0.316849762, 0.390828937, 0.296002834, 0.308200634, 0.190318984, 0.216744772;0.346860459, 0.674004782, 0.366913378, 0.445647155, 0.775847796, 0.358882876, 0.56894514, 0.535204176, 0.59446772, 0.614413247, 0.613942266, 0.414576011, 0.535109215, 0.497682413, 0.321193153, 0.300077036, 0.411252564]
accuracy = 1e-06
data_class = 'rand'
