functionname = 'test_poly'
kernelname = 'PolyKernel'
data_train = [0.374540119, 0.950714306, 0.731993942, 0.598658484, 0.15601864, 0.15599452, 0.0580836122, 0.866176146, 0.601115012, 0.708072578, 0.0205844943;0.969909852, 0.832442641, 0.212339111, 0.181824967, 0.18340451, 0.304242243, 0.524756432, 0.431945019, 0.29122914, 0.611852895, 0.139493861;0.292144649, 0.366361843, 0.456069984, 0.785175961, 0.199673782, 0.514234438, 0.592414569, 0.0464504127, 0.607544852, 0.170524124, 0.065051593;0.948885537, 0.965632033, 0.808397348, 0.304613769, 0.097672114, 0.684233027, 0.440152494, 0.122038235, 0.49517691, 0.0343885211, 0.909320402;0.258779982, 0.662522284, 0.311711076, 0.520068021, 0.546710279, 0.184854456, 0.969584628, 0.775132823, 0.939498942, 0.89482735, 0.597899979;0.921874235, 0.0884925021, 0.195982862, 0.0452272889, 0.325330331, 0.38867729, 0.271349032, 0.828737509, 0.356753327, 0.28093451, 0.542696083;0.140924225, 0.802196981, 0.0745506437, 0.986886937, 0.772244769, 0.198715682, 0.00552211712, 0.815461428, 0.706857344, 0.729007168, 0.771270347;0.0740446517, 0.358465729, 0.11586906, 0.863103426, 0.623298127, 0.330898025, 0.0635583503, 0.310982322, 0.325183322, 0.729606178, 0.637557471;0.887212743, 0.472214925, 0.119594246, 0.713244787, 0.760785049, 0.561277198, 0.77096718, 0.493795596, 0.522732829, 0.427541018, 0.0254191267;0.107891427, 0.0314291857, 0.636410411, 0.314355981, 0.508570691, 0.907566474, 0.249292229, 0.410382923, 0.755551139, 0.228798165, 0.0769799098;0.289751453, 0.161221287, 0.929697652, 0.80812038, 0.633403757, 0.87146059, 0.803672077, 0.186570059, 0.892558998, 0.539342242, 0.807440155]
km_test = [0.0357141199, 0.0992194011, 0.0170753059, 0.0097518739, 0.261745188, 0.0152170271, 0.111589151, 0.00623405884, 0.0999531911, 0.0261657769, 0.0679808687, 0.25477389, 0.0743197509, 0.189915846, 0.137517589, 0.179126983, 0.113461573;0.194199118, 0.0316913028, 0.0727387683, 0.0907269108, 0.120736123, 0.0696896213, 0.196926061, 0.0227102416, 0.155695308, 0.149657763, 0.102383451, 0.0907876916, 0.069167245, 0.0675071062, 0.0407918717, 0.212758498, 0.136560558;0.0465989491, 0.0548533565, 0.0524882364, 0.0115401158, 0.166047864, 0.135607025, 0.213141888, 0.0107558696, 0.017135054, 0.00359349104, 0.182875577, 0.111061039, 0.0350083862, 0.208623528, 0.214243834, 0.130187043, 0.0127187072;0.179286207, 0.143023634, 0.073155029, 0.207010595, 0.129150961, 0.290206328, 0.135641605, 0.548695643, 0.191417162, 0.165983944, 0.227670662, 0.051760036, 0.135092489, 0.064573767, 0.0794062042, 0.42752013, 0.0513251806;0.116544885, 0.151434684, 0.0555129205, 0.462977104, 0.177240153, 0.2564594, 0.0997374148, 0.64401795, 0.253173184, 0.278302539, 0.185490927, 0.0835444163, 0.218048489, 0.111005514, 0.104917875, 0.444394387, 0.0414734273;0.0592934624, 0.225457694, 0.105873567, 0.0455286382, 0.388639171, 0.160472818, 0.247690604, 0.0851676624, 0.05670356, 0.0106519202, 0.343632468, 0.151641043, 0.119825129, 0.216176371, 0.271162786, 0.336825978, 0.0240212559;0.0112822942, 0.0731582712, 0.0945506303, 0.059468633, 0.377098621, 0.0128029874, 0.0315107216, 0.0975647777, 0.0949948098, 0.0527539493, 0.287834858, 0.224890419, 0.0196719378, 0.0423917247, 0.568265785, 0.224894802, 0.0148775518;0.113022457, 0.0439212006, 0.0162656715, 0.269408314, 0.125463569, 0.233923775, 0.192507068, 0.0522281638, 0.319948289, 0.254275842, 0.0509568946, 0.0679166155, 0.136856692, 0.193786061, 0.0435816138, 0.272708506, 0.0261912484;0.0880131909, 0.109632449, 0.143813877, 0.31599225, 0.444898484, 0.327006352, 0.305524334, 0.228960489, 0.201848696, 0.0999547946, 0.491587822, 0.159713656, 0.107561643, 0.169997572, 0.330323594, 0.578936164, 0.0146394725;0.172694545, 0.130723797, 0.105661515, 0.293275431, 0.0780360819, 0.271364751, 0.0759170169, 0.204834143, 0.395882903, 0.560861503, 0.0602536329, 0.0662046387, 0.241138784, 0.0734351773, 0.0518863329, 0.294987894, 0.0933787067;0.0154954582, 0.0350297409, 0.039738287, 0.0488249022, 0.03176027, 0.15228587, 0.0553863182, 0.0852230953, 0.0537734349, 0.0401695315, 0.122858457, 0.387813141, 0.10973973, 0.0459117221, 0.0997635674, 0.0973389792, 0.00829987373]
data_test = [0.8960913, 0.318003475, 0.110051925, 0.227935163, 0.427107789, 0.818014766, 0.860730583, 0.00695213053, 0.510747303, 0.417411003, 0.22210781, 0.119865367, 0.337615171, 0.942909704, 0.323202932, 0.518790622, 0.703018959;0.363629602, 0.971782083, 0.962447295, 0.251782296, 0.497248506, 0.30087831, 0.284840494, 0.0368869474, 0.609564334, 0.502679023, 0.0514787512, 0.278646464, 0.908265886, 0.239561891, 0.144894872, 0.48945276, 0.985650454;0.242055272, 0.672135547, 0.761619615, 0.237637544, 0.728216349, 0.367783133, 0.632305831, 0.633529711, 0.535774684, 0.0902897701, 0.835302496, 0.320780065, 0.18651851, 0.0407751416, 0.590892943, 0.677564362, 0.0165878289;0.512093058, 0.226495775, 0.64517279, 0.174366429, 0.690937738, 0.386735346, 0.936729989, 0.137520944, 0.341066351, 0.113473521, 0.924693618, 0.877339353, 0.257941628, 0.659984046, 0.8172222, 0.555200812, 0.529650578;0.241852291, 0.0931027678, 0.897215758, 0.900418057, 0.633101457, 0.339029791, 0.349209575, 0.725955679, 0.89711026, 0.887086424, 0.779875546, 0.642031646, 0.084139965, 0.161628714, 0.898554189, 0.60642906, 0.00919705162;0.101471543, 0.663501769, 0.00506158385, 0.160808051, 0.548733789, 0.691895198, 0.65196126, 0.224269309, 0.712179221, 0.237249087, 0.325399698, 0.746491405, 0.649632899, 0.84922341, 0.657612892, 0.568308603, 0.0936747678;0.367715803, 0.265202368, 0.243989643, 0.973010555, 0.393097725, 0.892046555, 0.631138626, 0.794811304, 0.502637093, 0.576903885, 0.492517694, 0.195242988, 0.722452115, 0.280772362, 0.0243159664, 0.645472296, 0.177110679;0.940458584, 0.953928577, 0.91486439, 0.3701587, 0.0154566165, 0.928318563, 0.428184148, 0.966654819, 0.963619977, 0.853009455, 0.294448892, 0.385097729, 0.851136672, 0.316922005, 0.169492747, 0.556801262, 0.936154774;0.696029797, 0.57006117, 0.0971764938, 0.615007227, 0.99005385, 0.140084015, 0.518329652, 0.877373072, 0.740768618, 0.697015741, 0.702484084, 0.359491151, 0.293591844, 0.809361155, 0.810113395, 0.867072319, 0.913240553;0.511342399, 0.501516295, 0.798295179, 0.649963931, 0.701966877, 0.795792669, 0.890005342, 0.337995157, 0.375582953, 0.0939819398, 0.578280141, 0.0359422738, 0.465598018, 0.542644635, 0.286541252, 0.590833261, 0.0305002499;0.0373481887, 0.822600561, 0.360190641, 0.127060513, 0.52224326, 0.769993553, 0.215821027, 0.622890476, 0.085347465, 0.0516817212, 0.531354632, 0.540635122, 0.637429901, 0.726091334, 0.975852079, 0.516300348, 0.322956473]
