name = 'PolyMatchString'
alphabet = 'DNA'
km_test = [0.015625, 0.003375;0.027, 0.042875;0.0317546296, 0.037037037;0.0127037037, 0.0101712963;0.0101712963, 0.0227453704;0.042875, 0.0227453704;0.0101712963, 0.008;0.0127037037, 0.00616203704;0.008, 0.018962963;0.001, 0.0127037037;0.018962963, 0.027]
degree = 3
km_train = [1, 0.0127037037, 0.0227453704, 0.00462962963, 0.00616203704, 0.042875, 0.0127037037, 0.00616203704, 0.015625, 0.003375, 0.0101712963;0.0127037037, 1, 0.042875, 0.0101712963, 0.018962963, 0.003375, 0.042875, 0.008, 0.00616203704, 0.015625, 0.015625;0.0227453704, 0.042875, 1, 0.00462962963, 0.008, 0.027, 0.015625, 0.018962963, 0.027, 0.018962963, 0.037037037;0.00462962963, 0.0101712963, 0.00462962963, 1, 0.0227453704, 0.0127037037, 0.00462962963, 0.0492962963, 0.015625, 0.018962963, 0.0227453704;0.00616203704, 0.018962963, 0.008, 0.0227453704, 1, 0.0127037037, 0.0492962963, 0.0101712963, 0.018962963, 0.00616203704, 0.027;0.042875, 0.003375, 0.027, 0.0127037037, 0.0127037037, 1, 0.003375, 0.015625, 0.0101712963, 0.015625, 0.0492962963;0.0127037037, 0.042875, 0.015625, 0.00462962963, 0.0492962963, 0.003375, 1, 0.0127037037, 0.0317546296, 0.0101712963, 0.00616203704;0.00616203704, 0.008, 0.018962963, 0.0492962963, 0.0101712963, 0.015625, 0.0127037037, 1, 0.008, 0.0227453704, 0.00616203704;0.015625, 0.00616203704, 0.027, 0.015625, 0.018962963, 0.0101712963, 0.0317546296, 0.008, 1, 0.00462962963, 0.008;0.003375, 0.015625, 0.018962963, 0.018962963, 0.00616203704, 0.015625, 0.0101712963, 0.0227453704, 0.00462962963, 1, 0.0317546296;0.0101712963, 0.015625, 0.037037037, 0.0227453704, 0.027, 0.0492962963, 0.00616203704, 0.00616203704, 0.008, 0.0317546296, 1]
data_train = ['CAGCTCGTGATAGCTACCCGTCGCTCTTTTCCGCTGTTTCAGAGTCCTTTTATAGGACTG', 'GCCGACCCTTCATTTGCACATACCGCATATTGTGGTGAATCAACGCGCCGCTGGTCACAA', 'AGCCGCTGTAATGTTGCAACTTAGCCTGATCCTCGCGGATTTGTGAAAAATTTTGCAGCT', 'CCCTATTCATCGACCATTTTATATTCCGTGGAAGTTAAGGACCAGTGTGAGCCTGACTGA', 'TTGCTTCGTACGCCGCAGGAAAACGTGGCGGCCTTGCCCCGACTGCACCAGCCCTCGAAA', 'AAGCGCGGGATAGACTATTTGTGACTAATCTTCCGCGCGGGTTAGCGGTTTCCAGTGGTG', 'TATTACAGGGCTCGGTCACAAGGAGCGCGTCGCGTACGCACCGTTCTCCAATGCTGAACA', 'TTAGCCGGATAAGGCATTGCATGTTACGATCATAGAAGGCCCCACGACGACGCAATTTAT', 'ATTCCTTTAGTACTTCGAATAGCACCCCGAAAGATCTCCGTGATGAACCTGAGCGGCTCT', 'GGTTGGTGCTAAAACGAGCGCAGAGAAATCGATGATGGTAACCGATAACCCACTCCTGCT', 'AGTTGTGCTAGAGAGGACGACCATCTTAGCGGACTCAAATCAGGGTGAGCTACCGTGGAA']
seqlen = 60
data_test = ['GACTCAACTACGTCTGTAATGTCTCGTAATTGCCCCCACCGTCACAGCTTTGTACTAATC', 'TTCGAATCTGAGGATGAGTATATGCCTCGATGTAGGCCAGGAGCATTGATCCCGGCGTCG']
inhomogene = 'False'
