name = 'Poly'
feature_type = 'real'
data_type = 'double'
km_train = [82.4561164, 54.5213769, 18.8988438, 20.3689085, 60.5071451, 38.0134277, 42.829782, 22.4652166, 22.1622755, 52.6537403, 15.676272;54.5213769, 93.4491486, 17.5202418, 14.4826726, 72.3324805, 49.1553021, 27.4227443, 17.0108298, 14.653317, 37.8451253, 28.8068177;18.8988438, 17.5202418, 17.2751671, 10.3431967, 14.4425397, 23.182943, 23.1692515, 10.5330032, 9.52451888, 8.37284601, 8.11718765;20.3689085, 14.4826726, 10.3431967, 23.8258838, 15.178147, 18.8614403, 12.9493885, 6.81774399, 9.90447843, 9.17033891, 7.89254622;60.5071451, 72.3324805, 14.4425397, 15.178147, 94.5223866, 38.7339591, 46.7449284, 25.2306072, 16.5070851, 57.9519637, 31.1581878;38.0134277, 49.1553021, 23.182943, 18.8614403, 38.7339591, 113.728106, 27.8594846, 17.1635745, 20.8653093, 30.9413776, 20.9028474;42.829782, 27.4227443, 23.1692515, 12.9493885, 46.7449284, 27.8594846, 128.020426, 30.003049, 16.0403875, 45.8095228, 14.956518;22.4652166, 17.0108298, 10.5330032, 6.81774399, 25.2306072, 17.1635745, 30.003049, 25.3813372, 10.0472685, 17.9846643, 11.6402846;22.1622755, 14.653317, 9.52451888, 9.90447843, 16.5070851, 20.8653093, 16.0403875, 10.0472685, 13.2148837, 14.7081173, 8.03455537;52.6537403, 37.8451253, 8.37284601, 9.17033891, 57.9519637, 30.9413776, 45.8095228, 17.9846643, 14.7081173, 63.1464613, 12.5933403;15.676272, 28.8068177, 8.11718765, 7.89254622, 31.1581878, 20.9028474, 14.956518, 11.6402846, 8.03455537, 12.5933403, 23.4294442]
data_train = [0.471626365, 0.227481604, 0.166185, 0.332729477, 0.939924373, 0.343026713, 0.988124076, 0.485230456, 0.179163918, 0.891140092, 0.460355373;0.709671344, 0.983711583, 0.0501753503, 0.0966945598, 0.720456741, 0.281825003, 0.184301397, 0.0393618798, 0.021846712, 0.774485603, 0.134433427;0.467720616, 0.605896815, 0.428351801, 0.0271066523, 0.783501503, 0.0105132245, 0.761889894, 0.893304494, 0.432839921, 0.535542473, 0.476983393;0.389208619, 0.887424535, 0.893933511, 0.335816365, 0.615069754, 0.926907562, 0.962058499, 0.50895904, 0.452824805, 0.278694316, 0.958871873;0.142814304, 0.579829576, 0.282550268, 0.27900829, 0.404968587, 0.998792936, 0.0549663068, 0.578541818, 0.082572158, 0.15452083, 0.439562942;0.510460131, 0.258792408, 0.316457131, 0.0869670203, 0.303219784, 0.966558439, 0.944707382, 0.33487829, 0.570853936, 0.909595391, 0.00618382264;0.81068357, 0.948369553, 0.0913257343, 0.161447686, 0.960746303, 0.537540144, 0.0141966345, 0.257631999, 0.449943674, 0.692908911, 0.733160378;0.995421513, 0.287511199, 0.538220102, 0.533323548, 0.405645259, 0.169161894, 0.977456563, 0.853317187, 0.498333028, 0.603245423, 0.227261054;0.54378707, 0.694970133, 0.515167028, 0.990285171, 0.611341656, 0.370973713, 0.772152028, 0.170462512, 0.384515814, 0.34695895, 0.431807095;0.781779826, 0.484173032, 0.79401445, 0.576488903, 0.342069435, 0.809978744, 0.238289671, 0.22438298, 0.504502924, 0.260849246, 0.00908703495;0.648297527, 0.511093821, 0.445517814, 0.966968515, 0.571199184, 0.863431578, 0.139450236, 0.569206463, 0.867979627, 0.583105757, 0.718014178]
feature_class = 'simple'
kparam2_use_normalization = 'False'
data_test = [0.372043568, 0.092449517, 0.457900295, 0.394479391, 0.867060182, 0.243995302, 0.966734228, 0.95813812, 0.247631643, 0.348051955, 0.895555741, 0.966622221, 0.443439103, 0.320997046, 0.526094013, 0.687769206, 0.273474515;0.736473175, 0.0516573571, 0.0492944928, 0.386287705, 0.353473192, 0.315633215, 0.491019763, 0.320733582, 0.192257918, 0.309469549, 0.974904273, 0.411113417, 0.444712777, 0.57654499, 0.983340768, 0.241601276, 0.681282111;0.715984694, 0.607324417, 0.0885783396, 0.676872276, 0.064094711, 0.59614265, 0.739581177, 0.210969891, 0.841622008, 0.0303538055, 0.843812864, 0.460329051, 0.21758794, 0.133778145, 0.953307168, 0.0726655876, 0.19909342;0.347822347, 0.620234849, 0.544801085, 0.125643492, 0.289727984, 0.238751771, 0.213542854, 0.411144336, 0.704031453, 0.217452932, 0.36667888, 0.390917427, 0.976456529, 0.954666357, 0.800137583, 0.241658921, 0.0680373141;0.316904138, 0.266794549, 0.5059258, 0.77772791, 0.858322939, 0.844864085, 0.359675561, 0.687234343, 0.312834198, 0.0609055432, 0.701565266, 0.00982755257, 0.409182587, 0.329379269, 0.693377539, 0.766245473, 0.304094636;0.811627014, 0.293916761, 0.44632636, 0.727018527, 0.692920229, 0.987368472, 0.225161024, 0.662317914, 0.609681908, 0.915098454, 0.156362142, 0.751798164, 0.568268616, 0.27466587, 0.474434914, 0.333776597, 0.579313403;0.889000611, 0.569304984, 0.631722418, 0.518747847, 0.0511655064, 0.232858557, 0.492001729, 0.310235284, 0.181763598, 0.504132842, 0.322809793, 0.258107643, 0.463985417, 0.133284258, 0.927745733, 0.867702098, 0.707620586;0.106213828, 0.775877254, 0.807957328, 0.767764618, 0.113965887, 0.643907957, 0.834324796, 0.577353401, 0.646407375, 0.458363479, 0.52870732, 0.0343768584, 0.638963022, 0.0814472129, 0.435014594, 0.292655098, 0.54542795;0.133416336, 0.691643402, 0.795011537, 0.16335445, 0.104313087, 0.145515483, 0.877127562, 0.528189262, 0.467260996, 0.106711819, 0.649556007, 0.867999592, 0.828185869, 0.626054709, 0.0752787167, 0.112397027, 0.0493089871;0.257479216, 0.135661467, 0.26004804, 0.385058056, 0.942982784, 0.61037606, 0.834973786, 0.710351501, 0.112503131, 0.735920406, 0.275098882, 0.639107847, 0.340961974, 0.997672263, 0.263551479, 0.279130471, 0.930672256;0.0246444046, 0.696688988, 0.725326391, 0.836378577, 0.974439311, 0.975601919, 0.0652767576, 0.821839323, 0.646309934, 0.647342134, 0.128349927, 0.650187166, 0.982482581, 0.91181857, 0.439130661, 0.0399479733, 0.36229349]
kparam0_degree = 3
kparam1_inhomogene = 'False'
km_test = [20.6651617, 25.9746287, 33.5959267, 40.1678925, 23.3786655, 37.7308037, 54.9218438, 45.7290221, 22.6322622, 23.7985753, 35.0011412, 30.8671463, 51.5248035, 29.2917476, 53.2111745, 10.7013014, 32.0685018;28.344775, 24.047637, 26.4417976, 28.9507773, 18.1145175, 26.6162623, 37.9689208, 32.3792319, 21.6499245, 11.2141495, 44.9294173, 25.6731522, 54.334815, 38.084657, 79.9941412, 12.5517777, 20.5166291;3.27673918, 11.3140869, 12.4785094, 10.0795425, 10.8334963, 14.4989234, 15.6960067, 17.1406714, 12.2384712, 5.9101716, 8.72877358, 11.4661409, 23.8609605, 20.7946276, 13.2949964, 1.85992509, 5.62973673;0.984412043, 12.2149362, 19.5502056, 10.5767996, 13.4755091, 12.9777449, 15.9708411, 22.6221824, 8.33034653, 5.81147999, 8.09194296, 15.4377895, 28.9444757, 20.6686128, 6.15144794, 1.66467765, 4.58382638;30.0959705, 24.5781406, 30.7988147, 36.3055285, 24.239882, 28.4320489, 57.3968198, 46.5220541, 24.525932, 13.2579513, 57.1306652, 40.0143865, 52.1198408, 27.8647112, 80.7027855, 17.1130163, 19.7062009;16.411787, 17.2414444, 33.43837, 37.6163397, 58.5891671, 55.8852387, 20.0405489, 58.1534948, 20.3880594, 24.3120161, 17.9873296, 29.6963967, 60.7903034, 49.2859883, 44.8609206, 14.4361742, 21.3048325;14.7404287, 23.9531567, 29.1702265, 24.8837672, 15.7099074, 26.7020244, 52.9454156, 42.3655728, 36.0672415, 12.2361696, 37.693542, 39.9645664, 49.5742586, 18.6348482, 36.0688172, 6.09508441, 8.37125413;6.81024403, 15.8418154, 15.2830294, 25.6134398, 11.5804756, 25.1753588, 20.8874681, 21.5886118, 19.5570261, 5.20775874, 18.6393398, 9.3956199, 21.7818129, 8.2401142, 28.2329478, 4.60768152, 5.96031814;4.87119267, 12.7005331, 14.1382158, 15.7617491, 11.087961, 19.3894265, 10.812946, 17.4366509, 12.2760154, 9.76709981, 5.53483541, 12.8493272, 23.249644, 13.4872915, 13.7560004, 2.08813543, 7.18707576;26.3949335, 15.1277072, 22.4589086, 35.8423586, 23.8625276, 32.9128484, 38.0064043, 41.0444737, 19.7625895, 19.6997038, 35.0436273, 34.8760985, 38.0856967, 16.0343557, 53.1069796, 11.2569821, 21.0550749;6.26196223, 14.6493745, 16.0112998, 11.4301025, 7.4527692, 9.68335092, 10.8173808, 15.0423145, 12.2410138, 3.03976844, 12.792072, 9.91262274, 28.0645421, 13.8465045, 27.908929, 5.23885233, 3.03333456]
data_class = 'rand'
accuracy = 1e-06
