name = 'PolyKernel'
degree = 3
km_train = [1, 0.439302437, 0.24849947, 0.152549697, 0.19655146, 0.358434936, 0.397504038, 0.322050468, 0.27169357, 0.20836314, 0.214637008;0.439302437, 1, 0.324939926, 0.441313392, 0.27249406, 0.209547998, 0.269884618, 0.47522741, 0.462774246, 0.538402792, 0.320322975;0.24849947, 0.324939926, 1, 0.336274955, 0.218450689, 0.67084197, 0.360216787, 0.198857264, 0.619204612, 0.235209549, 0.307008193;0.152549697, 0.441313392, 0.336274955, 1, 0.743978486, 0.421525487, 0.34084757, 0.383881421, 0.703606232, 0.649485192, 0.388554675;0.19655146, 0.27249406, 0.218450689, 0.743978486, 1, 0.482527462, 0.39473427, 0.510301321, 0.694007154, 0.656999359, 0.416640598;0.358434936, 0.209547998, 0.67084197, 0.421525487, 0.482527462, 1, 0.482128524, 0.203001105, 0.644754541, 0.233588534, 0.33798123;0.397504038, 0.269884618, 0.360216787, 0.34084757, 0.39473427, 0.482128524, 1, 0.221230233, 0.599787577, 0.34865876, 0.244832818;0.322050468, 0.47522741, 0.198857264, 0.383881421, 0.510301321, 0.203001105, 0.221230233, 1, 0.554895745, 0.70908756, 0.267039803;0.27169357, 0.462774246, 0.619204612, 0.703606232, 0.694007154, 0.644754541, 0.599787577, 0.554895745, 1, 0.64362541, 0.455407788;0.20836314, 0.538402792, 0.235209549, 0.649485192, 0.656999359, 0.233588534, 0.34865876, 0.70908756, 0.64362541, 1, 0.358511551;0.214637008, 0.320322975, 0.307008193, 0.388554675, 0.416640598, 0.33798123, 0.244832818, 0.267039803, 0.455407788, 0.358511551, 1]
data_train = [0.374540119, 0.950714306, 0.731993942, 0.598658484, 0.15601864, 0.15599452, 0.0580836122, 0.866176146, 0.601115012, 0.708072578, 0.0205844943;0.969909852, 0.832442641, 0.212339111, 0.181824967, 0.18340451, 0.304242243, 0.524756432, 0.431945019, 0.29122914, 0.611852895, 0.139493861;0.292144649, 0.366361843, 0.456069984, 0.785175961, 0.199673782, 0.514234438, 0.592414569, 0.0464504127, 0.607544852, 0.170524124, 0.065051593;0.948885537, 0.965632033, 0.808397348, 0.304613769, 0.097672114, 0.684233027, 0.440152494, 0.122038235, 0.49517691, 0.0343885211, 0.909320402;0.258779982, 0.662522284, 0.311711076, 0.520068021, 0.546710279, 0.184854456, 0.969584628, 0.775132823, 0.939498942, 0.89482735, 0.597899979;0.921874235, 0.0884925021, 0.195982862, 0.0452272889, 0.325330331, 0.38867729, 0.271349032, 0.828737509, 0.356753327, 0.28093451, 0.542696083;0.140924225, 0.802196981, 0.0745506437, 0.986886937, 0.772244769, 0.198715682, 0.00552211712, 0.815461428, 0.706857344, 0.729007168, 0.771270347;0.0740446517, 0.358465729, 0.11586906, 0.863103426, 0.623298127, 0.330898025, 0.0635583503, 0.310982322, 0.325183322, 0.729606178, 0.637557471;0.887212743, 0.472214925, 0.119594246, 0.713244787, 0.760785049, 0.561277198, 0.77096718, 0.493795596, 0.522732829, 0.427541018, 0.0254191267;0.107891427, 0.0314291857, 0.636410411, 0.314355981, 0.508570691, 0.907566474, 0.249292229, 0.410382923, 0.755551139, 0.228798165, 0.0769799098;0.289751453, 0.161221287, 0.929697652, 0.80812038, 0.633403757, 0.87146059, 0.803672077, 0.186570059, 0.892558998, 0.539342242, 0.807440155]
size_ = 10
data_test = [0.8960913, 0.318003475, 0.110051925, 0.227935163, 0.427107789, 0.818014766, 0.860730583, 0.00695213053, 0.510747303, 0.417411003, 0.22210781, 0.119865367, 0.337615171, 0.942909704, 0.323202932, 0.518790622, 0.703018959;0.363629602, 0.971782083, 0.962447295, 0.251782296, 0.497248506, 0.30087831, 0.284840494, 0.0368869474, 0.609564334, 0.502679023, 0.0514787512, 0.278646464, 0.908265886, 0.239561891, 0.144894872, 0.48945276, 0.985650454;0.242055272, 0.672135547, 0.761619615, 0.237637544, 0.728216349, 0.367783133, 0.632305831, 0.633529711, 0.535774684, 0.0902897701, 0.835302496, 0.320780065, 0.18651851, 0.0407751416, 0.590892943, 0.677564362, 0.0165878289;0.512093058, 0.226495775, 0.64517279, 0.174366429, 0.690937738, 0.386735346, 0.936729989, 0.137520944, 0.341066351, 0.113473521, 0.924693618, 0.877339353, 0.257941628, 0.659984046, 0.8172222, 0.555200812, 0.529650578;0.241852291, 0.0931027678, 0.897215758, 0.900418057, 0.633101457, 0.339029791, 0.349209575, 0.725955679, 0.89711026, 0.887086424, 0.779875546, 0.642031646, 0.084139965, 0.161628714, 0.898554189, 0.60642906, 0.00919705162;0.101471543, 0.663501769, 0.00506158385, 0.160808051, 0.548733789, 0.691895198, 0.65196126, 0.224269309, 0.712179221, 0.237249087, 0.325399698, 0.746491405, 0.649632899, 0.84922341, 0.657612892, 0.568308603, 0.0936747678;0.367715803, 0.265202368, 0.243989643, 0.973010555, 0.393097725, 0.892046555, 0.631138626, 0.794811304, 0.502637093, 0.576903885, 0.492517694, 0.195242988, 0.722452115, 0.280772362, 0.0243159664, 0.645472296, 0.177110679;0.940458584, 0.953928577, 0.91486439, 0.3701587, 0.0154566165, 0.928318563, 0.428184148, 0.966654819, 0.963619977, 0.853009455, 0.294448892, 0.385097729, 0.851136672, 0.316922005, 0.169492747, 0.556801262, 0.936154774;0.696029797, 0.57006117, 0.0971764938, 0.615007227, 0.99005385, 0.140084015, 0.518329652, 0.877373072, 0.740768618, 0.697015741, 0.702484084, 0.359491151, 0.293591844, 0.809361155, 0.810113395, 0.867072319, 0.913240553;0.511342399, 0.501516295, 0.798295179, 0.649963931, 0.701966877, 0.795792669, 0.890005342, 0.337995157, 0.375582953, 0.0939819398, 0.578280141, 0.0359422738, 0.465598018, 0.542644635, 0.286541252, 0.590833261, 0.0305002499;0.0373481887, 0.822600561, 0.360190641, 0.127060513, 0.52224326, 0.769993553, 0.215821027, 0.622890476, 0.085347465, 0.0516817212, 0.531354632, 0.540635122, 0.637429901, 0.726091334, 0.975852079, 0.516300348, 0.322956473]
km_test = [0.257230514, 0.410178107, 0.200412341, 0.141589552, 0.59896968, 0.192139706, 0.431010708, 0.124102698, 0.411333197, 0.22135012, 0.346892365, 0.584994539, 0.35600945, 0.525743165, 0.465591088, 0.516435239, 0.425795531;0.528494947, 0.260057354, 0.366338696, 0.385766817, 0.443859228, 0.361454022, 0.540615704, 0.222382704, 0.492447028, 0.47422433, 0.412941973, 0.383230142, 0.348876999, 0.349120866, 0.287107414, 0.55465493, 0.462024333;0.271548145, 0.312962388, 0.310101046, 0.137686428, 0.493376954, 0.462658359, 0.551771739, 0.146754804, 0.187967141, 0.0737335136, 0.508183954, 0.389392338, 0.24432161, 0.537135124, 0.548756965, 0.446572145, 0.155268643;0.515226344, 0.478394953, 0.369186729, 0.545620014, 0.458100818, 0.630511271, 0.469514663, 0.798812244, 0.535588276, 0.498852594, 0.569506244, 0.304675708, 0.461546759, 0.345461366, 0.378449777, 0.727214251, 0.312858621;0.405987497, 0.478033165, 0.316457892, 0.728759989, 0.506305352, 0.598843119, 0.403717619, 0.849003532, 0.589731493, 0.586330179, 0.510337975, 0.338576363, 0.539174899, 0.41162153, 0.407971268, 0.736026611, 0.264902561;0.30637963, 0.562787412, 0.416974056, 0.26955104, 0.695744034, 0.49568819, 0.58601968, 0.372079872, 0.319200228, 0.134125183, 0.658335093, 0.452458872, 0.422294035, 0.546239193, 0.603814025, 0.657661306, 0.21151419;0.142813779, 0.355824726, 0.398498145, 0.305245674, 0.687458102, 0.171455764, 0.250601446, 0.394593432, 0.39638592, 0.287726399, 0.613330977, 0.538610212, 0.191365455, 0.276109616, 0.80844691, 0.559752216, 0.170779648;0.412528398, 0.290285234, 0.192015204, 0.590927498, 0.443983734, 0.576496091, 0.531351971, 0.306651827, 0.647305806, 0.576299494, 0.302371417, 0.323989902, 0.451541022, 0.525534666, 0.287629083, 0.605957358, 0.224951009;0.3851002, 0.430821763, 0.48067376, 0.645524903, 0.737953353, 0.659435401, 0.641263416, 0.570849968, 0.546360528, 0.404309122, 0.765750582, 0.490405324, 0.420637998, 0.507801118, 0.659149308, 0.815281528, 0.183872319;0.491668855, 0.453463046, 0.418570003, 0.610710455, 0.364869365, 0.61078045, 0.364893244, 0.537398503, 0.703244306, 0.795362664, 0.323630155, 0.318653859, 0.568539525, 0.352157219, 0.30865103, 0.624673829, 0.386563082;0.166588625, 0.26092412, 0.277971667, 0.279751864, 0.247429576, 0.485622446, 0.318453896, 0.373073256, 0.312917292, 0.254539386, 0.433225603, 0.679543767, 0.407953583, 0.286049443, 0.402683035, 0.397963452, 0.130190351]
use_normalization = 'True'
inhomogene = 'False'
