name = 'Poly'
feature_type = 'real'
data_type = 'double'
km_train = [70.4501151, 24.8899368, 63.0321991, 4.83636825, 14.7944575, 9.54046402, 17.6588499, 5.80812903, 37.7185974, 17.1888799, 29.2196203;24.8899368, 33.2571644, 25.0214438, 6.10721646, 5.57944033, 6.70608346, 7.86325205, 0.981510017, 20.8254575, 14.4533167, 19.1893885;63.0321991, 25.0214438, 139.470991, 3.84323305, 32.0609705, 20.4707725, 21.8305433, 6.79264998, 46.7035004, 43.3919626, 54.1345466;4.83636825, 6.10721646, 3.84323305, 3.53488682, 1.75107918, 1.55333838, 3.13181678, 0.597193672, 2.85803493, 2.71527928, 3.21336461;14.7944575, 5.57944033, 32.0609705, 1.75107918, 19.8933407, 8.65869715, 12.4657667, 1.83380052, 13.3449527, 10.0122285, 24.5496963;9.54046402, 6.70608346, 20.4707725, 1.55333838, 8.65869715, 37.7670032, 15.019151, 1.45122925, 11.5020038, 8.36274026, 17.9512614;17.6588499, 7.86325205, 21.8305433, 3.13181678, 12.4657667, 15.019151, 43.3857196, 5.69752271, 20.4256263, 8.74479074, 18.0522343;5.80812903, 0.981510017, 6.79264998, 0.597193672, 1.83380052, 1.45122925, 5.69752271, 2.46913957, 2.35775878, 1.53435245, 2.34836489;37.7185974, 20.8254575, 46.7035004, 2.85803493, 13.3449527, 11.5020038, 20.4256263, 2.35775878, 91.0175967, 19.9803412, 24.9487176;17.1888799, 14.4533167, 43.3919626, 2.71527928, 10.0122285, 8.36274026, 8.74479074, 1.53435245, 19.9803412, 20.8527149, 17.8583774;29.2196203, 19.1893885, 54.1345466, 3.21336461, 24.5496963, 17.9512614, 18.0522343, 2.34836489, 24.9487176, 17.8583774, 50.3271806]
data_train = [0.563737101, 0.204979233, 0.741995391, 0.0522791033, 0.852542645, 0.198196386, 0.874398032, 0.352529241, 0.722683574, 0.319225298, 0.905911671;0.126637126, 0.178519789, 0.493030125, 0.081938439, 0.195980185, 0.943766382, 0.976489661, 0.376259329, 0.923286021, 0.544824676, 0.269742466;0.702398721, 0.658901807, 0.989125319, 0.265047287, 0.672059503, 0.052023755, 0.113646039, 0.00391837495, 0.999460681, 0.802273697, 0.786723015;0.509726075, 0.300067083, 0.151264284, 0.284674739, 0.375971222, 0.756310097, 0.539661789, 0.0774836266, 0.018029009, 0.10233218, 0.410498714;0.933192917, 0.637402481, 0.8018259, 0.466374595, 0.361666083, 0.108400373, 0.875933022, 0.783160029, 0.168118098, 0.512260564, 0.487374808;0.625091553, 0.946186894, 0.579771442, 0.540217267, 0.0503229329, 0.062907476, 0.187346791, 0.0324707717, 0.743352896, 0.723330304, 0.136056234;0.836078901, 0.154786035, 0.301175587, 0.248976899, 0.372307099, 0.254663766, 0.488950926, 0.407407881, 0.986569491, 0.0559263501, 0.142181376;0.0528258939, 0.625841195, 0.0545092774, 0.836439737, 0.511938631, 0.527007625, 0.561594508, 0.170813706, 0.197690303, 0.318817323, 0.593496416;0.210117776, 0.116331727, 0.970116886, 0.0219818148, 0.802697405, 0.78803515, 0.297214114, 0.135626616, 0.145628647, 0.697431617, 0.642806591;0.782745674, 0.937481172, 0.691927363, 0.155851537, 0.243442617, 0.842193731, 0.209306076, 0.072522317, 0.703280054, 0.402526355, 0.920040053;0.650255071, 0.0904189778, 0.947856567, 0.258557264, 0.33721249, 0.402260414, 0.0512242964, 0.496515422, 0.123318491, 0.400970327, 0.350709788]
feature_class = 'simple'
kparam2_use_normalization = 'False'
data_test = [0.772840083, 0.803170512, 0.153412882, 0.366551187, 0.373353161, 0.151410444, 0.798453505, 0.707228328, 0.190381786, 0.366721909, 0.105805025, 0.628206597, 0.121371925, 0.985934169, 0.780682075, 0.39023855, 0.578563932;0.911341816, 0.55409928, 0.174498486, 0.378703356, 0.843144865, 0.644213016, 0.650724384, 0.866821486, 0.893973057, 0.919792572, 0.0948491933, 0.544126002, 0.740509521, 0.756926845, 0.606716202, 0.166787335, 0.797420554;0.720111334, 0.0861357715, 0.463809825, 0.1739774, 0.337477046, 0.0180810922, 0.400329868, 0.549876921, 0.619582593, 0.663490345, 0.836291313, 0.215462907, 0.120481822, 0.851537172, 0.156612815, 0.974760081, 0.842538229;0.500876606, 0.981421425, 0.0973767291, 0.303065761, 0.638224415, 0.350006868, 0.928372552, 0.0656260882, 0.549411832, 0.590866267, 0.652728124, 0.255666223, 0.364566428, 0.84368053, 0.194942769, 0.826867847, 0.562655423;0.762187511, 0.713607366, 0.207511495, 0.568812736, 0.867723153, 0.432116237, 0.96659077, 0.4522151, 0.142785637, 0.38943468, 0.951702406, 0.319720849, 0.86809816, 0.881250682, 0.350186524, 0.0832576581, 0.724557909;0.311512299, 0.782923614, 0.442654848, 0.485266742, 0.777909407, 0.382363331, 0.443127345, 0.376190469, 0.367340515, 0.525946577, 0.808799445, 0.361768312, 0.524254721, 0.670727325, 0.269439446, 0.277522805, 0.933413127;0.723534573, 0.577186676, 0.647720054, 0.0292994431, 0.618102966, 0.509508873, 0.54574968, 0.359423827, 0.0814738977, 0.193339234, 0.950744713, 0.408699562, 0.466683156, 0.0527097899, 0.0375662295, 0.717181447, 0.538094664;0.508705984, 0.24312453, 0.744750732, 0.168236579, 0.189934744, 0.460712171, 0.286279862, 0.247462981, 0.645237645, 0.650971745, 0.82451707, 0.417708567, 0.073085091, 0.273666385, 0.980005463, 0.596258575, 0.709737085;0.00735782963, 0.518205732, 0.0375286575, 0.569230212, 0.92077085, 0.968419131, 0.540552675, 0.458204805, 0.945017094, 0.673609832, 0.0648992795, 0.465725578, 0.240245018, 0.469804321, 0.455465572, 0.582144803, 0.35677049;0.164270449, 0.503719435, 0.830202884, 0.664012228, 0.338367866, 0.935523023, 0.912207571, 0.209348399, 0.0394175851, 0.741308708, 0.827610261, 0.967864566, 0.889836394, 0.600534768, 0.530052339, 0.0278410513, 0.246656447;0.459614752, 0.6285039, 0.557251833, 0.74263599, 0.279766931, 0.564952608, 0.0881422434, 0.413665524, 0.750160833, 0.693400853, 0.990642737, 0.277891126, 0.498189299, 0.329530414, 0.440603114, 0.85695013, 0.684209075]
kparam0_degree = 3
kparam1_inhomogene = 'False'
km_test = [35.25512, 48.4797838, 16.685208, 16.0234279, 37.3497933, 20.8821546, 55.8426386, 14.3137717, 9.50206979, 31.2954175, 92.9316405, 18.1734025, 27.9686038, 53.2870713, 9.28483706, 25.1768955, 53.3988782;13.0315203, 18.4265857, 12.9436158, 8.43637337, 17.4591619, 12.2971534, 28.2958111, 6.06223833, 6.24424501, 23.7158297, 50.3897805, 12.1991507, 14.1795119, 31.9962109, 9.48845164, 7.66039605, 32.5237337;39.4653312, 53.2834916, 15.0894095, 31.1853112, 57.4638971, 38.2662152, 59.352312, 32.4573632, 36.6022201, 64.2788402, 73.5125833, 26.5450314, 29.647002, 84.2899031, 21.7355295, 37.0411675, 75.6398996;5.11086913, 5.31201738, 3.8505499, 1.58539986, 4.43305611, 2.73575273, 4.98099598, 1.45319815, 3.04689028, 5.8964646, 17.8711598, 1.88793847, 2.4109903, 5.6771096, 3.59576021, 4.35124575, 11.7288122;16.2284469, 17.7300657, 4.5182635, 5.96673449, 16.512104, 10.5865141, 22.7530328, 10.1941297, 14.0389106, 19.4327155, 18.9239005, 9.07887565, 4.06237272, 27.680672, 11.5758252, 19.9186472, 23.8171444;12.3768416, 24.7950591, 6.36839714, 10.1220266, 24.2277582, 30.5291613, 31.1827605, 8.42633268, 22.1463155, 36.7212789, 18.0878167, 15.9680326, 14.322352, 24.2899842, 14.6418517, 11.5600843, 20.7756349;37.3731374, 34.8035775, 4.27450631, 7.05363207, 32.9549384, 14.2248381, 46.4039556, 16.4887651, 12.6489002, 24.4838421, 21.6885016, 13.4910931, 14.7183108, 43.337918, 17.4327356, 9.18560093, 37.5246297;6.71698654, 6.30960923, 1.12185514, 2.15601833, 5.61176824, 2.9845005, 6.08520314, 2.86631713, 1.81198366, 3.54782331, 7.84867134, 1.80772874, 4.05087884, 5.37893369, 2.21682569, 1.92015445, 6.80609006;42.0013673, 27.612018, 16.494371, 7.45922357, 32.0099473, 16.5394959, 39.7470827, 24.0461372, 13.0607166, 34.9293142, 46.1716442, 21.1979642, 18.2152117, 45.1906627, 11.6631194, 19.2683727, 55.0123295;14.6373404, 17.2867283, 5.93028047, 9.98908572, 24.5780353, 13.8491966, 20.6291872, 12.4606957, 18.1084813, 28.5253651, 26.6609135, 9.3051632, 10.2885102, 33.5399343, 9.55338694, 12.4308206, 35.2174168;23.2415702, 28.2429995, 11.6932303, 13.4817852, 22.5167612, 20.9948063, 46.323793, 14.4522682, 16.5326818, 38.5552901, 39.175582, 21.6873269, 12.2644108, 53.7682198, 22.0318818, 20.5562197, 36.1703753]
data_class = 'rand'
accuracy = 1e-06
