functionname = 'test_poly_kernel'
kernelname = 'PolyKernel'
testdat = [0.781662498, 0.0990625305, 0.730797516, 0.66048147, 0.825170422, 0.624677135, 0.197281233, 0.51152901, 0.937429097, 0.431272401, 0.509876378, 0.120511556, 0.570307902, 0.746755131, 0.679265327, 0.102757904, 0.28977822;0.166350049, 0.620614932, 0.326881766, 0.276352604, 0.975507789, 0.253206846, 0.0773190627, 0.88897015, 0.0793067544, 0.722271828, 0.690655873, 0.107798383, 0.0679906968, 0.49532125, 0.861928713, 0.293736854, 0.393090711;0.798522276, 0.0571420834, 0.244043635, 0.767659161, 0.335080025, 0.453867889, 0.104553171, 0.656946987, 0.461321395, 0.108105602, 0.303249349, 0.52996727, 0.260020228, 0.581237881, 0.630018929, 0.667085187, 0.129395046;0.548054159, 0.297778185, 0.105591552, 0.857487699, 0.990628151, 0.995069536, 0.69665515, 0.884292149, 0.701540696, 0.371784813, 0.327005665, 0.382302598, 0.00770530154, 0.492972471, 0.0828863642, 0.53588686, 0.15742513;0.540642365, 0.792006017, 0.569560454, 0.250447487, 0.101276874, 0.182087999, 0.436636801, 0.928849805, 0.0264641003, 0.0932459772, 0.499969322, 0.19272229, 0.385898755, 0.39198164, 0.561377761, 0.170386832, 0.252449327;0.816205849, 0.628733341, 0.687355589, 0.72754033, 0.0399807559, 0.253435971, 0.932401752, 0.177487914, 0.458671884, 0.916210266, 0.55520353, 0.421089544, 0.543712439, 0.685361997, 0.899365409, 0.16122919, 0.538015857;0.801800479, 0.969126527, 0.933713243, 0.272786717, 0.604642814, 0.709902934, 0.456380931, 0.87584988, 0.138367002, 0.894877155, 0.68152783, 0.322927619, 0.778112046, 0.401115833, 0.327879177, 0.101572009, 0.940221658;0.978346884, 0.748195591, 0.864115281, 0.683102881, 0.55102259, 0.185069519, 0.693198242, 0.0792878083, 0.649876534, 0.53553553, 0.377017953, 0.966624739, 0.92826567, 0.654260529, 0.0724753837, 0.972970421, 0.302854293;0.814629185, 0.649884548, 0.394796474, 0.399394482, 0.178017387, 0.339332579, 0.144877044, 0.102702223, 0.718497546, 0.567790653, 0.757971393, 0.304278821, 0.260463218, 0.100065418, 0.988486505, 0.676934383, 0.360694105;0.0453608573, 0.246115669, 0.728874156, 0.175892097, 0.801240728, 0.502439597, 0.849997394, 0.00159542335, 0.349660805, 0.498534114, 0.544424088, 0.107700532, 0.612786479, 0.464879632, 0.86151129, 0.274085488, 0.657716509;0.0960156344, 0.754328799, 0.946693268, 0.843204976, 0.375786077, 0.592829901, 0.474940287, 0.288765441, 0.629586417, 0.512103859, 0.782732148, 0.0530442411, 0.604560719, 0.254532477, 0.696475134, 0.80533672, 0.507645956]
km_test = [35.5776431, 53.2023979, 67.9494521, 44.9909959, 38.884492, 33.21977, 38.2015733, 33.0928324, 29.401928, 38.1535096, 48.4713819, 12.8145109, 36.6847117, 29.2793979, 49.0022879, 31.8207471, 28.3159187;36.3769864, 37.467785, 35.6474339, 49.928227, 41.2407445, 27.3047181, 18.831651, 47.7355763, 24.2506406, 28.5248731, 37.6305467, 15.8628792, 18.6800447, 29.776067, 42.7738928, 38.9672992, 15.9518498;84.6710015, 70.5713023, 51.3141924, 43.4293014, 35.1348006, 30.7107297, 31.8421148, 63.0909679, 26.8014639, 43.4760423, 54.0968948, 23.8752353, 29.4374035, 35.0244994, 63.111806, 33.6905072, 26.9014118;68.1869398, 44.4788988, 62.7360275, 39.6862246, 45.8017437, 37.3306417, 41.6510988, 29.3318806, 40.6419972, 64.1037901, 53.16971, 14.0092404, 35.9409585, 39.1422087, 73.9181009, 15.8737882, 36.1433875;54.9733668, 46.4272145, 70.7104285, 61.3893303, 43.6824236, 40.9039593, 23.7211159, 45.8692303, 52.6683083, 34.5779405, 74.1935642, 11.2866542, 33.624577, 36.6005434, 128.004547, 45.3862365, 26.7138134;63.3159398, 48.4444822, 62.7085198, 42.1521231, 65.9072275, 47.3179515, 33.6160503, 53.3518632, 36.3344334, 45.9900582, 56.12905, 16.8238959, 36.081513, 38.8819168, 66.7701194, 29.3167519, 34.3600861;71.213876, 58.7539636, 86.8558822, 62.2569125, 93.9726753, 67.6711197, 75.9278824, 74.2542938, 43.8354223, 79.6316477, 72.2159727, 16.1041618, 44.8071009, 67.9280607, 100.767882, 19.3484465, 51.1271365;105.827482, 58.5562628, 108.565647, 76.2917972, 78.7569434, 58.9731116, 69.2365652, 48.5221843, 55.3186279, 73.9755114, 63.9786947, 33.8760848, 72.2423471, 72.1177283, 77.8844495, 41.2867129, 50.0667129;146.050427, 80.3232047, 92.0386161, 114.110526, 115.070428, 69.944761, 57.8923038, 96.0552009, 82.1260088, 83.1617206, 88.9572085, 42.1149399, 51.791167, 87.6722857, 112.114628, 69.0397619, 38.3980838;85.2230016, 41.6249845, 56.3273399, 60.7284382, 73.1287952, 41.0696873, 38.8714842, 33.9071141, 61.3959545, 53.721193, 59.3812823, 27.6122408, 34.8252062, 50.1562883, 93.0824727, 50.8622097, 26.9323787;62.2211365, 67.4999484, 87.2221887, 57.4693026, 48.7470836, 40.0514135, 42.0469249, 41.082576, 39.2511136, 75.2816853, 71.3918098, 15.693174, 45.4056252, 43.4295776, 91.7809331, 29.5235922, 44.2084437;78.9886557, 91.2011119, 59.8188436, 55.8704871, 55.1994338, 32.6887032, 41.644068, 59.2425331, 40.6235119, 52.3766577, 66.7081829, 27.2821289, 31.4324101, 38.6572737, 66.8392382, 54.0867835, 24.818341;53.605182, 63.7301677, 73.1693488, 43.4293383, 39.576735, 31.6197074, 33.0767872, 31.92894, 37.9015362, 56.4647304, 66.9042955, 13.0528661, 37.5436957, 31.5037177, 86.8639763, 30.5976056, 34.5817301]
traindat = [0.237647629, 0.0584100077, 0.0252256721, 0.772557209, 0.728082346, 0.502987388, 0.709640741, 0.597553176, 0.718970516, 0.548809309, 0.472040552, 0.070587926, 0.459950614;0.320434673, 0.874704169, 0.517893009, 0.318035461, 0.431837482, 0.447975678, 0.589099194, 0.213923396, 0.90175492, 0.644874407, 0.645945585, 0.85694173, 0.548117546;0.196979986, 0.867267731, 0.580767859, 0.000660197094, 0.89277055, 0.532167789, 0.231852785, 0.826069503, 0.82077546, 0.677722302, 0.32355208, 0.00736405016, 0.0930591026;0.426949643, 0.520936471, 0.521816548, 0.44914082, 0.116945471, 0.557450281, 0.901296335, 0.471463836, 0.935837131, 0.597119402, 0.212608806, 0.820060087, 0.184152972;0.547263013, 0.324316086, 0.949500975, 0.159888275, 0.766903067, 0.464169584, 0.538579328, 0.141816648, 0.443435211, 0.106909611, 0.165978197, 0.965470633, 0.440684173;0.326312722, 0.184782651, 0.430428631, 0.900728303, 0.100951308, 0.0776521927, 0.946910946, 0.701053173, 0.563118253, 0.370045668, 0.865613857, 0.311643027, 0.531513917;0.451755145, 0.213340679, 0.645886951, 0.689764033, 0.0314995505, 0.772728487, 0.732833787, 0.896700956, 0.382952779, 0.0933191234, 0.733764754, 0.17144842, 0.473841517;0.474683094, 0.478775852, 0.496046484, 0.205300086, 0.000214442063, 0.330798525, 0.0284133884, 0.789781519, 0.851090231, 0.731277509, 0.286708213, 0.933634373, 0.332818418;0.190744861, 0.129934084, 0.805658435, 0.709407613, 0.911662267, 0.587120072, 0.0913291125, 0.128522461, 0.629600337, 0.994929146, 0.438754312, 0.950168562, 0.838490868;0.489599855, 0.00953023685, 0.116191522, 0.58490428, 0.56903033, 0.721767724, 0.987558845, 0.877308831, 0.281985162, 0.770616404, 0.377956562, 0.0942927116, 0.427355373;0.960108176, 0.75310023, 0.0637402514, 0.0204266992, 0.973134813, 0.197727131, 0.151462995, 0.253458299, 0.220714416, 0.00446705771, 0.745961529, 0.333820267, 0.672055256]
