name = 'PolyMatchString'
feature_type = 'char'
data_type = ''
km_train = [1, 0.0216449835, 0.0180455633, 0.014869086, 0.0180455633, 0.014869086, 0.0256937805, 0.0408007719, 0.0256937805, 0.014869086, 0.0044056551;0.0216449835, 1, 0.0120891176, 0.0216449835, 0.00225569541, 0.0120891176, 0.0352452408, 0.0302183883, 0.0302183883, 0.0609037761, 0.014869086;0.0180455633, 0.0120891176, 1, 0.00586392694, 0.0216449835, 0.0256937805, 0.00586392694, 0.0180455633, 0.014869086, 0.00225569541, 0.0044056551;0.014869086, 0.0216449835, 0.00586392694, 1, 0.014869086, 0.0352452408, 0.014869086, 0.014869086, 0.0180455633, 0.0302183883, 0.0216449835;0.0180455633, 0.00225569541, 0.0216449835, 0.014869086, 1, 0.014869086, 0.00967922425, 0.00967922425, 0.0352452408, 0.0120891176, 0.0120891176;0.014869086, 0.0120891176, 0.0256937805, 0.0352452408, 0.014869086, 1, 0.014869086, 0.0015111397, 0.014869086, 0.00967922425, 0.0120891176;0.0256937805, 0.0352452408, 0.00586392694, 0.014869086, 0.00967922425, 0.014869086, 1, 0.0352452408, 0.0469114155, 0.0352452408, 0.0120891176;0.0408007719, 0.0302183883, 0.0180455633, 0.014869086, 0.00967922425, 0.0015111397, 0.0352452408, 1, 0.0256937805, 0.0256937805, 0.0256937805;0.0256937805, 0.0302183883, 0.014869086, 0.0180455633, 0.0352452408, 0.014869086, 0.0469114155, 0.0256937805, 1, 0.0609037761, 0.0302183883;0.014869086, 0.0609037761, 0.00225569541, 0.0302183883, 0.0120891176, 0.00967922425, 0.0352452408, 0.0256937805, 0.0609037761, 1, 0.0180455633;0.0044056551, 0.014869086, 0.0044056551, 0.0216449835, 0.0120891176, 0.0120891176, 0.0120891176, 0.0256937805, 0.0302183883, 0.0180455633, 1]
data_train = ['TATCCGGGCATGAGTTGCCAAACATTGAGCCCCCCATTTCCACAGATCGGCCGTGTGTTC', 'CCTAGATGGCAACATTAGTTTAATATCTCAGCCGCAGCCGCGAAAGGTTTAGGCCAGATC', 'GCGTCTCGAACGGCGTATCAGGTGGGTCTGACATCATAGGCTTTTATATTAGAAATTGCG', 'TAAGTACTGTGATACAACAATTAATGTTCCCTCGTCACCAGCTCCAATGGTTGTAATCGG', 'TGATTCCTAATTCTACTGAAGTCCCTAGTGACATTCAGTATACGTCAACTCAGCGTCTAT', 'GTAGGTAAAGGATTGAGTGGCAGGGCCCCTACCTCCTGCTGAGCACAGGGACGTATGGGT', 'CGCCGATCTATTGAGGGCGCCTTTTCTCCCTGCCATGTGGAGAAGCGTCACCGCAATTTT', 'AACACCGCAAATAATTGTTAGAAATTTTACTGTCAGCGAGATCGCGCATGCGTACATCTC', 'CGGTAGCTAGCGCGAGGAGCGCTTCTTTACCCCGTGATATCGACACAATGCCGCTGTATC', 'CCACAATACGATATTACGACGCACTACTACCACCTTGCCCCGACTCCATATGGTTACATA', 'GTAAACATTCCGTACATACCACACTCGTCTACAGATCTAATCAGAGGAACTCTATAACAC']
feature_class = 'string'
data_test = ['ATATCGATAGTATGCGGGTATTCTAACTCTCAACATCACCGTAGCGCCTCCTGGATTCTG', 'AGCCAGATAACCCCTGACTCATGGAAGAGGCTTGAACATACCGACCTATTCTATGCCATA']
kparam0_degree = 3
kparam1_inhomogene = 'True'
km_test = [0.0180455633, 0.0352452408;0.0180455633, 0.0120891176;0.00967922425, 0.0180455633;0.0408007719, 0.00967922425;0.014869086, 0.0180455633;0.0216449835, 0.00225569541;0.0180455633, 0.0120891176;0.0408007719, 0.014869086;0.0256937805, 0.0302183883;0.0256937805, 0.0180455633;0.0302183883, 0.0120891176]
alphabet = 'DNA'
accuracy = 1e-10
len_seq = 60
data_class = 'dna'
