name = 'PolyMatchString'
feature_type = 'Char'
data_type = ''
km_train = [1, 0.0120891176, 0.0180455633, 0.0302183883, 0.0302183883, 0.0044056551, 0.014869086, 0.0256937805, 0.0044056551, 0.0352452408, 0.0120891176;0.0120891176, 1, 0.0120891176, 0.0352452408, 0.014869086, 0.0120891176, 0.0216449835, 0.0216449835, 0.0180455633, 0.014869086, 0.0216449835;0.0180455633, 0.0120891176, 1, 0.014869086, 0.0352452408, 0.0302183883, 0.0256937805, 0.0120891176, 0.014869086, 0.0180455633, 0.0120891176;0.0302183883, 0.0352452408, 0.014869086, 1, 0.00967922425, 0.0044056551, 0.0120891176, 0.0352452408, 0.0180455633, 0.0256937805, 0.0216449835;0.0302183883, 0.014869086, 0.0352452408, 0.00967922425, 1, 0.0408007719, 0.0180455633, 0.0256937805, 0.00586392694, 0.00586392694, 0.0120891176;0.0044056551, 0.0120891176, 0.0302183883, 0.0044056551, 0.0408007719, 1, 0.0408007719, 0.0180455633, 0.0120891176, 0.00967922425, 0.0256937805;0.014869086, 0.0216449835, 0.0256937805, 0.0120891176, 0.0180455633, 0.0408007719, 1, 0.0044056551, 0.0352452408, 0.0044056551, 0.0180455633;0.0256937805, 0.0216449835, 0.0120891176, 0.0352452408, 0.0256937805, 0.0180455633, 0.0044056551, 1, 0.014869086, 0.014869086, 0.00967922425;0.0044056551, 0.0180455633, 0.014869086, 0.0180455633, 0.00586392694, 0.0120891176, 0.0352452408, 0.014869086, 1, 0.00967922425, 0.0180455633;0.0352452408, 0.014869086, 0.0180455633, 0.0256937805, 0.00586392694, 0.00967922425, 0.0044056551, 0.014869086, 0.00967922425, 1, 0.0609037761;0.0120891176, 0.0216449835, 0.0120891176, 0.0216449835, 0.0120891176, 0.0256937805, 0.0180455633, 0.00967922425, 0.0180455633, 0.0609037761, 1]
data_train = ['GACGTGACGGCCGTGTGATTCTTTGAAACGGGGCCGGCAGCTAATCATGCGTGTGCACCG', 'CTGTTTTCTTCGCGGGTCCCATAATAGGGGTATCGTCCCCAGTTATTTAACGGTACGATC', 'CAGCGTACCGCCTGAAGTGAAACACATTTCAACACAAAATCAGTGGCGCCATAGGCCAGA', 'AGGCTGACGTCAGAGCGACCCCAACCAGCAAACGACGGGCTGACTCTGTTCGTCCCCGAC', 'TAAGAGCGTAGCTCGCGGAATTCAGATTTGGAGGAGTTCAAGTGAGCGAGAATGGCACCT', 'ACTTAGTTCCGCACCAGCAATGCATCGTTTGGATGAGCACTCCTGAGGAAAACGATATGA', 'ATGGGCACAAACTGCGCAGACCTCTTCAGCGTAATAGCAAACTCCCTGAAAGCGATTACT', 'CCAAACACTTGGGAGAACATCGCGCAACTGAGAGATTTTGCGCCTCGTTGTGATAGCCTA', 'GTGAGCTTGCAATGAGTGTGGCCCTATGCATCCTACGTATTCCGTTCCCGTGCCAGTATG', 'GACTCTAGCTCGACACATTTGCGAGTCCGATGCTCCACTCGAAAACAGTCCGGATGACAA', 'CGCTACCGATAGGGACATTACCGATTGGCAGGCCTGCATATGATGAACCACTTAAAATGT']
feature_class = 'string'
seqlen = 60
data_test = ['GCGATGAGCGGTAGCGGTTGTTTAAACGAGGCATCTAGGATGTCAACGCGCGCGCTTCGC', 'CTTCGGTCCCGCCAGAACAGCCGAATCCACGGGACTTACAACAGGAATAGCGCAAACGCA']
kparam0_degree = 3
kparam1_inhomogene = 'True'
km_test = [0.014869086, 0.0120891176;0.0216449835, 0.0216449835;0.0216449835, 0.0180455633;0.0256937805, 0.0120891176;0.0352452408, 0.0216449835;0.0352452408, 0.0408007719;0.0302183883, 0.0352452408;0.0120891176, 0.0408007719;0.0302183883, 0.00967922425;0.0256937805, 0.0216449835;0.014869086, 0.0352452408]
alphabet = 'DNA'
accuracy = 1e-10
data_class = 'dna'
