name = 'Poly'
degree = 3
km_train = [1, 0.498573755, 0.540767235, 0.521752922, 0.370667372, 0.200942454, 0.641303219, 0.451098259, 0.26389108, 0.563550144, 0.440633675;0.498573755, 1, 0.336074171, 0.711907827, 0.583086728, 0.58364773, 0.512958753, 0.642969528, 0.515720796, 0.651473012, 0.608770275;0.540767235, 0.336074171, 1, 0.487953452, 0.344662, 0.142529515, 0.557672747, 0.283623687, 0.35872582, 0.396005727, 0.342380019;0.521752922, 0.711907827, 0.487953452, 1, 0.382930224, 0.193345227, 0.461603953, 0.334230346, 0.383010291, 0.600703789, 0.334786027;0.370667372, 0.583086728, 0.344662, 0.382930224, 1, 0.417425168, 0.499487554, 0.454531677, 0.521436632, 0.396115404, 0.394349125;0.200942454, 0.58364773, 0.142529515, 0.193345227, 0.417425168, 1, 0.380063631, 0.511918226, 0.387422308, 0.398933714, 0.59640318;0.641303219, 0.512958753, 0.557672747, 0.461603953, 0.499487554, 0.380063631, 1, 0.6988305, 0.701478306, 0.617628534, 0.669345368;0.451098259, 0.642969528, 0.283623687, 0.334230346, 0.454531677, 0.511918226, 0.6988305, 1, 0.594983371, 0.587504656, 0.644607603;0.26389108, 0.515720796, 0.35872582, 0.383010291, 0.521436632, 0.387422308, 0.701478306, 0.594983371, 1, 0.417955968, 0.68449144;0.563550144, 0.651473012, 0.396005727, 0.600703789, 0.396115404, 0.398933714, 0.617628534, 0.587504656, 0.417955968, 1, 0.555562692;0.440633675, 0.608770275, 0.342380019, 0.334786027, 0.394349125, 0.59640318, 0.669345368, 0.644607603, 0.68449144, 0.555562692, 1]
data_train = [0.958702407, 0.0578638978, 0.394521799, 0.106756066, 0.335660065, 0.169679904, 0.646848362, 0.388268384, 0.229394746, 0.265937925, 0.360345095;0.259949863, 0.453240847, 0.0323159511, 0.279763507, 0.411206721, 0.602781882, 0.270957643, 0.133185125, 0.0762003796, 0.940531827, 0.416639058;0.581162621, 0.919176552, 0.08274842, 0.876661486, 0.551587873, 0.164834261, 0.411255117, 0.777602284, 0.480370082, 0.985286051, 0.37673897;0.7495783, 0.392989449, 0.829164221, 0.569081469, 0.0635118296, 0.0368218676, 0.133852119, 0.0136719648, 0.0753590604, 0.691714397, 0.534346275;0.749910749, 0.913165752, 0.585149532, 0.726120844, 0.757081202, 0.377850549, 0.241084832, 0.205045329, 0.25144244, 0.274731797, 0.207227649;0.878220667, 0.756999132, 0.0468964678, 0.268672482, 0.022184742, 0.498165187, 0.476210697, 0.83137149, 0.30777724, 0.816385735, 0.967973765;0.0884082234, 0.791817839, 0.589955897, 0.480045967, 0.420535779, 0.784668264, 0.639361357, 0.805044668, 0.903151059, 0.617263712, 0.980462725;0.60808785, 0.636644322, 0.554815609, 0.0910020911, 0.726397033, 0.547446307, 0.450910447, 0.910471278, 0.297959452, 0.523602276, 0.697641871;0.796471776, 0.459346808, 0.842091415, 0.768917741, 0.0662359779, 0.0458612664, 0.620805684, 0.347413408, 0.209130791, 0.579649934, 0.34156321;0.537263417, 0.460119159, 0.584766106, 0.400300489, 0.697667574, 0.180067272, 0.696501466, 0.411661214, 0.874317605, 0.515236055, 0.973110349;0.601935396, 0.223849066, 0.821790637, 0.345082628, 0.347619214, 0.0318046815, 0.548715309, 0.534423504, 0.355991484, 0.894217263, 0.128748398]
data_test = [0.330099513, 0.321582765, 0.0922905862, 0.481145394, 0.687784717, 0.511657014, 0.156977683, 0.377285965, 0.00259502438, 0.868301107, 0.0845170077, 0.597278082, 0.986256996, 0.536590646, 0.924041759, 0.236116533, 0.759955409;0.531265754, 0.720516061, 0.0623413625, 0.147739092, 0.133116929, 0.687165505, 0.844440673, 0.749616232, 0.0304721527, 0.867214981, 0.354146671, 0.397163833, 0.104869167, 0.737405206, 0.182283878, 0.563965092, 0.840709986;0.0892043287, 0.535335564, 0.233216412, 0.342926864, 0.473969941, 0.355104303, 0.64882284, 0.479582102, 0.584199485, 0.736822475, 0.557742266, 0.586535435, 0.564458543, 0.378772626, 0.337446834, 0.899647397, 0.607555222;0.244353155, 0.498247698, 0.330348481, 0.933691824, 0.00753436313, 0.225332798, 0.36535682, 0.487809801, 0.850817518, 0.0878876245, 0.805864887, 0.0556534894, 0.842314035, 0.0516354779, 0.0182424814, 0.696961462, 0.997255535;0.896610263, 0.575998418, 0.917395613, 0.0053000064, 0.975067163, 0.490748779, 0.722896097, 0.820861473, 0.718457271, 0.535036732, 0.476619484, 0.838582559, 0.20507756, 0.967994067, 0.710952479, 0.199506927, 0.736247184;0.529840023, 0.707230096, 0.767779501, 0.0872901796, 0.506103956, 0.932014342, 0.320642192, 0.593883098, 0.369230482, 0.454267972, 0.548603118, 0.54892198, 0.201730462, 0.684571548, 0.0878681112, 0.138824773, 0.00271089941;0.116696064, 0.473166201, 0.606101881, 0.79428945, 0.10669925, 0.85072746, 0.745974526, 0.408518293, 0.932938067, 0.990929476, 0.20500181, 0.379228585, 0.926449424, 0.721596551, 0.048094644, 0.781514482, 0.827940887;0.750501925, 0.799537131, 0.825132677, 0.186404987, 0.235691746, 0.633758564, 0.90786613, 0.316196582, 0.588306676, 0.682982063, 0.451948601, 0.713782455, 0.899667445, 0.624101544, 0.539781062, 0.438744675, 0.577486271;0.355362452, 0.39148211, 0.53185748, 0.0666191124, 0.229025391, 0.542849311, 0.431528143, 0.332815786, 0.730549137, 0.693717607, 0.16673076, 0.878629115, 0.495423626, 0.741460911, 0.573150849, 0.997692616, 0.75240312;0.706980461, 0.778571939, 0.143127986, 0.204544593, 0.714064082, 0.493981487, 0.754635292, 0.102916031, 0.536481351, 0.378821566, 0.457000219, 0.603957872, 0.502288347, 0.539860637, 0.486357482, 0.408955177, 0.771881981;0.0122030723, 0.598442701, 0.565508347, 0.716179075, 0.599029365, 0.826798828, 0.959074795, 0.342524257, 0.227350983, 0.423596862, 0.287929616, 0.614950263, 0.911852409, 0.139116194, 0.100794603, 0.256015532, 0.726095586]
km_test = [0.530267347, 0.669442032, 0.534165573, 0.273672577, 0.629085421, 0.596212762, 0.454531058, 0.61666796, 0.447297999, 0.508968905, 0.619048429, 0.749363972, 0.558227088, 0.554306971, 0.591938486, 0.414334931, 0.580838548;0.528160467, 0.735116842, 0.684326583, 0.2041936, 0.430459362, 0.636136827, 0.671144439, 0.722307077, 0.730485252, 0.620993801, 0.685404135, 0.649474986, 0.361786365, 0.729748271, 0.284302941, 0.567957274, 0.509121338;0.307022023, 0.492964946, 0.498782938, 0.48656127, 0.321999369, 0.459274846, 0.533082626, 0.33659615, 0.643015195, 0.362759237, 0.410938876, 0.531612672, 0.690820324, 0.356847335, 0.326772605, 0.484794065, 0.724338186;0.296666753, 0.515377536, 0.427789693, 0.270748735, 0.388101858, 0.419311833, 0.518545011, 0.589077406, 0.726202361, 0.47692024, 0.581890565, 0.583503685, 0.362394457, 0.499329055, 0.290343265, 0.74219187, 0.630050629;0.598720001, 0.665659974, 0.401569446, 0.158956903, 0.575351422, 0.461104173, 0.754222944, 0.446495688, 0.399334247, 0.560602546, 0.424460496, 0.628264234, 0.411012736, 0.578447339, 0.5058856, 0.322278866, 0.56673329;0.421044681, 0.53811479, 0.44007531, 0.144107092, 0.174966311, 0.624918523, 0.504768821, 0.521442365, 0.33162285, 0.625633765, 0.297167861, 0.354205012, 0.252832289, 0.655171864, 0.148632515, 0.27772708, 0.324006067;0.402394558, 0.70720206, 0.452001208, 0.344895322, 0.535050025, 0.802989323, 0.636050723, 0.431894891, 0.476671167, 0.767260619, 0.382044649, 0.787182224, 0.694716792, 0.648572838, 0.495985058, 0.545016079, 0.642924541;0.300479359, 0.637449447, 0.575579886, 0.245604398, 0.350006204, 0.723978822, 0.57459573, 0.379278769, 0.443688216, 0.636945041, 0.399554643, 0.606507946, 0.55017119, 0.510236851, 0.255386368, 0.40776817, 0.342520118;0.255319563, 0.520819268, 0.312761707, 0.306258929, 0.366951081, 0.532344989, 0.543626316, 0.238815534, 0.511332906, 0.495751395, 0.313164292, 0.44343087, 0.469244507, 0.432415281, 0.205993682, 0.403172216, 0.442492839;0.314008811, 0.814758931, 0.428739496, 0.423868561, 0.329220288, 0.759404141, 0.749456497, 0.67823891, 0.477585698, 0.635165686, 0.699299648, 0.573084409, 0.514826283, 0.493749901, 0.187254937, 0.664821877, 0.643393355;0.469518533, 0.720712534, 0.433136318, 0.301261952, 0.279703718, 0.676547739, 0.514026298, 0.409194719, 0.564507206, 0.532781708, 0.555906768, 0.451835791, 0.469586645, 0.567123307, 0.208219501, 0.446488801, 0.459083471]
use_normalization = 'True'
inhomogene = 'False'
