name = 'Poly'
feature_type = 'real'
data_type = 'double'
km_train = [1, 0.51420978, 0.635886585, 0.306471964, 0.395188531, 0.184957685, 0.319409743, 0.440374925, 0.471033721, 0.448461764, 0.490718481;0.51420978, 1, 0.367390409, 0.563265236, 0.216917289, 0.189221326, 0.20700755, 0.108312682, 0.378520374, 0.548837286, 0.469047933;0.635886585, 0.367390409, 1, 0.173088024, 0.608668549, 0.282056445, 0.280639759, 0.366036567, 0.414519349, 0.804611153, 0.646146893;0.306471964, 0.563265236, 0.173088024, 1, 0.208816191, 0.134438003, 0.252892056, 0.202141098, 0.159337168, 0.316260859, 0.240918943;0.395188531, 0.216917289, 0.608668549, 0.208816191, 1, 0.315894763, 0.424318271, 0.261652814, 0.31361765, 0.491581565, 0.77587358;0.184957685, 0.189221326, 0.282056445, 0.134438003, 0.315894763, 1, 0.371035716, 0.150281991, 0.196179924, 0.297996417, 0.411753602;0.319409743, 0.20700755, 0.280639759, 0.252892056, 0.424318271, 0.371035716, 1, 0.550477842, 0.325041861, 0.290733258, 0.386328064;0.440374925, 0.108312682, 0.366036567, 0.202141098, 0.261652814, 0.150281991, 0.550477842, 1, 0.157276512, 0.213831168, 0.210664549;0.471033721, 0.378520374, 0.414519349, 0.159337168, 0.31361765, 0.196179924, 0.325041861, 0.157276512, 1, 0.458626258, 0.368624541;0.448461764, 0.548837286, 0.804611153, 0.316260859, 0.491581565, 0.297996417, 0.290733258, 0.213831168, 0.458626258, 1, 0.551263698;0.490718481, 0.469047933, 0.646146893, 0.240918943, 0.77587358, 0.411753602, 0.386328064, 0.210664549, 0.368624541, 0.551263698, 1]
data_train = [0.563737101, 0.204979233, 0.741995391, 0.0522791033, 0.852542645, 0.198196386, 0.874398032, 0.352529241, 0.722683574, 0.319225298, 0.905911671;0.126637126, 0.178519789, 0.493030125, 0.081938439, 0.195980185, 0.943766382, 0.976489661, 0.376259329, 0.923286021, 0.544824676, 0.269742466;0.702398721, 0.658901807, 0.989125319, 0.265047287, 0.672059503, 0.052023755, 0.113646039, 0.00391837495, 0.999460681, 0.802273697, 0.786723015;0.509726075, 0.300067083, 0.151264284, 0.284674739, 0.375971222, 0.756310097, 0.539661789, 0.0774836266, 0.018029009, 0.10233218, 0.410498714;0.933192917, 0.637402481, 0.8018259, 0.466374595, 0.361666083, 0.108400373, 0.875933022, 0.783160029, 0.168118098, 0.512260564, 0.487374808;0.625091553, 0.946186894, 0.579771442, 0.540217267, 0.0503229329, 0.062907476, 0.187346791, 0.0324707717, 0.743352896, 0.723330304, 0.136056234;0.836078901, 0.154786035, 0.301175587, 0.248976899, 0.372307099, 0.254663766, 0.488950926, 0.407407881, 0.986569491, 0.0559263501, 0.142181376;0.0528258939, 0.625841195, 0.0545092774, 0.836439737, 0.511938631, 0.527007625, 0.561594508, 0.170813706, 0.197690303, 0.318817323, 0.593496416;0.210117776, 0.116331727, 0.970116886, 0.0219818148, 0.802697405, 0.78803515, 0.297214114, 0.135626616, 0.145628647, 0.697431617, 0.642806591;0.782745674, 0.937481172, 0.691927363, 0.155851537, 0.243442617, 0.842193731, 0.209306076, 0.072522317, 0.703280054, 0.402526355, 0.920040053;0.650255071, 0.0904189778, 0.947856567, 0.258557264, 0.33721249, 0.402260414, 0.0512242964, 0.496515422, 0.123318491, 0.400970327, 0.350709788]
feature_class = 'simple'
kparam2_use_normalization = 'True'
data_test = [0.772840083, 0.803170512, 0.153412882, 0.366551187, 0.373353161, 0.151410444, 0.798453505, 0.707228328, 0.190381786, 0.366721909, 0.105805025, 0.628206597, 0.121371925, 0.985934169, 0.780682075, 0.39023855, 0.578563932;0.911341816, 0.55409928, 0.174498486, 0.378703356, 0.843144865, 0.644213016, 0.650724384, 0.866821486, 0.893973057, 0.919792572, 0.0948491933, 0.544126002, 0.740509521, 0.756926845, 0.606716202, 0.166787335, 0.797420554;0.720111334, 0.0861357715, 0.463809825, 0.1739774, 0.337477046, 0.0180810922, 0.400329868, 0.549876921, 0.619582593, 0.663490345, 0.836291313, 0.215462907, 0.120481822, 0.851537172, 0.156612815, 0.974760081, 0.842538229;0.500876606, 0.981421425, 0.0973767291, 0.303065761, 0.638224415, 0.350006868, 0.928372552, 0.0656260882, 0.549411832, 0.590866267, 0.652728124, 0.255666223, 0.364566428, 0.84368053, 0.194942769, 0.826867847, 0.562655423;0.762187511, 0.713607366, 0.207511495, 0.568812736, 0.867723153, 0.432116237, 0.96659077, 0.4522151, 0.142785637, 0.38943468, 0.951702406, 0.319720849, 0.86809816, 0.881250682, 0.350186524, 0.0832576581, 0.724557909;0.311512299, 0.782923614, 0.442654848, 0.485266742, 0.777909407, 0.382363331, 0.443127345, 0.376190469, 0.367340515, 0.525946577, 0.808799445, 0.361768312, 0.524254721, 0.670727325, 0.269439446, 0.277522805, 0.933413127;0.723534573, 0.577186676, 0.647720054, 0.0292994431, 0.618102966, 0.509508873, 0.54574968, 0.359423827, 0.0814738977, 0.193339234, 0.950744713, 0.408699562, 0.466683156, 0.0527097899, 0.0375662295, 0.717181447, 0.538094664;0.508705984, 0.24312453, 0.744750732, 0.168236579, 0.189934744, 0.460712171, 0.286279862, 0.247462981, 0.645237645, 0.650971745, 0.82451707, 0.417708567, 0.073085091, 0.273666385, 0.980005463, 0.596258575, 0.709737085;0.00735782963, 0.518205732, 0.0375286575, 0.569230212, 0.92077085, 0.968419131, 0.540552675, 0.458204805, 0.945017094, 0.673609832, 0.0648992795, 0.465725578, 0.240245018, 0.469804321, 0.455465572, 0.582144803, 0.35677049;0.164270449, 0.503719435, 0.830202884, 0.664012228, 0.338367866, 0.935523023, 0.912207571, 0.209348399, 0.0394175851, 0.741308708, 0.827610261, 0.967864566, 0.889836394, 0.600534768, 0.530052339, 0.0278410513, 0.246656447;0.459614752, 0.6285039, 0.557251833, 0.74263599, 0.279766931, 0.564952608, 0.0881422434, 0.413665524, 0.750160833, 0.693400853, 0.990642737, 0.277891126, 0.498189299, 0.329530414, 0.440603114, 0.85695013, 0.684209075]
kparam0_degree = 3
kparam1_inhomogene = 'False'
