name = 'Poly'
feature_type = 'Real'
data_type = 'double'
km_train = [1, 0.468265235, 0.396589705, 0.405425862, 0.412364006, 0.393043181, 0.389261642, 0.333140652, 0.533678154, 0.489677659, 0.259435217;0.468265235, 1, 0.678202658, 0.44276746, 0.325669602, 0.470789982, 0.347304657, 0.520117056, 0.603602296, 0.380183948, 0.179046582;0.396589705, 0.678202658, 1, 0.571957422, 0.286863852, 0.532159177, 0.342966405, 0.457715782, 0.340641462, 0.456335963, 0.322782864;0.405425862, 0.44276746, 0.571957422, 1, 0.41386354, 0.697983695, 0.448762587, 0.783909031, 0.211345873, 0.495535194, 0.388824467;0.412364006, 0.325669602, 0.286863852, 0.41386354, 1, 0.490088627, 0.329233794, 0.434044597, 0.193548475, 0.313201932, 0.604998102;0.393043181, 0.470789982, 0.532159177, 0.697983695, 0.490088627, 1, 0.341630073, 0.544730322, 0.298052984, 0.445767354, 0.608452241;0.389261642, 0.347304657, 0.342966405, 0.448762587, 0.329233794, 0.341630073, 1, 0.533359261, 0.234401691, 0.686363121, 0.301575096;0.333140652, 0.520117056, 0.457715782, 0.783909031, 0.434044597, 0.544730322, 0.533359261, 1, 0.291117309, 0.410412788, 0.378692963;0.533678154, 0.603602296, 0.340641462, 0.211345873, 0.193548475, 0.298052984, 0.234401691, 0.291117309, 1, 0.152365357, 0.187523848;0.489677659, 0.380183948, 0.456335963, 0.495535194, 0.313201932, 0.445767354, 0.686363121, 0.410412788, 0.152365357, 1, 0.288197273;0.259435217, 0.179046582, 0.322782864, 0.388824467, 0.604998102, 0.608452241, 0.301575096, 0.378692963, 0.187523848, 0.288197273, 1]
data_train = [0.929921763, 0.545083413, 0.661466205, 0.903273622, 0.0985468514, 0.232078578, 0.708900006, 0.823744462, 0.857029028, 0.415107177, 0.0893399023;0.437781477, 0.23073459, 0.291196455, 0.772267557, 0.075527086, 0.827581217, 0.427669086, 0.596063931, 0.0896522312, 0.337359078, 0.089700919;0.961543723, 0.807261649, 0.459632754, 0.223602548, 0.933455105, 0.344596596, 0.160984432, 0.563164388, 0.94377412, 0.0038302905, 0.238124843;0.93844764, 0.171085967, 0.113243452, 0.570187216, 0.861843823, 0.477109818, 0.994564257, 0.6791717, 0.0740749072, 0.992832132, 0.407894237;0.287402534, 0.557879184, 0.304307592, 0.0864575071, 0.00142834308, 0.449583353, 0.836863422, 0.572315186, 0.999207299, 0.286846646, 0.280455065;0.15974946, 0.164063588, 0.285186596, 0.792840045, 0.905756791, 0.97508717, 0.232289654, 0.881297546, 0.328255089, 0.112840545, 0.870024926;0.636105635, 0.164730896, 0.429831258, 0.287257695, 0.736794569, 0.453416231, 0.989279945, 0.0547449823, 0.355015266, 0.481900167, 0.503133555;0.315935822, 0.729240249, 0.874747073, 0.938719302, 0.805093377, 0.850580197, 0.550545301, 0.825888226, 0.303503909, 0.398478762, 0.316913014;0.467387335, 0.285579616, 0.961611442, 0.312844628, 0.0980445381, 0.526817166, 0.0570990784, 0.110543166, 0.219389389, 0.46435025, 0.433250932;0.799691862, 0.739474654, 0.426318294, 0.333704208, 0.316468784, 0.773995087, 0.0520724062, 0.0128216495, 0.795544392, 0.477146376, 0.130881139;0.235565935, 0.932503953, 0.859502976, 0.70978505, 0.48222523, 0.520323626, 0.975244535, 0.965770444, 0.215269046, 0.811104566, 0.197242666]
feature_class = 'simple'
kparam2_use_normalization = 'True'
data_test = [0.213537478, 0.676093034, 0.405001099, 0.931544407, 0.0890097349, 0.511525641, 0.91852153, 0.90411366, 0.156529213, 0.3666377, 0.6191214, 0.159394885, 0.968022172, 0.914749329, 0.166950179, 0.121155461, 0.0854084828;0.909443664, 0.19362381, 0.416284929, 0.448851366, 0.599011044, 0.0717353437, 0.226758617, 0.931490387, 0.908410107, 0.781290647, 0.0194012456, 0.327006768, 0.627958735, 0.275190212, 0.909586695, 0.633889462, 0.0719067173;0.909005589, 0.957766658, 0.0777124184, 0.532360235, 0.303364282, 0.392839076, 0.179651218, 0.578072102, 0.957979353, 0.5030726, 0.0829145814, 0.620001333, 0.340222994, 0.85592519, 0.434678148, 0.192839609, 0.191105623;0.768764181, 0.265587598, 0.767233394, 0.205887311, 0.321686369, 0.465486972, 0.94319585, 0.931731425, 0.206871875, 0.358219041, 0.149399388, 0.509985079, 0.460582551, 0.900760162, 0.930005378, 0.383567391, 0.491737943;0.896236249, 0.806707808, 0.00365631134, 0.320059564, 0.421774242, 0.229716284, 0.199571616, 0.0377845066, 0.643369725, 0.26251029, 0.0523471784, 0.230979311, 0.801913953, 0.851489182, 0.483066245, 0.41607067, 0.977853694;0.20056466, 0.215359283, 0.291867177, 0.172757318, 0.379365598, 0.910834227, 0.615347841, 0.411946549, 0.934410795, 0.0484642325, 0.210276178, 0.565888605, 0.615552623, 0.0395575066, 0.403038758, 0.649153965, 0.698070546;0.638139903, 0.320563224, 0.0935201236, 0.427112446, 0.128754437, 0.947623659, 0.475170866, 0.317259174, 0.766304071, 0.497948593, 0.310034024, 0.811967742, 0.867152151, 0.673008166, 0.0469644224, 0.56632288, 0.763294912;0.136503012, 0.228670751, 0.882495105, 0.0201217219, 0.752727138, 0.473773293, 0.446772159, 0.00709653249, 0.819398231, 0.359824901, 0.540765631, 0.677300686, 0.702629576, 0.955980059, 0.531339953, 0.399719551, 0.953703626;0.642110235, 0.298150356, 0.126464245, 0.842554501, 0.362181603, 0.660469721, 0.470816419, 0.19892978, 0.601686609, 0.060683069, 0.41334246, 0.54661494, 0.436046974, 0.748672175, 0.827924955, 0.771243074, 0.0388129478;0.19412877, 0.536607509, 0.93482204, 0.834956775, 0.842534508, 0.303208194, 0.429447897, 0.470705947, 0.157371583, 0.0310681302, 0.946902899, 0.240712586, 0.239948904, 0.0833790538, 0.928507752, 0.579737115, 0.667036857;0.911576887, 0.345620169, 0.621507311, 0.0387994547, 0.186772528, 0.831245805, 0.766768356, 0.350642691, 0.376810628, 0.533554434, 0.000241004685, 0.241244336, 0.208231809, 0.250482947, 0.805905843, 0.279673857, 0.191521322]
kparam0_degree = 3
kparam1_inhomogene = 'False'
