name = 'Poly'
degree = 3
km_train = [1, 0.572295128, 0.611705686, 0.595287143, 0.462751226, 0.306579277, 0.694774842, 0.532309008, 0.365269396, 0.624463045, 0.519201039;0.572295128, 1, 0.435377534, 0.764720376, 0.657484501, 0.646519358, 0.599391654, 0.70748796, 0.600830257, 0.704139775, 0.674408927;0.611705686, 0.435377534, 1, 0.586101751, 0.463317688, 0.274701092, 0.646104763, 0.392375542, 0.47772007, 0.478642506, 0.439866454;0.595287143, 0.764720376, 0.586101751, 1, 0.512318196, 0.347637813, 0.576516369, 0.449383301, 0.515338707, 0.657707215, 0.438746964;0.462751226, 0.657484501, 0.463317688, 0.512318196, 1, 0.564492135, 0.615039162, 0.560570753, 0.641391951, 0.480131539, 0.495004111;0.306579277, 0.646519358, 0.274701092, 0.347637813, 0.564492135, 1, 0.524009286, 0.606219107, 0.546277459, 0.47473646, 0.65317109;0.694774842, 0.599391654, 0.646104763, 0.576516369, 0.615039162, 0.524009286, 1, 0.761758143, 0.7774753, 0.670476452, 0.72759359;0.532309008, 0.70748796, 0.392375542, 0.449383301, 0.560570753, 0.606219107, 0.761758143, 1, 0.677289547, 0.648968545, 0.707729942;0.365269396, 0.600830257, 0.47772007, 0.515338707, 0.641391951, 0.546277459, 0.7774753, 0.677289547, 1, 0.498038384, 0.734508978;0.624463045, 0.704139775, 0.478642506, 0.657707215, 0.480131539, 0.47473646, 0.670476452, 0.648968545, 0.498038384, 1, 0.619913094;0.519201039, 0.674408927, 0.439866454, 0.438746964, 0.495004111, 0.65317109, 0.72759359, 0.707729942, 0.734508978, 0.619913094, 1]
data_train = [0.958702407, 0.0578638978, 0.394521799, 0.106756066, 0.335660065, 0.169679904, 0.646848362, 0.388268384, 0.229394746, 0.265937925, 0.360345095;0.259949863, 0.453240847, 0.0323159511, 0.279763507, 0.411206721, 0.602781882, 0.270957643, 0.133185125, 0.0762003796, 0.940531827, 0.416639058;0.581162621, 0.919176552, 0.08274842, 0.876661486, 0.551587873, 0.164834261, 0.411255117, 0.777602284, 0.480370082, 0.985286051, 0.37673897;0.7495783, 0.392989449, 0.829164221, 0.569081469, 0.0635118296, 0.0368218676, 0.133852119, 0.0136719648, 0.0753590604, 0.691714397, 0.534346275;0.749910749, 0.913165752, 0.585149532, 0.726120844, 0.757081202, 0.377850549, 0.241084832, 0.205045329, 0.25144244, 0.274731797, 0.207227649;0.878220667, 0.756999132, 0.0468964678, 0.268672482, 0.022184742, 0.498165187, 0.476210697, 0.83137149, 0.30777724, 0.816385735, 0.967973765;0.0884082234, 0.791817839, 0.589955897, 0.480045967, 0.420535779, 0.784668264, 0.639361357, 0.805044668, 0.903151059, 0.617263712, 0.980462725;0.60808785, 0.636644322, 0.554815609, 0.0910020911, 0.726397033, 0.547446307, 0.450910447, 0.910471278, 0.297959452, 0.523602276, 0.697641871;0.796471776, 0.459346808, 0.842091415, 0.768917741, 0.0662359779, 0.0458612664, 0.620805684, 0.347413408, 0.209130791, 0.579649934, 0.34156321;0.537263417, 0.460119159, 0.584766106, 0.400300489, 0.697667574, 0.180067272, 0.696501466, 0.411661214, 0.874317605, 0.515236055, 0.973110349;0.601935396, 0.223849066, 0.821790637, 0.345082628, 0.347619214, 0.0318046815, 0.548715309, 0.534423504, 0.355991484, 0.894217263, 0.128748398]
data_test = [0.330099513, 0.321582765, 0.0922905862, 0.481145394, 0.687784717, 0.511657014, 0.156977683, 0.377285965, 0.00259502438, 0.868301107, 0.0845170077, 0.597278082, 0.986256996, 0.536590646, 0.924041759, 0.236116533, 0.759955409;0.531265754, 0.720516061, 0.0623413625, 0.147739092, 0.133116929, 0.687165505, 0.844440673, 0.749616232, 0.0304721527, 0.867214981, 0.354146671, 0.397163833, 0.104869167, 0.737405206, 0.182283878, 0.563965092, 0.840709986;0.0892043287, 0.535335564, 0.233216412, 0.342926864, 0.473969941, 0.355104303, 0.64882284, 0.479582102, 0.584199485, 0.736822475, 0.557742266, 0.586535435, 0.564458543, 0.378772626, 0.337446834, 0.899647397, 0.607555222;0.244353155, 0.498247698, 0.330348481, 0.933691824, 0.00753436313, 0.225332798, 0.36535682, 0.487809801, 0.850817518, 0.0878876245, 0.805864887, 0.0556534894, 0.842314035, 0.0516354779, 0.0182424814, 0.696961462, 0.997255535;0.896610263, 0.575998418, 0.917395613, 0.0053000064, 0.975067163, 0.490748779, 0.722896097, 0.820861473, 0.718457271, 0.535036732, 0.476619484, 0.838582559, 0.20507756, 0.967994067, 0.710952479, 0.199506927, 0.736247184;0.529840023, 0.707230096, 0.767779501, 0.0872901796, 0.506103956, 0.932014342, 0.320642192, 0.593883098, 0.369230482, 0.454267972, 0.548603118, 0.54892198, 0.201730462, 0.684571548, 0.0878681112, 0.138824773, 0.00271089941;0.116696064, 0.473166201, 0.606101881, 0.79428945, 0.10669925, 0.85072746, 0.745974526, 0.408518293, 0.932938067, 0.990929476, 0.20500181, 0.379228585, 0.926449424, 0.721596551, 0.048094644, 0.781514482, 0.827940887;0.750501925, 0.799537131, 0.825132677, 0.186404987, 0.235691746, 0.633758564, 0.90786613, 0.316196582, 0.588306676, 0.682982063, 0.451948601, 0.713782455, 0.899667445, 0.624101544, 0.539781062, 0.438744675, 0.577486271;0.355362452, 0.39148211, 0.53185748, 0.0666191124, 0.229025391, 0.542849311, 0.431528143, 0.332815786, 0.730549137, 0.693717607, 0.16673076, 0.878629115, 0.495423626, 0.741460911, 0.573150849, 0.997692616, 0.75240312;0.706980461, 0.778571939, 0.143127986, 0.204544593, 0.714064082, 0.493981487, 0.754635292, 0.102916031, 0.536481351, 0.378821566, 0.457000219, 0.603957872, 0.502288347, 0.539860637, 0.486357482, 0.408955177, 0.771881981;0.0122030723, 0.598442701, 0.565508347, 0.716179075, 0.599029365, 0.826798828, 0.959074795, 0.342524257, 0.227350983, 0.423596862, 0.287929616, 0.614950263, 0.911852409, 0.139116194, 0.100794603, 0.256015532, 0.726095586]
km_test = [0.602019623, 0.722315409, 0.606370376, 0.373804589, 0.686023895, 0.657687773, 0.527232731, 0.674042161, 0.527707224, 0.577839939, 0.667985025, 0.79025296, 0.620354471, 0.621699128, 0.649859745, 0.497967857, 0.63575982;0.61231165, 0.783296443, 0.742783994, 0.318430921, 0.527151711, 0.697102105, 0.722851851, 0.77188861, 0.780033506, 0.680832262, 0.7356743, 0.710664371, 0.444957909, 0.777958715, 0.397597076, 0.642324725, 0.573035793;0.425433807, 0.579712483, 0.59203509, 0.58750757, 0.437426433, 0.545350919, 0.604003149, 0.453477752, 0.710277735, 0.452339526, 0.524138085, 0.612837748, 0.738415782, 0.454434534, 0.447989519, 0.57482804, 0.758809455;0.428890758, 0.603489151, 0.538623114, 0.409445143, 0.509686158, 0.513513473, 0.591236243, 0.683309932, 0.780506823, 0.557731074, 0.681717155, 0.660183568, 0.451652544, 0.58685943, 0.429801248, 0.793988309, 0.672951799;0.695831565, 0.727130021, 0.520395036, 0.305479432, 0.674090062, 0.550713995, 0.779938924, 0.571400572, 0.507614063, 0.626785047, 0.563200296, 0.695866839, 0.494957141, 0.653045961, 0.627192996, 0.439166481, 0.614308041;0.558300717, 0.61529631, 0.556861822, 0.309139864, 0.328037493, 0.671520401, 0.564539547, 0.640330799, 0.450190629, 0.661426143, 0.471949146, 0.463806338, 0.351202711, 0.699830514, 0.317511427, 0.403502827, 0.399286354;0.527753269, 0.762355252, 0.561437187, 0.481650548, 0.638097895, 0.832884677, 0.689086443, 0.554206504, 0.573521257, 0.798110704, 0.519792912, 0.825198563, 0.735360433, 0.711958227, 0.61347836, 0.632498314, 0.681543478;0.419604182, 0.704239289, 0.658012867, 0.370452701, 0.463713569, 0.773120335, 0.640208484, 0.49265151, 0.537994361, 0.695581426, 0.51473659, 0.67739663, 0.617717958, 0.592992504, 0.381240198, 0.506224986, 0.421791185;0.401895237, 0.608145392, 0.442897066, 0.457095842, 0.500706466, 0.609590656, 0.607405795, 0.386916302, 0.603691239, 0.570966917, 0.471125567, 0.541815264, 0.543550239, 0.529932418, 0.362828294, 0.512920361, 0.507778422;0.405923849, 0.842887716, 0.509394681, 0.504347234, 0.41954885, 0.79668374, 0.787268407, 0.719686986, 0.551801946, 0.688247351, 0.724932232, 0.635943477, 0.579594458, 0.565042346, 0.284963908, 0.715616732, 0.690744734;0.560116523, 0.770512081, 0.525522447, 0.410615099, 0.386526181, 0.73116236, 0.584780999, 0.507386161, 0.637941899, 0.602892084, 0.630348018, 0.536602983, 0.543781155, 0.63801215, 0.321413197, 0.533984079, 0.527498749]
use_normalization = 'True'
inhomogene = 'True'
