name = 'PolyMatchWord'
feature_type = 'word'
data_type = 'ushort'
km_train = [1, 0.000578703704, 0.00462962963, 0.000578703704, 0.00462962963, 0.000578703704, 0.000578703704, 0.000578703704, 0.00462962963, 0.015625, 0.000578703704;0.000578703704, 1, 0.000578703704, 0.000578703704, 0.000578703704, 0.000578703704, 0.000578703704, 0.015625, 0.000578703704, 0.000578703704, 0.000578703704;0.00462962963, 0.000578703704, 1, 0.000578703704, 0.000578703704, 0.000578703704, 0.00462962963, 0.000578703704, 0.000578703704, 0.000578703704, 0.000578703704;0.000578703704, 0.000578703704, 0.000578703704, 1, 0.00462962963, 0.015625, 0.000578703704, 0.000578703704, 0.000578703704, 0.000578703704, 0.000578703704;0.00462962963, 0.000578703704, 0.000578703704, 0.00462962963, 1, 0.00462962963, 0.000578703704, 0.000578703704, 0.000578703704, 0.000578703704, 0.000578703704;0.000578703704, 0.000578703704, 0.000578703704, 0.015625, 0.00462962963, 1, 0.000578703704, 0.000578703704, 0.000578703704, 0.000578703704, 0.00462962963;0.000578703704, 0.000578703704, 0.00462962963, 0.000578703704, 0.000578703704, 0.000578703704, 1, 0.000578703704, 0.000578703704, 0.000578703704, 0.000578703704;0.000578703704, 0.015625, 0.000578703704, 0.000578703704, 0.000578703704, 0.000578703704, 0.000578703704, 1, 0.000578703704, 0.000578703704, 0.000578703704;0.00462962963, 0.000578703704, 0.000578703704, 0.000578703704, 0.000578703704, 0.000578703704, 0.000578703704, 0.000578703704, 1, 0.000578703704, 0.000578703704;0.015625, 0.000578703704, 0.000578703704, 0.000578703704, 0.000578703704, 0.000578703704, 0.000578703704, 0.000578703704, 0.000578703704, 1, 0.000578703704;0.000578703704, 0.000578703704, 0.000578703704, 0.000578703704, 0.000578703704, 0.00462962963, 0.000578703704, 0.000578703704, 0.000578703704, 0.000578703704, 1]
data_train = ['39', '3', '35', '0', '39', '32', '6', '10', '26', '13', '21';'15', '11', '9', '23', '17', '21', '8', '16', '37', '39', '12';'36', '5', '20', '35', '6', '35', '24', '10', '13', '28', '9';'4', '7', '4', '23', '39', '25', '5', '15', '35', '11', '10';'2', '36', '5', '18', '17', '15', '22', '36', '8', '2', '7';'37', '3', '11', '30', '24', '15', '41', '13', '12', '40', '6';'11', '36', '3', '1', '34', '2', '3', '37', '11', '18', '9';'0', '16', '15', '8', '8', '8', '11', '40', '14', '1', '10';'10', '7', '31', '5', '19', '38', '34', '7', '33', '18', '6';'30', '17', '39', '13', '38', '35', '16', '36', '8', '19', '27';'19', '40', '35', '26', '7', '31', '0', '16', '8', '19', '31']
feature_class = 'simple'
data_test = ['1', '31', '8', '29', '19', '37', '0', '4', '34', '35', '0', '13', '8', '29', '23', '3', '13';'24', '3', '24', '9', '34', '6', '41', '12', '3', '35', '13', '17', '7', '31', '26', '41', '36';'22', '6', '11', '24', '2', '25', '3', '41', '35', '14', '31', '28', '9', '20', '15', '18', '28';'17', '15', '0', '1', '14', '38', '27', '0', '4', '41', '21', '35', '12', '0', '15', '40', '21';'31', '15', '14', '41', '11', '0', '16', '40', '27', '6', '8', '21', '25', '11', '6', '14', '37';'20', '13', '1', '7', '5', '36', '36', '32', '40', '5', '25', '38', '40', '36', '13', '36', '7';'38', '12', '12', '39', '27', '17', '18', '37', '31', '21', '1', '12', '22', '24', '27', '10', '32';'23', '1', '29', '16', '39', '33', '37', '21', '4', '39', '15', '12', '25', '30', '38', '22', '11';'13', '17', '26', '27', '17', '15', '15', '12', '28', '8', '25', '27', '40', '12', '35', '8', '13';'11', '31', '37', '2', '15', '19', '31', '22', '16', '15', '37', '7', '18', '29', '33', '13', '21';'16', '14', '31', '12', '20', '39', '32', '26', '34', '15', '27', '33', '0', '40', '30', '35', '32']
kparam0_degree = 3
kparam1_inhomogene = 'True'
km_test = [0.000578703704, 0.000578703704, 0.000578703704, 0.000578703704, 0.000578703704, 0.000578703704, 0.000578703704, 0.000578703704, 0.00462962963, 0.000578703704, 0.000578703704, 0.000578703704, 0.000578703704, 0.000578703704, 0.000578703704, 0.000578703704, 0.000578703704;0.000578703704, 0.000578703704, 0.000578703704, 0.00462962963, 0.000578703704, 0.000578703704, 0.000578703704, 0.000578703704, 0.000578703704, 0.000578703704, 0.000578703704, 0.000578703704, 0.000578703704, 0.00462962963, 0.000578703704, 0.00462962963, 0.000578703704;0.000578703704, 0.000578703704, 0.000578703704, 0.00462962963, 0.000578703704, 0.000578703704, 0.000578703704, 0.000578703704, 0.00462962963, 0.00462962963, 0.00462962963, 0.000578703704, 0.000578703704, 0.00462962963, 0.000578703704, 0.00462962963, 0.000578703704;0.000578703704, 0.000578703704, 0.000578703704, 0.000578703704, 0.000578703704, 0.000578703704, 0.00462962963, 0.00462962963, 0.00462962963, 0.000578703704, 0.015625, 0.000578703704, 0.000578703704, 0.000578703704, 0.000578703704, 0.00462962963, 0.000578703704;0.000578703704, 0.00462962963, 0.000578703704, 0.000578703704, 0.000578703704, 0.000578703704, 0.000578703704, 0.000578703704, 0.000578703704, 0.000578703704, 0.000578703704, 0.00462962963, 0.000578703704, 0.000578703704, 0.000578703704, 0.000578703704, 0.000578703704;0.000578703704, 0.00462962963, 0.00462962963, 0.000578703704, 0.000578703704, 0.000578703704, 0.000578703704, 0.000578703704, 0.00462962963, 0.000578703704, 0.000578703704, 0.000578703704, 0.000578703704, 0.000578703704, 0.000578703704, 0.000578703704, 0.000578703704;0.000578703704, 0.000578703704, 0.000578703704, 0.00462962963, 0.000578703704, 0.000578703704, 0.000578703704, 0.000578703704, 0.00462962963, 0.000578703704, 0.000578703704, 0.000578703704, 0.00462962963, 0.000578703704, 0.000578703704, 0.000578703704, 0.00462962963;0.00462962963, 0.015625, 0.000578703704, 0.000578703704, 0.000578703704, 0.000578703704, 0.000578703704, 0.00462962963, 0.000578703704, 0.000578703704, 0.000578703704, 0.000578703704, 0.000578703704, 0.000578703704, 0.015625, 0.000578703704, 0.000578703704;0.000578703704, 0.000578703704, 0.000578703704, 0.000578703704, 0.000578703704, 0.000578703704, 0.000578703704, 0.000578703704, 0.000578703704, 0.000578703704, 0.00462962963, 0.00462962963, 0.000578703704, 0.000578703704, 0.000578703704, 0.000578703704, 0.000578703704;0.000578703704, 0.00462962963, 0.000578703704, 0.000578703704, 0.000578703704, 0.00462962963, 0.00462962963, 0.000578703704, 0.00462962963, 0.000578703704, 0.000578703704, 0.015625, 0.00462962963, 0.000578703704, 0.000578703704, 0.000578703704, 0.015625;0.000578703704, 0.000578703704, 0.00462962963, 0.000578703704, 0.000578703704, 0.000578703704, 0.000578703704, 0.00462962963, 0.000578703704, 0.000578703704, 0.000578703704, 0.000578703704, 0.00462962963, 0.000578703704, 0.000578703704, 0.000578703704, 0.000578703704]
accuracy = 1e-10
data_class = 'rand'
