name = 'Poly'
degree = 3
km_train = [116.419568, 44.9892553, 39.48853, 27.6693362, 15.6214323, 5.07334704, 31.5122012, 32.6849174, 9.88117018, 72.1608758, 41.494166;44.9892553, 69.9411549, 19.0216918, 29.2624731, 19.0468454, 11.4216035, 19.5366985, 36.1093806, 14.9675846, 64.6575236, 44.4340809;39.48853, 19.0216918, 45.8031356, 16.2310591, 9.11096774, 2.2571597, 17.1881587, 12.8900129, 8.42521357, 31.8057258, 20.2233166;27.6693362, 29.2624731, 16.2310591, 24.1569288, 7.35129761, 2.22363854, 10.3321977, 11.0313836, 6.53283937, 35.0378516, 14.3609955;15.6214323, 19.0468454, 9.11096774, 7.35129761, 15.256222, 3.81515344, 8.88485819, 11.9220491, 7.06798656, 18.3612173, 13.4431407;5.07334704, 11.4216035, 2.2571597, 2.22363854, 3.81515344, 5.47544922, 4.05012586, 8.04403068, 3.14604679, 11.0781402, 12.1799692;31.5122012, 19.5366985, 17.1881587, 10.3321977, 8.88485819, 4.05012586, 20.7398044, 21.3716192, 11.0863159, 33.3799682, 26.6041235;32.6849174, 36.1093806, 12.8900129, 11.0313836, 11.9220491, 8.04403068, 21.3716192, 45.0948033, 13.8656027, 46.8199343, 37.7793982;9.88117018, 14.9675846, 8.42521357, 6.53283937, 7.06798656, 3.14604679, 11.0863159, 13.8656027, 12.0431849, 17.2130348, 20.7317069;72.1608758, 64.6575236, 31.8057258, 35.0378516, 18.3612173, 11.0781402, 33.3799682, 46.8199343, 17.2130348, 140.835609, 57.5420958;41.494166, 44.4340809, 20.2233166, 14.3609955, 13.4431407, 12.1799692, 26.6041235, 37.7793982, 20.7317069, 57.5420958, 76.1715384]
data_train = [0.958702407, 0.0578638978, 0.394521799, 0.106756066, 0.335660065, 0.169679904, 0.646848362, 0.388268384, 0.229394746, 0.265937925, 0.360345095;0.259949863, 0.453240847, 0.0323159511, 0.279763507, 0.411206721, 0.602781882, 0.270957643, 0.133185125, 0.0762003796, 0.940531827, 0.416639058;0.581162621, 0.919176552, 0.08274842, 0.876661486, 0.551587873, 0.164834261, 0.411255117, 0.777602284, 0.480370082, 0.985286051, 0.37673897;0.7495783, 0.392989449, 0.829164221, 0.569081469, 0.0635118296, 0.0368218676, 0.133852119, 0.0136719648, 0.0753590604, 0.691714397, 0.534346275;0.749910749, 0.913165752, 0.585149532, 0.726120844, 0.757081202, 0.377850549, 0.241084832, 0.205045329, 0.25144244, 0.274731797, 0.207227649;0.878220667, 0.756999132, 0.0468964678, 0.268672482, 0.022184742, 0.498165187, 0.476210697, 0.83137149, 0.30777724, 0.816385735, 0.967973765;0.0884082234, 0.791817839, 0.589955897, 0.480045967, 0.420535779, 0.784668264, 0.639361357, 0.805044668, 0.903151059, 0.617263712, 0.980462725;0.60808785, 0.636644322, 0.554815609, 0.0910020911, 0.726397033, 0.547446307, 0.450910447, 0.910471278, 0.297959452, 0.523602276, 0.697641871;0.796471776, 0.459346808, 0.842091415, 0.768917741, 0.0662359779, 0.0458612664, 0.620805684, 0.347413408, 0.209130791, 0.579649934, 0.34156321;0.537263417, 0.460119159, 0.584766106, 0.400300489, 0.697667574, 0.180067272, 0.696501466, 0.411661214, 0.874317605, 0.515236055, 0.973110349;0.601935396, 0.223849066, 0.821790637, 0.345082628, 0.347619214, 0.0318046815, 0.548715309, 0.534423504, 0.355991484, 0.894217263, 0.128748398]
data_test = [0.330099513, 0.321582765, 0.0922905862, 0.481145394, 0.687784717, 0.511657014, 0.156977683, 0.377285965, 0.00259502438, 0.868301107, 0.0845170077, 0.597278082, 0.986256996, 0.536590646, 0.924041759, 0.236116533, 0.759955409;0.531265754, 0.720516061, 0.0623413625, 0.147739092, 0.133116929, 0.687165505, 0.844440673, 0.749616232, 0.0304721527, 0.867214981, 0.354146671, 0.397163833, 0.104869167, 0.737405206, 0.182283878, 0.563965092, 0.840709986;0.0892043287, 0.535335564, 0.233216412, 0.342926864, 0.473969941, 0.355104303, 0.64882284, 0.479582102, 0.584199485, 0.736822475, 0.557742266, 0.586535435, 0.564458543, 0.378772626, 0.337446834, 0.899647397, 0.607555222;0.244353155, 0.498247698, 0.330348481, 0.933691824, 0.00753436313, 0.225332798, 0.36535682, 0.487809801, 0.850817518, 0.0878876245, 0.805864887, 0.0556534894, 0.842314035, 0.0516354779, 0.0182424814, 0.696961462, 0.997255535;0.896610263, 0.575998418, 0.917395613, 0.0053000064, 0.975067163, 0.490748779, 0.722896097, 0.820861473, 0.718457271, 0.535036732, 0.476619484, 0.838582559, 0.20507756, 0.967994067, 0.710952479, 0.199506927, 0.736247184;0.529840023, 0.707230096, 0.767779501, 0.0872901796, 0.506103956, 0.932014342, 0.320642192, 0.593883098, 0.369230482, 0.454267972, 0.548603118, 0.54892198, 0.201730462, 0.684571548, 0.0878681112, 0.138824773, 0.00271089941;0.116696064, 0.473166201, 0.606101881, 0.79428945, 0.10669925, 0.85072746, 0.745974526, 0.408518293, 0.932938067, 0.990929476, 0.20500181, 0.379228585, 0.926449424, 0.721596551, 0.048094644, 0.781514482, 0.827940887;0.750501925, 0.799537131, 0.825132677, 0.186404987, 0.235691746, 0.633758564, 0.90786613, 0.316196582, 0.588306676, 0.682982063, 0.451948601, 0.713782455, 0.899667445, 0.624101544, 0.539781062, 0.438744675, 0.577486271;0.355362452, 0.39148211, 0.53185748, 0.0666191124, 0.229025391, 0.542849311, 0.431528143, 0.332815786, 0.730549137, 0.693717607, 0.16673076, 0.878629115, 0.495423626, 0.741460911, 0.573150849, 0.997692616, 0.75240312;0.706980461, 0.778571939, 0.143127986, 0.204544593, 0.714064082, 0.493981487, 0.754635292, 0.102916031, 0.536481351, 0.378821566, 0.457000219, 0.603957872, 0.502288347, 0.539860637, 0.486357482, 0.408955177, 0.771881981;0.0122030723, 0.598442701, 0.565508347, 0.716179075, 0.599029365, 0.826798828, 0.959074795, 0.342524257, 0.227350983, 0.423596862, 0.287929616, 0.614950263, 0.911852409, 0.139116194, 0.100794603, 0.256015532, 0.726095586]
km_test = [26.0441559, 57.1374247, 34.212031, 11.4988949, 33.7030943, 58.7277559, 54.4009942, 29.5898817, 35.8680688, 57.7853368, 21.6031964, 65.5189599, 69.1974659, 50.6410555, 23.5000341, 32.5874235, 89.7719889;20.1064177, 48.6314777, 33.9718956, 6.64998025, 17.8749864, 48.5675375, 62.2605105, 26.86378, 45.4020956, 54.6470938, 18.5393079, 44.0139172, 34.7604097, 51.6748104, 8.7483606, 34.6232276, 60.9902093;9.45844064, 26.3911513, 20.0377597, 12.8232164, 10.8205613, 28.3758847, 40.0195697, 10.1306101, 32.3420011, 25.8332764, 8.99508414, 29.1544009, 53.7129497, 20.4488778, 8.13714713, 23.9161013, 70.2200947;6.63731068, 20.0373848, 12.4807633, 5.18202047, 9.47139053, 18.8142593, 28.2707676, 12.8757364, 26.526293, 24.6649376, 9.25001786, 23.2394398, 20.4629714, 20.7800752, 5.25063149, 26.5902571, 44.3576708;10.6450983, 20.5669853, 9.31052419, 2.41776854, 11.1584495, 16.4418885, 32.6778535, 7.75567535, 11.5919928, 23.0405039, 5.36217735, 19.8850657, 18.4435735, 19.1305187, 7.27034033, 9.17573394, 31.7084234;4.48477307, 9.96046238, 6.1126123, 1.313128, 2.03287874, 13.3494208, 13.1018517, 5.42619058, 5.76703214, 15.4043531, 2.24901376, 6.71623329, 6.79686598, 12.9808919, 1.27968367, 4.73711131, 10.8601405;8.34174359, 25.4765455, 12.2188939, 6.11647862, 12.0988441, 33.3842209, 32.1310087, 8.74700244, 16.1331532, 36.7670379, 5.62725825, 29.0495092, 36.3476566, 25.0092405, 8.31093423, 18.0924395, 41.9406113;9.18502415, 33.8613049, 22.9434556, 6.42260506, 11.6704111, 44.3831638, 42.8011979, 11.3266279, 22.1431392, 45.0068498, 8.67800362, 33.0035713, 42.4450828, 29.0117875, 6.31015292, 19.9600698, 32.9474462;4.03326891, 14.2972468, 6.44279364, 4.13876974, 6.32304118, 16.8652581, 20.9267328, 3.68563311, 13.1878034, 18.1028948, 3.51498365, 12.4697513, 18.7083792, 12.7060666, 2.63028919, 10.1987456, 21.9962855;16.9629149, 76.4856675, 30.2022781, 19.5884139, 19.3994757, 82.2731917, 98.6581458, 35.7946229, 42.1216716, 79.3152456, 26.8410774, 55.1107124, 70.1912927, 49.6138212, 8.17651878, 57.5104843, 109.371768;18.6531212, 49.756879, 22.4393842, 10.2388806, 12.1210925, 53.9043678, 49.763622, 15.8820016, 36.6154099, 48.9281816, 15.6920152, 31.9549532, 47.0845466, 41.9095769, 6.68646673, 28.4048446, 57.3932006]
use_normalization = 'False'
inhomogene = 'False'
