name = 'PolyMatchWord'
feature_type = 'word'
data_type = 'ushort'
km_train = [1, 0.00601051841, 0, 0.000751314801, 0, 0, 0, 0, 0, 0.000751314801, 0.000751314801;0.00601051841, 1, 0, 0.00601051841, 0, 0, 0.000751314801, 0, 0, 0.000751314801, 0.000751314801;0, 0, 1, 0, 0, 0.000751314801, 0, 0.000751314801, 0, 0, 0;0.000751314801, 0.00601051841, 0, 1, 0, 0.000751314801, 0, 0, 0, 0, 0;0, 0, 0, 0, 1, 0, 0, 0, 0, 0.000751314801, 0.000751314801;0, 0, 0.000751314801, 0.000751314801, 0, 1, 0, 0, 0, 0, 0;0, 0.000751314801, 0, 0, 0, 0, 1, 0, 0, 0, 0;0, 0, 0.000751314801, 0, 0, 0, 0, 1, 0, 0, 0;0, 0, 0, 0, 0, 0, 0, 0, 1, 0, 0;0.000751314801, 0.000751314801, 0, 0, 0.000751314801, 0, 0, 0, 0, 1, 0;0.000751314801, 0.000751314801, 0, 0, 0.000751314801, 0, 0, 0, 0, 0, 1]
data_train = ['16', '8', '35', '8', '15', '35', '32', '30', '5', '9', '15';'3', '21', '12', '15', '28', '5', '25', '10', '23', '28', '2';'9', '0', '25', '11', '13', '24', '7', '3', '27', '6', '9';'35', '1', '25', '13', '15', '41', '16', '21', '3', '18', '1';'38', '8', '18', '15', '24', '17', '22', '20', '10', '38', '40';'3', '24', '31', '29', '25', '35', '33', '8', '11', '1', '37';'4', '4', '21', '4', '3', '8', '28', '21', '26', '9', '15';'41', '41', '9', '5', '4', '5', '24', '3', '39', '31', '34';'9', '33', '35', '5', '15', '18', '33', '24', '30', '40', '16';'29', '38', '30', '18', '34', '28', '0', '3', '27', '17', '25';'39', '18', '5', '0', '7', '32', '20', '23', '24', '18', '28']
feature_class = 'simple'
data_test = ['9', '11', '32', '6', '16', '9', '30', '5', '16', '36', '17', '25', '15', '7', '23', '12', '28';'31', '23', '15', '10', '31', '5', '34', '32', '17', '36', '12', '9', '36', '25', '16', '0', '24';'33', '38', '9', '19', '6', '15', '36', '28', '11', '16', '19', '25', '18', '11', '20', '41', '33';'6', '34', '14', '0', '25', '34', '24', '41', '14', '21', '5', '14', '23', '20', '6', '28', '31';'31', '4', '3', '21', '17', '34', '16', '23', '1', '12', '14', '4', '2', '36', '36', '36', '2';'34', '22', '27', '29', '17', '35', '32', '25', '39', '16', '39', '6', '7', '30', '11', '30', '18';'9', '38', '11', '19', '36', '40', '6', '13', '10', '6', '28', '9', '28', '8', '35', '9', '18';'30', '16', '8', '32', '33', '23', '8', '6', '15', '18', '38', '5', '10', '11', '41', '12', '11';'20', '9', '19', '35', '27', '23', '4', '36', '11', '34', '39', '1', '40', '38', '41', '8', '21';'4', '11', '0', '21', '37', '18', '15', '30', '2', '22', '41', '17', '25', '12', '17', '2', '22';'2', '24', '26', '26', '38', '24', '23', '7', '8', '36', '29', '18', '15', '23', '20', '35', '39']
kparam0_degree = 3
kparam1_inhomogene = 'False'
km_test = [0, 0.000751314801, 0.000751314801, 0, 0.000751314801, 0, 0, 0, 0.000751314801, 0, 0, 0, 0, 0, 0.000751314801, 0, 0.000751314801;0, 0, 0, 0, 0, 0, 0, 0, 0, 0, 0, 0.000751314801, 0, 0, 0.000751314801, 0, 0;0, 0, 0, 0.000751314801, 0.000751314801, 0, 0, 0.000751314801, 0, 0, 0.000751314801, 0.000751314801, 0, 0, 0, 0, 0;0, 0, 0.000751314801, 0.000751314801, 0, 0.000751314801, 0, 0, 0.000751314801, 0, 0, 0.000751314801, 0, 0.000751314801, 0, 0, 0;0, 0, 0, 0, 0, 0, 0, 0.00601051841, 0, 0, 0, 0, 0.000751314801, 0, 0, 0, 0;0, 0, 0, 0, 0.000751314801, 0.00601051841, 0, 0.000751314801, 0, 0, 0, 0.000751314801, 0, 0.000751314801, 0, 0, 0;0, 0, 0.00601051841, 0, 0, 0, 0, 0, 0, 0, 0.000751314801, 0, 0.000751314801, 0.000751314801, 0.000751314801, 0, 0;0, 0, 0, 0.000751314801, 0, 0, 0.00601051841, 0, 0, 0.000751314801, 0, 0, 0, 0.000751314801, 0, 0, 0;0, 0.00601051841, 0, 0, 0, 0.000751314801, 0, 0.000751314801, 0, 0, 0, 0, 0, 0, 0.000751314801, 0, 0;0.00601051841, 0, 0, 0, 0.000751314801, 0.000751314801, 0, 0, 0, 0, 0, 0.0202854996, 0.000751314801, 0, 0.000751314801, 0.000751314801, 0;0, 0, 0.000751314801, 0, 0, 0, 0, 0, 0, 0, 0, 0, 0.00601051841, 0, 0, 0, 0]
data_class = 'rand'
accuracy = 1e-10
