name = 'Poly'
feature_type = 'real'
data_type = 'double'
km_train = [135.013594, 60.2233997, 123.486276, 19.489322, 41.2386803, 30.3980428, 46.8147674, 21.8942099, 82.5205908, 45.9122993, 67.9199587;60.2233997, 74.9296707, 60.4603088, 22.6142976, 21.3376494, 24.0318367, 26.6917279, 7.92581002, 52.7875179, 40.561486, 49.72392;123.486276, 60.4603088, 236.710925, 16.9030914, 72.867924, 52.1271346, 54.6481877, 24.2342557, 97.413549, 91.9788119, 109.414238;19.489322, 22.6142976, 16.9030914, 16.0663878, 10.7254158, 10.0514718, 14.9427619, 6.25101683, 14.1572272, 13.7394729, 15.1730766;41.2386803, 21.3376494, 72.867924, 10.7254158, 51.0476236, 28.4690215, 36.5505336, 11.0004047, 38.3392572, 31.4142821, 59.609466;30.3980428, 24.0318367, 52.1271346, 10.0514718, 28.4690215, 82.6021601, 41.6830679, 9.69317528, 34.560276, 27.812141, 47.374028;46.8147674, 26.6917279, 54.6481877, 14.9427619, 36.5505336, 41.6830679, 91.96851, 21.6256948, 52.0429316, 28.6591796, 47.5667556;21.8942099, 7.92581002, 24.2342557, 6.25101683, 11.0004047, 9.69317528, 21.6256948, 13.0044198, 12.6650513, 9.98541794, 12.6362221;82.5205908, 52.7875179, 97.413549, 14.1572272, 38.3392572, 34.560276, 52.0429316, 12.6650513, 166.214547, 51.210627, 60.3293192;45.9122993, 40.561486, 91.9788119, 13.7394729, 31.4142821, 27.812141, 28.6591796, 9.98541794, 51.210627, 52.8381848, 47.1965634;67.9199587, 49.72392, 109.414238, 15.1730766, 59.609466, 47.374028, 47.5667556, 12.6362221, 60.3293192, 47.1965634, 103.297022]
data_train = [0.563737101, 0.204979233, 0.741995391, 0.0522791033, 0.852542645, 0.198196386, 0.874398032, 0.352529241, 0.722683574, 0.319225298, 0.905911671;0.126637126, 0.178519789, 0.493030125, 0.081938439, 0.195980185, 0.943766382, 0.976489661, 0.376259329, 0.923286021, 0.544824676, 0.269742466;0.702398721, 0.658901807, 0.989125319, 0.265047287, 0.672059503, 0.052023755, 0.113646039, 0.00391837495, 0.999460681, 0.802273697, 0.786723015;0.509726075, 0.300067083, 0.151264284, 0.284674739, 0.375971222, 0.756310097, 0.539661789, 0.0774836266, 0.018029009, 0.10233218, 0.410498714;0.933192917, 0.637402481, 0.8018259, 0.466374595, 0.361666083, 0.108400373, 0.875933022, 0.783160029, 0.168118098, 0.512260564, 0.487374808;0.625091553, 0.946186894, 0.579771442, 0.540217267, 0.0503229329, 0.062907476, 0.187346791, 0.0324707717, 0.743352896, 0.723330304, 0.136056234;0.836078901, 0.154786035, 0.301175587, 0.248976899, 0.372307099, 0.254663766, 0.488950926, 0.407407881, 0.986569491, 0.0559263501, 0.142181376;0.0528258939, 0.625841195, 0.0545092774, 0.836439737, 0.511938631, 0.527007625, 0.561594508, 0.170813706, 0.197690303, 0.318817323, 0.593496416;0.210117776, 0.116331727, 0.970116886, 0.0219818148, 0.802697405, 0.78803515, 0.297214114, 0.135626616, 0.145628647, 0.697431617, 0.642806591;0.782745674, 0.937481172, 0.691927363, 0.155851537, 0.243442617, 0.842193731, 0.209306076, 0.072522317, 0.703280054, 0.402526355, 0.920040053;0.650255071, 0.0904189778, 0.947856567, 0.258557264, 0.33721249, 0.402260414, 0.0512242964, 0.496515422, 0.123318491, 0.400970327, 0.350709788]
feature_class = 'simple'
kparam2_use_normalization = 'False'
data_test = [0.772840083, 0.803170512, 0.153412882, 0.366551187, 0.373353161, 0.151410444, 0.798453505, 0.707228328, 0.190381786, 0.366721909, 0.105805025, 0.628206597, 0.121371925, 0.985934169, 0.780682075, 0.39023855, 0.578563932;0.911341816, 0.55409928, 0.174498486, 0.378703356, 0.843144865, 0.644213016, 0.650724384, 0.866821486, 0.893973057, 0.919792572, 0.0948491933, 0.544126002, 0.740509521, 0.756926845, 0.606716202, 0.166787335, 0.797420554;0.720111334, 0.0861357715, 0.463809825, 0.1739774, 0.337477046, 0.0180810922, 0.400329868, 0.549876921, 0.619582593, 0.663490345, 0.836291313, 0.215462907, 0.120481822, 0.851537172, 0.156612815, 0.974760081, 0.842538229;0.500876606, 0.981421425, 0.0973767291, 0.303065761, 0.638224415, 0.350006868, 0.928372552, 0.0656260882, 0.549411832, 0.590866267, 0.652728124, 0.255666223, 0.364566428, 0.84368053, 0.194942769, 0.826867847, 0.562655423;0.762187511, 0.713607366, 0.207511495, 0.568812736, 0.867723153, 0.432116237, 0.96659077, 0.4522151, 0.142785637, 0.38943468, 0.951702406, 0.319720849, 0.86809816, 0.881250682, 0.350186524, 0.0832576581, 0.724557909;0.311512299, 0.782923614, 0.442654848, 0.485266742, 0.777909407, 0.382363331, 0.443127345, 0.376190469, 0.367340515, 0.525946577, 0.808799445, 0.361768312, 0.524254721, 0.670727325, 0.269439446, 0.277522805, 0.933413127;0.723534573, 0.577186676, 0.647720054, 0.0292994431, 0.618102966, 0.509508873, 0.54574968, 0.359423827, 0.0814738977, 0.193339234, 0.950744713, 0.408699562, 0.466683156, 0.0527097899, 0.0375662295, 0.717181447, 0.538094664;0.508705984, 0.24312453, 0.744750732, 0.168236579, 0.189934744, 0.460712171, 0.286279862, 0.247462981, 0.645237645, 0.650971745, 0.82451707, 0.417708567, 0.073085091, 0.273666385, 0.980005463, 0.596258575, 0.709737085;0.00735782963, 0.518205732, 0.0375286575, 0.569230212, 0.92077085, 0.968419131, 0.540552675, 0.458204805, 0.945017094, 0.673609832, 0.0648992795, 0.465725578, 0.240245018, 0.469804321, 0.455465572, 0.582144803, 0.35677049;0.164270449, 0.503719435, 0.830202884, 0.664012228, 0.338367866, 0.935523023, 0.912207571, 0.209348399, 0.0394175851, 0.741308708, 0.827610261, 0.967864566, 0.889836394, 0.600534768, 0.530052339, 0.0278410513, 0.246656447;0.459614752, 0.6285039, 0.557251833, 0.74263599, 0.279766931, 0.564952608, 0.0881422434, 0.413665524, 0.750160833, 0.693400853, 0.990642737, 0.277891126, 0.498189299, 0.329530414, 0.440603114, 0.85695013, 0.684209075]
kparam0_degree = 3
kparam1_inhomogene = 'True'
km_test = [78.3475258, 100.305437, 44.9399958, 43.6540449, 81.8985865, 52.8928951, 112.138833, 40.2835869, 30.3148721, 71.542002, 169.070595, 47.7977685, 65.7168998, 108.057996, 29.8429299, 60.7400816, 108.237096;37.704345, 48.2795648, 37.5257372, 27.9760406, 46.4318644, 36.2046458, 66.2946538, 22.5065504, 22.9414121, 58.0986201, 103.398116, 36.0031677, 40.0157154, 72.7559594, 30.2853548, 26.2322114, 73.6669632;85.4541041, 108.052261, 41.8217586, 71.3508751, 114.714274, 83.4424595, 117.701583, 73.5524752, 80.6348624, 125.435562, 139.725515, 63.190022, 68.6690166, 156.116436, 54.4729502, 81.3773508, 142.983712;20.1796888, 20.6798049, 16.9227279, 10.162454, 18.4570072, 13.799753, 19.8542282, 9.70015682, 14.7011721, 22.1077843, 47.2209955, 11.1783587, 12.8278002, 21.576003, 16.233039, 18.2447809, 35.0316069;44.0534837, 46.9511298, 18.6769982, 22.2771374, 44.6045681, 32.6378357, 56.3427291, 31.8033924, 39.734661, 50.1824453, 49.22243, 29.3932786, 17.4871091, 65.2075712, 34.7138909, 51.0950508, 58.2826683;36.3682337, 60.0523458, 23.2363359, 31.6493312, 59.027219, 70.2096351, 71.3464462, 27.9537097, 55.2296207, 80.8363877, 47.6346246, 43.5459526, 40.3006894, 59.1398616, 40.936122, 34.6811526, 52.6948753;81.9379852, 77.5777994, 18.044789, 24.8409637, 74.4098852, 40.1062041, 96.9243216, 44.5592934, 36.9251449, 59.4904709, 54.3861651, 38.6342784, 41.0877865, 91.8896229, 46.3811311, 29.6265506, 82.1935726;24.0573645, 23.0968544, 8.47808195, 12.0383701, 21.416653, 14.5225244, 22.5615872, 14.1812845, 10.9282483, 16.1018666, 26.6587883, 10.9141454, 17.4566828, 20.8451517, 12.2289771, 11.283531, 24.2656292;89.6786308, 65.0859984, 44.5701692, 25.7738039, 72.7797117, 44.6576899, 85.9254182, 58.6981616, 37.7636142, 77.7922936, 96.5445867, 53.478935, 47.8774141, 94.9379935, 34.8952835, 49.8728726, 110.815866;40.9271687, 46.1005681, 22.1893412, 31.3646703, 59.6606563, 39.3545591, 52.4223345, 36.5401448, 47.6740286, 66.6993228, 63.3965449, 29.8871885, 32.0047076, 75.4153184, 30.4260207, 36.4789241, 78.2833139;57.2352671, 66.2014786, 34.957788, 38.615507, 55.9098787, 53.1021192, 96.7933196, 40.5593999, 44.6444766, 83.9282794, 84.9688799, 54.3839969, 36.1373684, 108.82836, 55.0190823, 52.2864126, 79.9030462]
data_class = 'rand'
accuracy = 1e-06
