name = 'Poly'
degree = 3
km_train = [203.595497, 94.607514, 85.4929301, 65.1875012, 42.8680071, 20.0858696, 71.9179888, 73.9448484, 31.1330061, 137.648964, 88.8368675;94.607514, 134.227962, 49.4072993, 67.9951456, 49.4548229, 34.3927411, 50.3780735, 79.7995744, 41.5811963, 126.02668, 93.69543;85.4929301, 49.4072993, 95.941654, 44.0585669, 29.4634849, 12.3545732, 45.9109109, 37.4167061, 27.9512204, 72.4264144, 51.6651914;65.1875012, 67.9951456, 44.0585669, 58.8989421, 25.5267286, 12.2502377, 32.0977622, 33.5761349, 23.6249119, 77.9773504, 40.3776902;42.8680071, 49.4548229, 29.4634849, 25.5267286, 42.1505519, 16.8276429, 28.9676836, 35.4317083, 24.874183, 48.1552885, 38.5375445;20.0858696, 34.3927411, 12.3545732, 12.2502377, 16.8276429, 21.0827626, 17.4546887, 27.0990086, 14.9830672, 33.6742915, 35.9636956;71.9179888, 50.3780735, 45.9109109, 32.0977622, 28.9676836, 17.4546887, 52.6282261, 53.8005227, 33.6914462, 75.1406619, 63.2953536;73.9448484, 79.7995744, 37.4167061, 33.5761349, 35.4317083, 27.0990086, 53.8005227, 94.7807295, 39.3874698, 97.6035901, 82.6230443;31.1330061, 41.5811963, 27.9512204, 23.6249119, 24.874183, 14.9830672, 33.6914462, 39.3874698, 35.6818507, 45.9587938, 52.6131609;137.648964, 126.02668, 72.4264144, 77.9773504, 48.1552885, 33.6742915, 75.1406619, 97.6035901, 45.9587938, 238.651541, 114.838241;88.8368675, 93.69543, 51.6651914, 40.3776902, 38.5375445, 35.9636956, 63.2953536, 82.6230443, 52.6131609, 114.838241, 143.796131]
data_train = [0.958702407, 0.0578638978, 0.394521799, 0.106756066, 0.335660065, 0.169679904, 0.646848362, 0.388268384, 0.229394746, 0.265937925, 0.360345095;0.259949863, 0.453240847, 0.0323159511, 0.279763507, 0.411206721, 0.602781882, 0.270957643, 0.133185125, 0.0762003796, 0.940531827, 0.416639058;0.581162621, 0.919176552, 0.08274842, 0.876661486, 0.551587873, 0.164834261, 0.411255117, 0.777602284, 0.480370082, 0.985286051, 0.37673897;0.7495783, 0.392989449, 0.829164221, 0.569081469, 0.0635118296, 0.0368218676, 0.133852119, 0.0136719648, 0.0753590604, 0.691714397, 0.534346275;0.749910749, 0.913165752, 0.585149532, 0.726120844, 0.757081202, 0.377850549, 0.241084832, 0.205045329, 0.25144244, 0.274731797, 0.207227649;0.878220667, 0.756999132, 0.0468964678, 0.268672482, 0.022184742, 0.498165187, 0.476210697, 0.83137149, 0.30777724, 0.816385735, 0.967973765;0.0884082234, 0.791817839, 0.589955897, 0.480045967, 0.420535779, 0.784668264, 0.639361357, 0.805044668, 0.903151059, 0.617263712, 0.980462725;0.60808785, 0.636644322, 0.554815609, 0.0910020911, 0.726397033, 0.547446307, 0.450910447, 0.910471278, 0.297959452, 0.523602276, 0.697641871;0.796471776, 0.459346808, 0.842091415, 0.768917741, 0.0662359779, 0.0458612664, 0.620805684, 0.347413408, 0.209130791, 0.579649934, 0.34156321;0.537263417, 0.460119159, 0.584766106, 0.400300489, 0.697667574, 0.180067272, 0.696501466, 0.411661214, 0.874317605, 0.515236055, 0.973110349;0.601935396, 0.223849066, 0.821790637, 0.345082628, 0.347619214, 0.0318046815, 0.548715309, 0.534423504, 0.355991484, 0.894217263, 0.128748398]
data_test = [0.330099513, 0.321582765, 0.0922905862, 0.481145394, 0.687784717, 0.511657014, 0.156977683, 0.377285965, 0.00259502438, 0.868301107, 0.0845170077, 0.597278082, 0.986256996, 0.536590646, 0.924041759, 0.236116533, 0.759955409;0.531265754, 0.720516061, 0.0623413625, 0.147739092, 0.133116929, 0.687165505, 0.844440673, 0.749616232, 0.0304721527, 0.867214981, 0.354146671, 0.397163833, 0.104869167, 0.737405206, 0.182283878, 0.563965092, 0.840709986;0.0892043287, 0.535335564, 0.233216412, 0.342926864, 0.473969941, 0.355104303, 0.64882284, 0.479582102, 0.584199485, 0.736822475, 0.557742266, 0.586535435, 0.564458543, 0.378772626, 0.337446834, 0.899647397, 0.607555222;0.244353155, 0.498247698, 0.330348481, 0.933691824, 0.00753436313, 0.225332798, 0.36535682, 0.487809801, 0.850817518, 0.0878876245, 0.805864887, 0.0556534894, 0.842314035, 0.0516354779, 0.0182424814, 0.696961462, 0.997255535;0.896610263, 0.575998418, 0.917395613, 0.0053000064, 0.975067163, 0.490748779, 0.722896097, 0.820861473, 0.718457271, 0.535036732, 0.476619484, 0.838582559, 0.20507756, 0.967994067, 0.710952479, 0.199506927, 0.736247184;0.529840023, 0.707230096, 0.767779501, 0.0872901796, 0.506103956, 0.932014342, 0.320642192, 0.593883098, 0.369230482, 0.454267972, 0.548603118, 0.54892198, 0.201730462, 0.684571548, 0.0878681112, 0.138824773, 0.00271089941;0.116696064, 0.473166201, 0.606101881, 0.79428945, 0.10669925, 0.85072746, 0.745974526, 0.408518293, 0.932938067, 0.990929476, 0.20500181, 0.379228585, 0.926449424, 0.721596551, 0.048094644, 0.781514482, 0.827940887;0.750501925, 0.799537131, 0.825132677, 0.186404987, 0.235691746, 0.633758564, 0.90786613, 0.316196582, 0.588306676, 0.682982063, 0.451948601, 0.713782455, 0.899667445, 0.624101544, 0.539781062, 0.438744675, 0.577486271;0.355362452, 0.39148211, 0.53185748, 0.0666191124, 0.229025391, 0.542849311, 0.431528143, 0.332815786, 0.730549137, 0.693717607, 0.16673076, 0.878629115, 0.495423626, 0.741460911, 0.573150849, 0.997692616, 0.75240312;0.706980461, 0.778571939, 0.143127986, 0.204544593, 0.714064082, 0.493981487, 0.754635292, 0.102916031, 0.536481351, 0.378821566, 0.457000219, 0.603957872, 0.502288347, 0.539860637, 0.486357482, 0.408955177, 0.771881981;0.0122030723, 0.598442701, 0.565508347, 0.716179075, 0.599029365, 0.826798828, 0.959074795, 0.342524257, 0.227350983, 0.423596862, 0.287929616, 0.614950263, 0.911852409, 0.139116194, 0.100794603, 0.256015532, 0.726095586]
km_test = [62.2956228, 114.196471, 76.5670446, 34.5538022, 75.6952459, 116.715046, 109.840029, 68.5690062, 79.3899451, 115.2237, 54.2286585, 127.369661, 133.078662, 103.803726, 57.7061538, 73.7767924, 164.352004;51.446617, 100.551689, 76.1559535, 23.9003281, 47.2283091, 100.447906, 122.277059, 63.757729, 95.2846921, 110.233045, 48.4936791, 93.0040408, 77.5041315, 105.469443, 28.6670556, 77.2699289, 120.282125;30.2202741, 62.9155463, 51.318136, 37.280712, 33.1324767, 66.4358726, 86.3807546, 31.6676834, 73.3533885, 61.9181991, 29.2097183, 67.8054942, 108.739917, 52.0863026, 27.307998, 58.4623031, 134.658626;23.8705945, 51.3174341, 36.5812514, 20.3571324, 30.2483622, 49.0149522, 66.2504733, 37.3876518, 63.1566127, 59.8175699, 29.7670653, 57.2313822, 52.112587, 52.7031334, 20.5276781, 63.2706403, 93.5697671;32.7618607, 52.3064719, 29.8988582, 12.84845, 33.8426868, 44.4683218, 73.9326746, 26.4483761, 34.7475074, 56.868325, 20.8037946, 51.032113, 48.3118482, 49.612828, 25.3408537, 29.6050087, 72.2579567;18.5906573, 31.3032759, 22.627211, 9.19572343, 11.6474947, 38.3482865, 37.8470748, 20.9616207, 21.7945842, 42.4419464, 12.3292601, 24.0556012, 24.2440987, 37.6015056, 9.07280398, 19.2373265, 33.2159035;27.7653466, 61.2785502, 36.043783, 22.6364623, 35.7966146, 75.1479663, 72.9889744, 28.6640593, 43.8679423, 80.9138151, 21.454469, 67.621314, 80.2036346, 60.4383336, 27.696636, 47.6434402, 89.577879;29.6252915, 75.9664781, 56.6910152, 23.3646844, 34.9104226, 93.611696, 91.0029851, 34.1945231, 55.2237794, 94.6363925, 28.5117002, 74.4935775, 90.4137901, 67.5550514, 23.0981458, 51.172658, 74.3969901;17.410023, 40.2506433, 23.4124204, 17.6887884, 23.1287501, 45.2881918, 52.9757125, 16.4777316, 38.0212979, 47.6633769, 16.0117356, 36.5586961, 48.8143827, 37.0418591, 13.487866, 31.8132472, 54.9535522;45.4767573, 144.275824, 69.6396135, 50.4752984, 50.1198697, 153.070348, 177.573901, 79.2651853, 89.8780678, 148.585643, 63.717332, 110.972767, 134.614168, 102.143732, 27.3962037, 114.78813, 193.329241;48.7096248, 102.375202, 55.767952, 31.8988954, 35.8424587, 109.046171, 102.38611, 43.3779402, 80.6571932, 101.033025, 43.0062963, 72.6846091, 98.0352312, 89.5264062, 23.9858832, 66.4869304, 114.602179]
use_normalization = 'False'
inhomogene = 'True'
