name = 'Poly'
feature_type = 'real'
data_type = 'double'
km_train = [1, 0.621108829, 0.500740442, 0.459548983, 0.68537441, 0.392547025, 0.416864384, 0.491068327, 0.671384387, 0.729698209, 0.356656678;0.621108829, 1, 0.436055022, 0.306928014, 0.769623545, 0.476813772, 0.250716898, 0.349285515, 0.416981317, 0.492660523, 0.615639698;0.500740442, 0.436055022, 1, 0.509822672, 0.357408685, 0.523026309, 0.492675814, 0.503018362, 0.630376836, 0.253505547, 0.403472059;0.459548983, 0.306928014, 0.509822672, 1, 0.319835676, 0.362340133, 0.23446883, 0.277241941, 0.558181486, 0.236421173, 0.334050119;0.68537441, 0.769623545, 0.357408685, 0.319835676, 1, 0.373586046, 0.424939914, 0.515113716, 0.467058604, 0.750112337, 0.662100413;0.392547025, 0.476813772, 0.523026309, 0.362340133, 0.373586046, 1, 0.230887032, 0.319460074, 0.538219279, 0.365116309, 0.404939883;0.416864384, 0.250716898, 0.492675814, 0.23446883, 0.424939914, 0.230887032, 1, 0.526342584, 0.38998109, 0.509496993, 0.273092561;0.491068327, 0.349285515, 0.503018362, 0.277241941, 0.515113716, 0.319460074, 0.526342584, 1, 0.548604147, 0.44923189, 0.477337282;0.671384387, 0.416981317, 0.630376836, 0.558181486, 0.467058604, 0.538219279, 0.38998109, 0.548604147, 1, 0.509156043, 0.456613957;0.729698209, 0.492660523, 0.253505547, 0.236421173, 0.750112337, 0.365116309, 0.509496993, 0.44923189, 0.509156043, 1, 0.327405099;0.356656678, 0.615639698, 0.403472059, 0.334050119, 0.662100413, 0.404939883, 0.273092561, 0.477337282, 0.456613957, 0.327405099, 1]
data_train = [0.471626365, 0.227481604, 0.166185, 0.332729477, 0.939924373, 0.343026713, 0.988124076, 0.485230456, 0.179163918, 0.891140092, 0.460355373;0.709671344, 0.983711583, 0.0501753503, 0.0966945598, 0.720456741, 0.281825003, 0.184301397, 0.0393618798, 0.021846712, 0.774485603, 0.134433427;0.467720616, 0.605896815, 0.428351801, 0.0271066523, 0.783501503, 0.0105132245, 0.761889894, 0.893304494, 0.432839921, 0.535542473, 0.476983393;0.389208619, 0.887424535, 0.893933511, 0.335816365, 0.615069754, 0.926907562, 0.962058499, 0.50895904, 0.452824805, 0.278694316, 0.958871873;0.142814304, 0.579829576, 0.282550268, 0.27900829, 0.404968587, 0.998792936, 0.0549663068, 0.578541818, 0.082572158, 0.15452083, 0.439562942;0.510460131, 0.258792408, 0.316457131, 0.0869670203, 0.303219784, 0.966558439, 0.944707382, 0.33487829, 0.570853936, 0.909595391, 0.00618382264;0.81068357, 0.948369553, 0.0913257343, 0.161447686, 0.960746303, 0.537540144, 0.0141966345, 0.257631999, 0.449943674, 0.692908911, 0.733160378;0.995421513, 0.287511199, 0.538220102, 0.533323548, 0.405645259, 0.169161894, 0.977456563, 0.853317187, 0.498333028, 0.603245423, 0.227261054;0.54378707, 0.694970133, 0.515167028, 0.990285171, 0.611341656, 0.370973713, 0.772152028, 0.170462512, 0.384515814, 0.34695895, 0.431807095;0.781779826, 0.484173032, 0.79401445, 0.576488903, 0.342069435, 0.809978744, 0.238289671, 0.22438298, 0.504502924, 0.260849246, 0.00908703495;0.648297527, 0.511093821, 0.445517814, 0.966968515, 0.571199184, 0.863431578, 0.139450236, 0.569206463, 0.867979627, 0.583105757, 0.718014178]
feature_class = 'simple'
kparam2_use_normalization = 'True'
data_test = [0.372043568, 0.092449517, 0.457900295, 0.394479391, 0.867060182, 0.243995302, 0.966734228, 0.95813812, 0.247631643, 0.348051955, 0.895555741, 0.966622221, 0.443439103, 0.320997046, 0.526094013, 0.687769206, 0.273474515;0.736473175, 0.0516573571, 0.0492944928, 0.386287705, 0.353473192, 0.315633215, 0.491019763, 0.320733582, 0.192257918, 0.309469549, 0.974904273, 0.411113417, 0.444712777, 0.57654499, 0.983340768, 0.241601276, 0.681282111;0.715984694, 0.607324417, 0.0885783396, 0.676872276, 0.064094711, 0.59614265, 0.739581177, 0.210969891, 0.841622008, 0.0303538055, 0.843812864, 0.460329051, 0.21758794, 0.133778145, 0.953307168, 0.0726655876, 0.19909342;0.347822347, 0.620234849, 0.544801085, 0.125643492, 0.289727984, 0.238751771, 0.213542854, 0.411144336, 0.704031453, 0.217452932, 0.36667888, 0.390917427, 0.976456529, 0.954666357, 0.800137583, 0.241658921, 0.0680373141;0.316904138, 0.266794549, 0.5059258, 0.77772791, 0.858322939, 0.844864085, 0.359675561, 0.687234343, 0.312834198, 0.0609055432, 0.701565266, 0.00982755257, 0.409182587, 0.329379269, 0.693377539, 0.766245473, 0.304094636;0.811627014, 0.293916761, 0.44632636, 0.727018527, 0.692920229, 0.987368472, 0.225161024, 0.662317914, 0.609681908, 0.915098454, 0.156362142, 0.751798164, 0.568268616, 0.27466587, 0.474434914, 0.333776597, 0.579313403;0.889000611, 0.569304984, 0.631722418, 0.518747847, 0.0511655064, 0.232858557, 0.492001729, 0.310235284, 0.181763598, 0.504132842, 0.322809793, 0.258107643, 0.463985417, 0.133284258, 0.927745733, 0.867702098, 0.707620586;0.106213828, 0.775877254, 0.807957328, 0.767764618, 0.113965887, 0.643907957, 0.834324796, 0.577353401, 0.646407375, 0.458363479, 0.52870732, 0.0343768584, 0.638963022, 0.0814472129, 0.435014594, 0.292655098, 0.54542795;0.133416336, 0.691643402, 0.795011537, 0.16335445, 0.104313087, 0.145515483, 0.877127562, 0.528189262, 0.467260996, 0.106711819, 0.649556007, 0.867999592, 0.828185869, 0.626054709, 0.0752787167, 0.112397027, 0.0493089871;0.257479216, 0.135661467, 0.26004804, 0.385058056, 0.942982784, 0.61037606, 0.834973786, 0.710351501, 0.112503131, 0.735920406, 0.275098882, 0.639107847, 0.340961974, 0.997672263, 0.263551479, 0.279130471, 0.930672256;0.0246444046, 0.696688988, 0.725326391, 0.836378577, 0.974439311, 0.975601919, 0.0652767576, 0.821839323, 0.646309934, 0.647342134, 0.128349927, 0.650187166, 0.982482581, 0.91181857, 0.439130661, 0.0399479733, 0.36229349]
kparam0_degree = 3
kparam1_inhomogene = 'False'
km_test = [0.446902284, 0.600660945, 0.631594492, 0.635592899, 0.316248041, 0.505190621, 0.664983126, 0.62155344, 0.512233171, 0.646470145, 0.47940653, 0.480379632, 0.641599358, 0.436889514, 0.554359076, 0.355247822, 0.750000847;0.575798519, 0.522367583, 0.466945773, 0.430312521, 0.23017527, 0.334757298, 0.431834697, 0.413406085, 0.460277645, 0.286145961, 0.578064487, 0.375310801, 0.635549721, 0.533580746, 0.782835047, 0.391402709, 0.450726251;0.154816038, 0.571610066, 0.512524616, 0.348450523, 0.320167375, 0.424126384, 0.41519776, 0.508996387, 0.605155821, 0.35075019, 0.261201267, 0.389857317, 0.649136169, 0.67760686, 0.302605524, 0.134893365, 0.287654703;0.0396038687, 0.525482404, 0.683738389, 0.311344496, 0.339109718, 0.323255098, 0.359732963, 0.57201575, 0.350743579, 0.293677848, 0.206187096, 0.446951239, 0.670502176, 0.573488343, 0.119220955, 0.102804447, 0.199433527;0.607891705, 0.530851647, 0.540791442, 0.53655822, 0.306254676, 0.355558839, 0.649078832, 0.590594694, 0.518452952, 0.336370603, 0.730861559, 0.581632098, 0.606170441, 0.388172694, 0.785273497, 0.530597853, 0.430457311;0.302208845, 0.339493314, 0.535271772, 0.506820367, 0.674843369, 0.637138527, 0.20661063, 0.673038508, 0.392910068, 0.562336175, 0.209780911, 0.393522342, 0.644554168, 0.625932269, 0.397955061, 0.408060422, 0.4242665;0.255832483, 0.44454385, 0.440112106, 0.316000612, 0.17055072, 0.28692951, 0.514476666, 0.462137751, 0.655125441, 0.266756374, 0.414343465, 0.499154526, 0.495422364, 0.223061183, 0.301572698, 0.162385166, 0.157125044;0.265454828, 0.660296786, 0.517863552, 0.73050314, 0.282350597, 0.60755987, 0.45583273, 0.528890133, 0.797804973, 0.254977911, 0.460157448, 0.263552859, 0.488872702, 0.221520415, 0.530149958, 0.275696637, 0.251250372;0.263141193, 0.733637905, 0.66393579, 0.622994433, 0.374661944, 0.648490997, 0.327031298, 0.592010484, 0.69402789, 0.662739575, 0.189367836, 0.499514683, 0.723175407, 0.50249396, 0.357981235, 0.173154289, 0.419870218;0.652275801, 0.399751486, 0.482477745, 0.648087284, 0.368859947, 0.503572054, 0.525846793, 0.637497051, 0.51111722, 0.61149673, 0.548488747, 0.620230229, 0.541934014, 0.273284362, 0.632232544, 0.427025421, 0.562699855;0.254047342, 0.635520514, 0.564688238, 0.339297422, 0.18912818, 0.243228991, 0.245707311, 0.383558552, 0.519741704, 0.154906079, 0.328694987, 0.289405731, 0.655595527, 0.387433289, 0.545458774, 0.326258194, 0.13308645]
data_class = 'rand'
accuracy = 1e-06
