name = 'PolyMatchString'
feature_type = 'Char'
data_type = ''
km_train = [1, 0.0101712963, 0.015625, 0.027, 0.027, 0.003375, 0.0127037037, 0.0227453704, 0.003375, 0.0317546296, 0.0101712963;0.0101712963, 1, 0.0101712963, 0.0317546296, 0.0127037037, 0.0101712963, 0.018962963, 0.018962963, 0.015625, 0.0127037037, 0.018962963;0.015625, 0.0101712963, 1, 0.0127037037, 0.0317546296, 0.027, 0.0227453704, 0.0101712963, 0.0127037037, 0.015625, 0.0101712963;0.027, 0.0317546296, 0.0127037037, 1, 0.008, 0.003375, 0.0101712963, 0.0317546296, 0.015625, 0.0227453704, 0.018962963;0.027, 0.0127037037, 0.0317546296, 0.008, 1, 0.037037037, 0.015625, 0.0227453704, 0.00462962963, 0.00462962963, 0.0101712963;0.003375, 0.0101712963, 0.027, 0.003375, 0.037037037, 1, 0.037037037, 0.015625, 0.0101712963, 0.008, 0.0227453704;0.0127037037, 0.018962963, 0.0227453704, 0.0101712963, 0.015625, 0.037037037, 1, 0.003375, 0.0317546296, 0.003375, 0.015625;0.0227453704, 0.018962963, 0.0101712963, 0.0317546296, 0.0227453704, 0.015625, 0.003375, 1, 0.0127037037, 0.0127037037, 0.008;0.003375, 0.015625, 0.0127037037, 0.015625, 0.00462962963, 0.0101712963, 0.0317546296, 0.0127037037, 1, 0.008, 0.015625;0.0317546296, 0.0127037037, 0.015625, 0.0227453704, 0.00462962963, 0.008, 0.003375, 0.0127037037, 0.008, 1, 0.0563287037;0.0101712963, 0.018962963, 0.0101712963, 0.018962963, 0.0101712963, 0.0227453704, 0.015625, 0.008, 0.015625, 0.0563287037, 1]
data_train = ['GACGTGACGGCCGTGTGATTCTTTGAAACGGGGCCGGCAGCTAATCATGCGTGTGCACCG', 'CTGTTTTCTTCGCGGGTCCCATAATAGGGGTATCGTCCCCAGTTATTTAACGGTACGATC', 'CAGCGTACCGCCTGAAGTGAAACACATTTCAACACAAAATCAGTGGCGCCATAGGCCAGA', 'AGGCTGACGTCAGAGCGACCCCAACCAGCAAACGACGGGCTGACTCTGTTCGTCCCCGAC', 'TAAGAGCGTAGCTCGCGGAATTCAGATTTGGAGGAGTTCAAGTGAGCGAGAATGGCACCT', 'ACTTAGTTCCGCACCAGCAATGCATCGTTTGGATGAGCACTCCTGAGGAAAACGATATGA', 'ATGGGCACAAACTGCGCAGACCTCTTCAGCGTAATAGCAAACTCCCTGAAAGCGATTACT', 'CCAAACACTTGGGAGAACATCGCGCAACTGAGAGATTTTGCGCCTCGTTGTGATAGCCTA', 'GTGAGCTTGCAATGAGTGTGGCCCTATGCATCCTACGTATTCCGTTCCCGTGCCAGTATG', 'GACTCTAGCTCGACACATTTGCGAGTCCGATGCTCCACTCGAAAACAGTCCGGATGACAA', 'CGCTACCGATAGGGACATTACCGATTGGCAGGCCTGCATATGATGAACCACTTAAAATGT']
feature_class = 'string'
seqlen = 60
data_test = ['GCGATGAGCGGTAGCGGTTGTTTAAACGAGGCATCTAGGATGTCAACGCGCGCGCTTCGC', 'CTTCGGTCCCGCCAGAACAGCCGAATCCACGGGACTTACAACAGGAATAGCGCAAACGCA']
kparam0_degree = 3
kparam1_inhomogene = 'False'
km_test = [0.0127037037, 0.0101712963;0.018962963, 0.018962963;0.018962963, 0.015625;0.0227453704, 0.0101712963;0.0317546296, 0.018962963;0.0317546296, 0.037037037;0.027, 0.0317546296;0.0101712963, 0.037037037;0.027, 0.008;0.0227453704, 0.018962963;0.0127037037, 0.0317546296]
alphabet = 'DNA'
accuracy = 1e-10
data_class = 'dna'
