name = 'Poly'
feature_type = 'Real'
data_type = 'double'
km_train = [156.388063, 64.524024, 62.4035119, 70.9188322, 69.5126264, 73.4068011, 80.2581537, 68.7337359, 77.525772, 54.5123928, 20.2902893;64.524024, 86.7213527, 70.6900097, 57.3682648, 44.4261759, 63.5699513, 55.6928972, 72.7287014, 64.2481058, 34.8816236, 12.9619128;62.4035119, 70.6900097, 104.852265, 76.2198707, 44.2562804, 76.4694985, 60.3804155, 72.3828405, 46.1173874, 43.216614, 19.8969879;70.9188322, 57.3682648, 76.2198707, 132.668027, 64.5624447, 105.885297, 82.8049676, 123.590118, 36.4975249, 51.0401387, 24.6693126;69.5126264, 44.4261759, 44.2562804, 64.5624447, 123.749772, 77.7697366, 63.3153863, 75.2664418, 33.3176245, 35.6692109, 32.2392381;73.4068011, 63.5699513, 76.4694985, 105.885297, 77.7697366, 150.099402, 71.2592125, 98.4315362, 49.2460032, 49.9557029, 35.156624;80.2581537, 55.6928972, 60.3804155, 82.8049676, 63.3153863, 71.2592125, 184.575889, 106.926088, 45.3518591, 75.7601472, 23.8539331;68.7337359, 72.7287014, 72.3828405, 123.590118, 75.2664418, 98.4315362, 106.926088, 170.648246, 51.2641453, 49.8105661, 26.8597047;77.525772, 64.2481058, 46.1173874, 36.4975249, 33.3176245, 49.2460032, 45.3518591, 51.2641453, 103.188991, 20.4564999, 14.2044794;54.5123928, 34.8816236, 43.216614, 51.0401387, 35.6692109, 49.9557029, 75.7601472, 49.8105661, 20.4564999, 57.470581, 14.6020835;20.2902893, 12.9619128, 19.8969879, 24.6693126, 32.2392381, 35.156624, 23.8539331, 26.8597047, 14.2044794, 14.6020835, 19.0775164]
data_train = [0.929921763, 0.545083413, 0.661466205, 0.903273622, 0.0985468514, 0.232078578, 0.708900006, 0.823744462, 0.857029028, 0.415107177, 0.0893399023;0.437781477, 0.23073459, 0.291196455, 0.772267557, 0.075527086, 0.827581217, 0.427669086, 0.596063931, 0.0896522312, 0.337359078, 0.089700919;0.961543723, 0.807261649, 0.459632754, 0.223602548, 0.933455105, 0.344596596, 0.160984432, 0.563164388, 0.94377412, 0.0038302905, 0.238124843;0.93844764, 0.171085967, 0.113243452, 0.570187216, 0.861843823, 0.477109818, 0.994564257, 0.6791717, 0.0740749072, 0.992832132, 0.407894237;0.287402534, 0.557879184, 0.304307592, 0.0864575071, 0.00142834308, 0.449583353, 0.836863422, 0.572315186, 0.999207299, 0.286846646, 0.280455065;0.15974946, 0.164063588, 0.285186596, 0.792840045, 0.905756791, 0.97508717, 0.232289654, 0.881297546, 0.328255089, 0.112840545, 0.870024926;0.636105635, 0.164730896, 0.429831258, 0.287257695, 0.736794569, 0.453416231, 0.989279945, 0.0547449823, 0.355015266, 0.481900167, 0.503133555;0.315935822, 0.729240249, 0.874747073, 0.938719302, 0.805093377, 0.850580197, 0.550545301, 0.825888226, 0.303503909, 0.398478762, 0.316913014;0.467387335, 0.285579616, 0.961611442, 0.312844628, 0.0980445381, 0.526817166, 0.0570990784, 0.110543166, 0.219389389, 0.46435025, 0.433250932;0.799691862, 0.739474654, 0.426318294, 0.333704208, 0.316468784, 0.773995087, 0.0520724062, 0.0128216495, 0.795544392, 0.477146376, 0.130881139;0.235565935, 0.932503953, 0.859502976, 0.70978505, 0.48222523, 0.520323626, 0.975244535, 0.965770444, 0.215269046, 0.811104566, 0.197242666]
feature_class = 'simple'
kparam2_use_normalization = 'False'
data_test = [0.213537478, 0.676093034, 0.405001099, 0.931544407, 0.0890097349, 0.511525641, 0.91852153, 0.90411366, 0.156529213, 0.3666377, 0.6191214, 0.159394885, 0.968022172, 0.914749329, 0.166950179, 0.121155461, 0.0854084828;0.909443664, 0.19362381, 0.416284929, 0.448851366, 0.599011044, 0.0717353437, 0.226758617, 0.931490387, 0.908410107, 0.781290647, 0.0194012456, 0.327006768, 0.627958735, 0.275190212, 0.909586695, 0.633889462, 0.0719067173;0.909005589, 0.957766658, 0.0777124184, 0.532360235, 0.303364282, 0.392839076, 0.179651218, 0.578072102, 0.957979353, 0.5030726, 0.0829145814, 0.620001333, 0.340222994, 0.85592519, 0.434678148, 0.192839609, 0.191105623;0.768764181, 0.265587598, 0.767233394, 0.205887311, 0.321686369, 0.465486972, 0.94319585, 0.931731425, 0.206871875, 0.358219041, 0.149399388, 0.509985079, 0.460582551, 0.900760162, 0.930005378, 0.383567391, 0.491737943;0.896236249, 0.806707808, 0.00365631134, 0.320059564, 0.421774242, 0.229716284, 0.199571616, 0.0377845066, 0.643369725, 0.26251029, 0.0523471784, 0.230979311, 0.801913953, 0.851489182, 0.483066245, 0.41607067, 0.977853694;0.20056466, 0.215359283, 0.291867177, 0.172757318, 0.379365598, 0.910834227, 0.615347841, 0.411946549, 0.934410795, 0.0484642325, 0.210276178, 0.565888605, 0.615552623, 0.0395575066, 0.403038758, 0.649153965, 0.698070546;0.638139903, 0.320563224, 0.0935201236, 0.427112446, 0.128754437, 0.947623659, 0.475170866, 0.317259174, 0.766304071, 0.497948593, 0.310034024, 0.811967742, 0.867152151, 0.673008166, 0.0469644224, 0.56632288, 0.763294912;0.136503012, 0.228670751, 0.882495105, 0.0201217219, 0.752727138, 0.473773293, 0.446772159, 0.00709653249, 0.819398231, 0.359824901, 0.540765631, 0.677300686, 0.702629576, 0.955980059, 0.531339953, 0.399719551, 0.953703626;0.642110235, 0.298150356, 0.126464245, 0.842554501, 0.362181603, 0.660469721, 0.470816419, 0.19892978, 0.601686609, 0.060683069, 0.41334246, 0.54661494, 0.436046974, 0.748672175, 0.827924955, 0.771243074, 0.0388129478;0.19412877, 0.536607509, 0.93482204, 0.834956775, 0.842534508, 0.303208194, 0.429447897, 0.470705947, 0.157371583, 0.0310681302, 0.946902899, 0.240712586, 0.239948904, 0.0833790538, 0.928507752, 0.579737115, 0.667036857;0.911576887, 0.345620169, 0.621507311, 0.0387994547, 0.186772528, 0.831245805, 0.766768356, 0.350642691, 0.376810628, 0.533554434, 0.000241004685, 0.241244336, 0.208231809, 0.250482947, 0.805905843, 0.279673857, 0.191521322]
kparam0_degree = 3
kparam1_inhomogene = 'True'
km_test = [97.3975494, 67.7153868, 50.3518857, 76.0170991, 36.8320891, 65.5789955, 82.5674268, 91.8243991, 75.9482003, 32.6265076, 31.8952353, 53.0813216, 90.0116645, 132.356187, 95.0975097, 44.1862423, 44.0696161;69.2292664, 52.3554131, 43.8614845, 34.7247772, 34.4855128, 48.9996, 48.339669, 33.1308815, 63.0083312, 23.9922468, 21.0713027, 31.5103443, 51.7169074, 74.3918868, 74.952302, 28.8425462, 41.6286884;69.8476394, 40.3940773, 41.5135404, 45.2040977, 33.6199833, 75.2995296, 63.4794786, 32.9341113, 80.0502022, 24.2506755, 25.7707504, 44.8195679, 70.9176009, 94.0295166, 80.1737686, 44.0164402, 38.1451498;63.8776161, 32.4835113, 65.0524769, 35.9527239, 39.3772422, 75.5513486, 89.8324443, 68.5386652, 89.2586084, 32.8071906, 24.1711852, 46.1202365, 92.8584508, 83.988172, 90.8323152, 45.9825405, 45.8439147;60.5964267, 32.3520461, 41.3082914, 18.6826402, 28.4212779, 78.9656865, 59.6613214, 41.144508, 92.2613731, 23.0855725, 14.9464398, 62.156193, 56.6116621, 74.5843964, 58.6007197, 35.6760574, 58.7362385;88.0626935, 40.6603229, 65.1670865, 42.9767854, 62.6975826, 83.7261762, 72.8955821, 56.825877, 132.383794, 29.9842488, 28.0801447, 62.3007399, 94.6121573, 79.1583182, 128.220867, 75.1258386, 79.1624322;116.936507, 44.0094041, 44.8130407, 27.3747359, 24.8364846, 84.360964, 93.4615847, 58.498351, 75.9091043, 42.0855184, 13.4702394, 48.2199367, 108.318038, 125.379566, 75.1903562, 39.1580487, 68.69496;93.7766095, 47.5804071, 53.4153861, 26.765229, 34.4979984, 77.2294259, 90.1050841, 65.5926637, 103.375757, 37.0626876, 13.9392328, 44.8516456, 94.6756317, 102.874619, 91.7907872, 38.6448546, 53.0264422;59.3312683, 71.321311, 22.4335224, 52.6491103, 28.3780842, 40.136793, 38.0225167, 34.4647557, 61.3341349, 17.6302244, 23.4236818, 28.7248453, 68.7673959, 82.9124628, 46.2864158, 27.3494197, 48.3673687;60.8834775, 21.7047385, 43.2499171, 24.1580852, 22.1180281, 48.2248019, 62.7632468, 40.3971129, 33.585509, 19.9737916, 14.8827213, 28.1174118, 44.9464268, 59.9926599, 74.1263093, 30.7254365, 31.1792987;24.4969054, 12.6349264, 11.9523283, 11.8140661, 12.500727, 36.2363931, 24.7269537, 14.3463963, 39.3803342, 7.81779658, 7.59642402, 24.2739006, 29.5753979, 26.3868845, 24.3055856, 22.624918, 26.1960139]
accuracy = 1e-06
data_class = 'rand'
