name = 'PolyMatchWord'
degree = 3
km_train = [1, 0.00462962963, 0.000578703704, 0.000578703704, 0.00462962963, 0.000578703704, 0.000578703704, 0.000578703704, 0.000578703704, 0.000578703704, 0.000578703704;0.00462962963, 1, 0.000578703704, 0.000578703704, 0.000578703704, 0.000578703704, 0.000578703704, 0.000578703704, 0.000578703704, 0.000578703704, 0.00462962963;0.000578703704, 0.000578703704, 1, 0.00462962963, 0.00462962963, 0.000578703704, 0.00462962963, 0.00462962963, 0.000578703704, 0.000578703704, 0.00462962963;0.000578703704, 0.000578703704, 0.00462962963, 1, 0.015625, 0.00462962963, 0.000578703704, 0.00462962963, 0.000578703704, 0.000578703704, 0.000578703704;0.00462962963, 0.000578703704, 0.00462962963, 0.015625, 1, 0.00462962963, 0.000578703704, 0.000578703704, 0.00462962963, 0.000578703704, 0.000578703704;0.000578703704, 0.000578703704, 0.000578703704, 0.00462962963, 0.00462962963, 1, 0.000578703704, 0.000578703704, 0.000578703704, 0.00462962963, 0.00462962963;0.000578703704, 0.000578703704, 0.00462962963, 0.000578703704, 0.000578703704, 0.000578703704, 1, 0.00462962963, 0.000578703704, 0.000578703704, 0.000578703704;0.000578703704, 0.000578703704, 0.00462962963, 0.00462962963, 0.000578703704, 0.000578703704, 0.00462962963, 1, 0.000578703704, 0.000578703704, 0.000578703704;0.000578703704, 0.000578703704, 0.000578703704, 0.000578703704, 0.00462962963, 0.000578703704, 0.000578703704, 0.000578703704, 1, 0.000578703704, 0.000578703704;0.000578703704, 0.000578703704, 0.000578703704, 0.000578703704, 0.000578703704, 0.00462962963, 0.000578703704, 0.000578703704, 0.000578703704, 1, 0.00462962963;0.000578703704, 0.00462962963, 0.00462962963, 0.000578703704, 0.000578703704, 0.00462962963, 0.000578703704, 0.000578703704, 0.000578703704, 0.00462962963, 1]
data_train = ['0', '16', '1', '28', '19', '5', '7', '28', '32', '2', '34';'4', '26', '11', '19', '19', '8', '38', '3', '18', '37', '26';'12', '12', '21', '27', '21', '18', '7', '7', '41', '25', '25';'22', '12', '27', '8', '19', '18', '38', '11', '14', '30', '13';'10', '25', '41', '26', '10', '37', '33', '18', '5', '37', '41';'27', '0', '34', '39', '7', '6', '10', '38', '3', '24', '11';'25', '37', '11', '36', '23', '15', '12', '24', '3', '10', '31';'6', '10', '27', '40', '22', '22', '27', '25', '24', '28', '18';'32', '35', '13', '13', '34', '29', '27', '16', '2', '15', '29';'28', '14', '24', '37', '41', '37', '22', '24', '41', '6', '21';'16', '17', '40', '9', '9', '6', '37', '26', '32', '0', '33']
data_test = ['3', '16', '3', '25', '3', '0', '6', '29', '8', '34', '7', '23', '18', '35', '26', '31', '13';'17', '27', '28', '15', '34', '30', '3', '36', '16', '38', '25', '38', '40', '3', '29', '29', '21';'10', '1', '11', '29', '35', '17', '25', '6', '0', '25', '22', '25', '5', '5', '7', '23', '21';'18', '36', '17', '30', '36', '29', '41', '32', '9', '36', '11', '29', '26', '38', '8', '20', '11';'28', '32', '14', '1', '38', '17', '2', '6', '17', '37', '36', '32', '30', '10', '3', '17', '3';'33', '28', '23', '21', '1', '5', '41', '24', '20', '15', '30', '13', '38', '27', '31', '27', '8';'21', '31', '4', '22', '4', '41', '31', '9', '38', '14', '6', '28', '2', '18', '9', '27', '28';'14', '34', '5', '11', '37', '12', '28', '18', '2', '7', '7', '19', '3', '20', '2', '7', '22';'15', '12', '2', '8', '13', '12', '6', '14', '6', '37', '33', '40', '21', '23', '36', '0', '9';'15', '7', '24', '11', '24', '16', '25', '13', '40', '35', '22', '5', '4', '24', '17', '12', '13';'27', '17', '27', '26', '31', '8', '39', '31', '19', '27', '32', '3', '33', '2', '25', '7', '5']
km_test = [0.000578703704, 0.000578703704, 0.000578703704, 0.000578703704, 0.000578703704, 0.00462962963, 0.000578703704, 0.000578703704, 0.000578703704, 0.000578703704, 0.000578703704, 0.000578703704, 0.000578703704, 0.015625, 0.000578703704, 0.00462962963, 0.000578703704;0.000578703704, 0.015625, 0.000578703704, 0.000578703704, 0.000578703704, 0.000578703704, 0.000578703704, 0.000578703704, 0.000578703704, 0.000578703704, 0.000578703704, 0.000578703704, 0.000578703704, 0.000578703704, 0.000578703704, 0.000578703704, 0.000578703704;0.000578703704, 0.000578703704, 0.00462962963, 0.000578703704, 0.015625, 0.000578703704, 0.000578703704, 0.000578703704, 0.000578703704, 0.000578703704, 0.000578703704, 0.000578703704, 0.000578703704, 0.00462962963, 0.000578703704, 0.000578703704, 0.00462962963;0.000578703704, 0.000578703704, 0.000578703704, 0.000578703704, 0.00462962963, 0.000578703704, 0.000578703704, 0.000578703704, 0.000578703704, 0.000578703704, 0.000578703704, 0.000578703704, 0.000578703704, 0.000578703704, 0.00462962963, 0.000578703704, 0.000578703704;0.000578703704, 0.000578703704, 0.000578703704, 0.000578703704, 0.000578703704, 0.000578703704, 0.000578703704, 0.000578703704, 0.000578703704, 0.000578703704, 0.000578703704, 0.000578703704, 0.000578703704, 0.00462962963, 0.000578703704, 0.000578703704, 0.015625;0.00462962963, 0.000578703704, 0.000578703704, 0.000578703704, 0.000578703704, 0.000578703704, 0.000578703704, 0.000578703704, 0.000578703704, 0.00462962963, 0.000578703704, 0.000578703704, 0.000578703704, 0.000578703704, 0.000578703704, 0.000578703704, 0.00462962963;0.000578703704, 0.000578703704, 0.000578703704, 0.000578703704, 0.000578703704, 0.000578703704, 0.000578703704, 0.000578703704, 0.000578703704, 0.00462962963, 0.015625, 0.00462962963, 0.000578703704, 0.00462962963, 0.00462962963, 0.000578703704, 0.000578703704;0.000578703704, 0.000578703704, 0.00462962963, 0.00462962963, 0.00462962963, 0.000578703704, 0.00462962963, 0.000578703704, 0.000578703704, 0.000578703704, 0.00462962963, 0.000578703704, 0.00462962963, 0.015625, 0.00462962963, 0.000578703704, 0.00462962963;0.000578703704, 0.000578703704, 0.00462962963, 0.000578703704, 0.000578703704, 0.000578703704, 0.000578703704, 0.000578703704, 0.000578703704, 0.000578703704, 0.00462962963, 0.000578703704, 0.000578703704, 0.000578703704, 0.000578703704, 0.000578703704, 0.000578703704;0.00462962963, 0.000578703704, 0.000578703704, 0.00462962963, 0.000578703704, 0.000578703704, 0.015625, 0.00462962963, 0.000578703704, 0.015625, 0.000578703704, 0.00462962963, 0.000578703704, 0.000578703704, 0.000578703704, 0.000578703704, 0.000578703704;0.000578703704, 0.00462962963, 0.000578703704, 0.000578703704, 0.000578703704, 0.000578703704, 0.015625, 0.00462962963, 0.000578703704, 0.015625, 0.000578703704, 0.00462962963, 0.00462962963, 0.000578703704, 0.000578703704, 0.000578703704, 0.000578703704]
inhomogene = 'True'
