name = 'PolyMatchString'
feature_type = 'char'
data_type = ''
km_train = [1, 0.0216449835, 0.0408007719, 0.0216449835, 0.00967922425, 0.014869086, 0.014869086, 0.014869086, 0.00967922425, 0.014869086, 0.0044056551;0.0216449835, 1, 0.0408007719, 0.0352452408, 0.0256937805, 0.0256937805, 0.0120891176, 0.0408007719, 0.014869086, 0.0469114155, 0.00967922425;0.0408007719, 0.0408007719, 1, 0.0536036056, 0.0180455633, 0.0302183883, 0.0609037761, 0.0180455633, 0.0180455633, 0.0120891176, 0.00967922425;0.0216449835, 0.0352452408, 0.0536036056, 1, 0.0256937805, 0.0352452408, 0.0408007719, 0.0256937805, 0.0216449835, 0.0120891176, 0.0120891176;0.00967922425, 0.0256937805, 0.0180455633, 0.0256937805, 1, 0.00967922425, 0.014869086, 0.0469114155, 0.014869086, 0.0180455633, 0.0044056551;0.014869086, 0.0256937805, 0.0302183883, 0.0352452408, 0.00967922425, 1, 0.0302183883, 0.0120891176, 0.0120891176, 0.0120891176, 0.00761297201;0.014869086, 0.0120891176, 0.0609037761, 0.0408007719, 0.014869086, 0.0302183883, 1, 0.0302183883, 0.0408007719, 0.014869086, 0.0256937805;0.014869086, 0.0408007719, 0.0180455633, 0.0256937805, 0.0469114155, 0.0120891176, 0.0302183883, 1, 0.014869086, 0.0688383609, 0.0180455633;0.00967922425, 0.014869086, 0.0180455633, 0.0216449835, 0.014869086, 0.0120891176, 0.0408007719, 0.014869086, 1, 0.0216449835, 0.0216449835;0.014869086, 0.0469114155, 0.0120891176, 0.0120891176, 0.0180455633, 0.0120891176, 0.014869086, 0.0688383609, 0.0216449835, 1, 0.00967922425;0.0044056551, 0.00967922425, 0.00967922425, 0.0120891176, 0.0044056551, 0.00761297201, 0.0256937805, 0.0180455633, 0.0216449835, 0.00967922425, 1]
data_train = ['TTTCTCCCTGCCATGTGGAGAAGCGTCACCGCAATTTTAACACCGCAAATAATTGTTAGA', 'AATTTTACTGTCAGCGAGATCGCGCATGCGTACATCTCCGGTAGCTAGCGCGAGGAGCGC', 'TTCTTTACCCCGTGATATCGACACAATGCCGCTGTATCCCACAATACGATATTACGACGC', 'ACTACTACCACCTTGCCCCGACTCCATATGGTTACATAGTAAACATTCCGTACATACCAC', 'ACTCGTCTACAGATCTAATCAGAGGAACTCTATAACACGTCGACCGCCTAGTCCAAAGTG', 'ATCAATATAGTTCTACGTCGCACACGCAATGTGCACAAGGTCAGATAGATAGAACTATAG', 'ATCCTCAGGAACGAGATTCGCGACATGCTGCTTCGCAGTTAAACTAGGGTACTACCGCTC', 'TGATTTTGACAAACCTATAGAGGCTACTCGCTTCAGCTGTGGAGGTGACGCCCCTAGTTT', 'CTCGTGGACAAGCTCAGATAGCATGCTGAGGCCCGCATAAAGGCACGTCCCCCGCAGCAC', 'ACGTTCGATGTATCTTATAAGGGGCAGGCCATACGCCCGTGGTAAGGAGGCAGGATTTAC', 'ATGGAACCGCGGGCTGTAGACCGAGATTGGGGCGCGGGTAGCTCTTGGGCTCATTCCTTT']
feature_class = 'string'
seqlen = 60
data_test = ['GCACCTACTTAGTTCCGCACCAGCAATGCATCGTTTGGATGAGCACTCCTGAGGAAAACG', 'TTCACTAGTCGAATACTCTTCAGCAGATAAATGTCCACGGCTATACCCGCCGGTAGGCCC']
kparam0_degree = 3
kparam1_inhomogene = 'True'
km_test = [0.0408007719, 0.00761297201;0.0256937805, 0.0216449835;0.0180455633, 0.0180455633;0.0469114155, 0.0216449835;0.0302183883, 0.0180455633;0.00967922425, 0.0469114155;0.00761297201, 0.0216449835;0.0120891176, 0.014869086;0.0216449835, 0.014869086;0.0180455633, 0.014869086;0.00586392694, 0.00761297201]
alphabet = 'DNA'
accuracy = 1e-10
data_class = 'dna'
