name = 'PolyKernel'
degree = 3
km_train = [117.048002, 66.3542735, 29.9353096, 32.741458, 24.3154994, 41.4236972, 45.5667279, 43.3063752, 48.8101855, 31.2166136, 29.8079185;66.3542735, 135.182314, 38.3388642, 75.6287947, 32.1497794, 30.3607907, 36.8986783, 61.4703494, 77.6775645, 65.854729, 41.911775;29.9353096, 38.3388642, 58.4392749, 41.5075911, 19.4793979, 46.9796151, 30.9933906, 22.9096336, 64.2665835, 25.0209565, 27.9908201;32.741458, 75.6287947, 41.5075911, 153.366555, 70.2800893, 52.5739928, 46.0351525, 55.5892053, 114.459936, 80.5924368, 50.9625161;24.3154994, 32.1497794, 19.4793979, 70.2800893, 52.1300982, 35.2044152, 31.2915268, 41.2448284, 66.0574276, 48.295644, 32.6745461;41.4236972, 30.3607907, 46.9796151, 52.5739928, 35.2044152, 68.0114765, 40.7321791, 24.8067674, 71.5225359, 26.6332913, 31.9987809;45.5667279, 36.8986783, 30.9933906, 46.0351525, 31.2915268, 40.7321791, 71.1459364, 26.7807918, 69.2543013, 35.6993842, 26.2678328;43.3063752, 61.4703494, 22.9096336, 55.5892053, 41.2448284, 24.8067674, 26.7807918, 88.1371248, 72.5776414, 66.0941496, 30.5843967;48.8101855, 77.6775645, 64.2665835, 114.459936, 66.0574276, 71.5225359, 69.2543013, 72.5776414, 150.276535, 79.2675337, 56.7456573;31.2166136, 65.854729, 25.0209565, 80.5924368, 48.295644, 26.6332913, 35.6993842, 66.0941496, 79.2675337, 83.7654208, 36.6328071;29.8079185, 41.911775, 27.9908201, 50.9625161, 32.6745461, 31.9987809, 26.2678328, 30.5843967, 56.7456573, 36.6328071, 72.1393657]
data_train = [0.374540119, 0.950714306, 0.731993942, 0.598658484, 0.15601864, 0.15599452, 0.0580836122, 0.866176146, 0.601115012, 0.708072578, 0.0205844943;0.969909852, 0.832442641, 0.212339111, 0.181824967, 0.18340451, 0.304242243, 0.524756432, 0.431945019, 0.29122914, 0.611852895, 0.139493861;0.292144649, 0.366361843, 0.456069984, 0.785175961, 0.199673782, 0.514234438, 0.592414569, 0.0464504127, 0.607544852, 0.170524124, 0.065051593;0.948885537, 0.965632033, 0.808397348, 0.304613769, 0.097672114, 0.684233027, 0.440152494, 0.122038235, 0.49517691, 0.0343885211, 0.909320402;0.258779982, 0.662522284, 0.311711076, 0.520068021, 0.546710279, 0.184854456, 0.969584628, 0.775132823, 0.939498942, 0.89482735, 0.597899979;0.921874235, 0.0884925021, 0.195982862, 0.0452272889, 0.325330331, 0.38867729, 0.271349032, 0.828737509, 0.356753327, 0.28093451, 0.542696083;0.140924225, 0.802196981, 0.0745506437, 0.986886937, 0.772244769, 0.198715682, 0.00552211712, 0.815461428, 0.706857344, 0.729007168, 0.771270347;0.0740446517, 0.358465729, 0.11586906, 0.863103426, 0.623298127, 0.330898025, 0.0635583503, 0.310982322, 0.325183322, 0.729606178, 0.637557471;0.887212743, 0.472214925, 0.119594246, 0.713244787, 0.760785049, 0.561277198, 0.77096718, 0.493795596, 0.522732829, 0.427541018, 0.0254191267;0.107891427, 0.0314291857, 0.636410411, 0.314355981, 0.508570691, 0.907566474, 0.249292229, 0.410382923, 0.755551139, 0.228798165, 0.0769799098;0.289751453, 0.161221287, 0.929697652, 0.80812038, 0.633403757, 0.87146059, 0.803672077, 0.186570059, 0.892558998, 0.539342242, 0.807440155]
size_ = 10
data_test = [0.8960913, 0.318003475, 0.110051925, 0.227935163, 0.427107789, 0.818014766, 0.860730583, 0.00695213053, 0.510747303, 0.417411003, 0.22210781, 0.119865367, 0.337615171, 0.942909704, 0.323202932, 0.518790622, 0.703018959;0.363629602, 0.971782083, 0.962447295, 0.251782296, 0.497248506, 0.30087831, 0.284840494, 0.0368869474, 0.609564334, 0.502679023, 0.0514787512, 0.278646464, 0.908265886, 0.239561891, 0.144894872, 0.48945276, 0.985650454;0.242055272, 0.672135547, 0.761619615, 0.237637544, 0.728216349, 0.367783133, 0.632305831, 0.633529711, 0.535774684, 0.0902897701, 0.835302496, 0.320780065, 0.18651851, 0.0407751416, 0.590892943, 0.677564362, 0.0165878289;0.512093058, 0.226495775, 0.64517279, 0.174366429, 0.690937738, 0.386735346, 0.936729989, 0.137520944, 0.341066351, 0.113473521, 0.924693618, 0.877339353, 0.257941628, 0.659984046, 0.8172222, 0.555200812, 0.529650578;0.241852291, 0.0931027678, 0.897215758, 0.900418057, 0.633101457, 0.339029791, 0.349209575, 0.725955679, 0.89711026, 0.887086424, 0.779875546, 0.642031646, 0.084139965, 0.161628714, 0.898554189, 0.60642906, 0.00919705162;0.101471543, 0.663501769, 0.00506158385, 0.160808051, 0.548733789, 0.691895198, 0.65196126, 0.224269309, 0.712179221, 0.237249087, 0.325399698, 0.746491405, 0.649632899, 0.84922341, 0.657612892, 0.568308603, 0.0936747678;0.367715803, 0.265202368, 0.243989643, 0.973010555, 0.393097725, 0.892046555, 0.631138626, 0.794811304, 0.502637093, 0.576903885, 0.492517694, 0.195242988, 0.722452115, 0.280772362, 0.0243159664, 0.645472296, 0.177110679;0.940458584, 0.953928577, 0.91486439, 0.3701587, 0.0154566165, 0.928318563, 0.428184148, 0.966654819, 0.963619977, 0.853009455, 0.294448892, 0.385097729, 0.851136672, 0.316922005, 0.169492747, 0.556801262, 0.936154774;0.696029797, 0.57006117, 0.0971764938, 0.615007227, 0.99005385, 0.140084015, 0.518329652, 0.877373072, 0.740768618, 0.697015741, 0.702484084, 0.359491151, 0.293591844, 0.809361155, 0.810113395, 0.867072319, 0.913240553;0.511342399, 0.501516295, 0.798295179, 0.649963931, 0.701966877, 0.795792669, 0.890005342, 0.337995157, 0.375582953, 0.0939819398, 0.578280141, 0.0359422738, 0.465598018, 0.542644635, 0.286541252, 0.590833261, 0.0305002499;0.0373481887, 0.822600561, 0.360190641, 0.127060513, 0.52224326, 0.769993553, 0.215821027, 0.622890476, 0.085347465, 0.0516817212, 0.531354632, 0.540635122, 0.637429901, 0.726091334, 0.975852079, 0.516300348, 0.322956473]
km_test = [32.9541184, 64.7185957, 40.1804833, 21.0891569, 81.8768159, 40.2087333, 69.0568123, 25.0898434, 64.7722389, 27.3850011, 50.1284876, 47.878926, 46.1728174, 68.8412618, 68.7606439, 73.5313904, 55.6049211;58.8585859, 49.386707, 66.6979256, 44.2518638, 69.7632071, 68.2102772, 88.0012477, 39.7384702, 79.5079404, 49.659276, 60.9137665, 37.755824, 48.5627399, 54.2454411, 51.3195082, 83.2086518, 63.1733794;25.2197604, 38.2808414, 39.7643246, 15.6735095, 50.4705142, 54.7616483, 59.2503589, 20.8800122, 26.964102, 10.6664045, 47.6634759, 26.3716226, 26.030178, 50.0333814, 55.4977489, 47.2133929, 20.3780155;61.2075654, 82.6714922, 71.164138, 60.368988, 75.8245699, 111.459436, 83.8148826, 110.039717, 90.1005622, 54.5626966, 82.4601346, 33.9765771, 63.2306713, 57.0138839, 66.7532047, 109.268448, 50.1696491;31.3594147, 49.0320422, 38.1931168, 44.8087593, 48.6102929, 62.6165743, 44.5594311, 67.3129065, 57.1264835, 37.1458323, 45.2092873, 22.8683812, 42.5582045, 39.1062432, 42.3106382, 64.4491679, 27.4379611;29.2461603, 63.1071727, 52.9480502, 25.5227398, 70.2700731, 62.1371016, 66.865469, 41.9042623, 41.6525993, 15.9415353, 62.1306571, 31.2357583, 40.6189389, 54.554682, 64.2555413, 67.7415686, 26.6039671;18.1831862, 46.0492099, 52.3476253, 28.2821375, 71.2240828, 29.7651374, 36.8426184, 44.6424116, 49.7339464, 26.3488833, 60.2566043, 35.9569014, 24.1602984, 34.2261331, 82.0523381, 61.3778043, 23.5673678;40.402159, 43.979451, 34.3624124, 49.5283124, 56.9836236, 79.2029202, 70.5750796, 41.1941501, 79.6840291, 47.009068, 39.8957757, 27.9439743, 48.120746, 60.100026, 42.2688946, 72.3821565, 31.0815656;48.9424412, 75.5606048, 86.2796614, 67.8421042, 108.777531, 114.354139, 105.85156, 83.8027809, 90.6194204, 46.3871134, 102.828265, 47.1589499, 58.4542262, 75.4530608, 101.339306, 118.46151, 34.0862953;44.729257, 59.4712253, 58.725949, 49.5297214, 48.1766232, 80.730541, 52.044167, 60.5114796, 82.8076233, 58.1031594, 40.8991183, 27.0342818, 55.6013848, 43.7927372, 43.4208918, 72.2463846, 44.369377;20.1383181, 37.1779416, 40.6416666, 26.8428959, 34.140254, 62.9975251, 43.9384611, 43.1656247, 42.2206001, 24.449268, 46.9996111, 42.637216, 40.7444469, 35.2989425, 49.0261974, 48.0744882, 19.9197642]
use_normalization = 'False'
inhomogene = 'True'
