name = 'Sigmoid'
feature_type = 'real'
data_type = 'double'
km_train = [0.979362589, 0.959381728, 0.950994877, 0.964328677, 0.978887055, 0.979675484, 0.909278366, 0.96260247, 0.965778199, 0.951708478, 0.951774401;0.959381728, 0.981851577, 0.94675525, 0.962879519, 0.984094062, 0.971262332, 0.913939499, 0.975820758, 0.954901849, 0.912442896, 0.936158911;0.950994877, 0.94675525, 0.960773405, 0.966172225, 0.981704673, 0.976801487, 0.896337278, 0.947415689, 0.943486311, 0.939126212, 0.952382319;0.964328677, 0.962879519, 0.966172225, 0.987598208, 0.989690654, 0.982965425, 0.902833847, 0.970315791, 0.976264628, 0.972901949, 0.971172972;0.978887055, 0.984094062, 0.981704673, 0.989690654, 0.99717774, 0.990996457, 0.94195516, 0.986057633, 0.980422502, 0.973607061, 0.979793106;0.979675484, 0.971262332, 0.976801487, 0.982965425, 0.990996457, 0.994233841, 0.925489322, 0.976261181, 0.962248678, 0.964891641, 0.979965125;0.909278366, 0.913939499, 0.896337278, 0.902833847, 0.94195516, 0.925489322, 0.9195696, 0.917275991, 0.910967015, 0.870806442, 0.932798344;0.96260247, 0.975820758, 0.947415689, 0.970315791, 0.986057633, 0.976261181, 0.917275991, 0.984005838, 0.960057967, 0.907293486, 0.954887028;0.965778199, 0.954901849, 0.943486311, 0.976264628, 0.980422502, 0.962248678, 0.910967015, 0.960057967, 0.978473525, 0.96453952, 0.948901192;0.951708478, 0.912442896, 0.939126212, 0.972901949, 0.973607061, 0.964891641, 0.870806442, 0.907293486, 0.96453952, 0.974065821, 0.952534329;0.951774401, 0.936158911, 0.952382319, 0.971172972, 0.979793106, 0.979965125, 0.932798344, 0.954887028, 0.948901192, 0.952534329, 0.986082721]
data_train = [0.101891754, 0.0159202673, 0.616182965, 0.960829417, 0.902868023, 0.696754815, 0.0966405842, 0.274164038, 0.320056727, 0.763150058, 0.802249179;0.385106123, 0.417883997, 0.0445090393, 0.289136718, 0.451285177, 0.116983046, 0.453267461, 0.853175812, 0.58132102, 0.078929855, 0.191671319;0.47454435, 0.36148715, 0.35872702, 0.529267448, 0.584395922, 0.79686157, 0.340966563, 0.805466283, 0.338611229, 0.0554329889, 0.554187651;0.587902325, 0.934540246, 0.726061326, 0.917772652, 0.90834721, 0.60457411, 0.527762065, 0.557440967, 0.978330808, 0.773167692, 0.106265905;0.778428407, 0.170538049, 0.447350549, 0.210459672, 0.689583066, 0.877309736, 0.290361885, 0.0820107412, 0.298493098, 0.672361858, 0.328760128;0.278112168, 0.184435191, 0.497516427, 0.275948828, 0.731010349, 0.076622402, 0.664033033, 0.237560015, 0.489279261, 0.286089922, 0.722768676;0.94530704, 0.917076779, 0.583426215, 0.462610303, 0.818300509, 0.683326363, 0.183564114, 0.820919214, 0.428884389, 0.18898566, 0.28179735;0.26752703, 0.519206975, 0.234370091, 0.123566487, 0.123690851, 0.583276197, 0.734759289, 0.321533009, 0.0346507098, 0.127224887, 0.91469456;0.49354366, 0.45357281, 0.0380491783, 0.728637022, 0.528068081, 0.202080936, 0.11007376, 0.383387864, 0.837161964, 0.865294559, 0.60284638;0.727536427, 0.115155787, 0.588126065, 0.666965703, 0.200712843, 0.880154733, 0.194996738, 0.31347736, 0.620556847, 0.638350065, 0.699384741;0.112011713, 0.84946443, 0.532847132, 0.471321794, 0.981097625, 0.740378297, 0.118006027, 0.756539167, 0.095248934, 0.0274705625, 0.403625895]
feature_class = 'simple'
data_test = [0.993578173, 0.174883936, 0.672644344, 0.173396066, 0.724786975, 0.505353668, 0.67997171, 0.202873176, 0.745628333, 0.99561906, 0.665650501, 0.493479998, 0.923173989, 0.0158518422, 0.729923519, 0.888746517, 0.0616745836;0.45006417, 0.204719454, 0.566518166, 0.649542959, 0.302623183, 0.45998167, 0.279339485, 0.369391164, 0.159539957, 0.885559444, 0.0100104106, 0.882409186, 0.571678878, 0.331657844, 0.723057125, 0.507752152, 0.499108658;0.110142283, 0.389516026, 0.241064346, 0.0156959056, 0.360099631, 0.0898221294, 0.256830038, 0.0925166212, 0.100941626, 0.199011294, 0.999849244, 0.00218414286, 0.638672636, 0.141243698, 0.920628137, 0.0936328933, 0.955063187;0.610926387, 0.00126807692, 0.894007198, 0.521711801, 0.262669735, 0.767279178, 0.926665554, 0.483690823, 0.315553474, 0.788945124, 0.681785498, 0.888752484, 0.692514013, 0.243528339, 0.93165925, 0.104835747, 0.26794275;0.520194608, 0.565742026, 0.0153105866, 0.780572726, 0.361607318, 0.406418541, 0.809369544, 0.379283392, 0.0472248765, 0.17643977, 0.955903172, 0.0704053624, 0.354931201, 0.503179167, 0.493280827, 0.00395994301, 0.501162731;0.383772458, 0.972079335, 0.159159084, 0.354154197, 0.419481485, 0.390693537, 0.665830828, 0.215512858, 0.221071553, 0.729210949, 0.500290519, 0.415155676, 0.169203052, 0.187527223, 0.0105516368, 0.0914262689, 0.556838695;0.89187313, 0.287164765, 0.327747226, 0.115605611, 0.388630946, 0.0372217046, 0.917600696, 0.673111348, 0.990748809, 0.882823163, 0.472990594, 0.519685031, 0.190576047, 0.462039343, 0.903027873, 0.0508534236, 0.863556803;0.340947802, 0.899512765, 0.940879906, 0.670864887, 0.664423787, 0.452754338, 0.835540225, 0.961612758, 0.7750818, 0.621936734, 0.606792896, 0.849469902, 0.541203766, 0.803859886, 0.508885255, 0.062444275, 0.383947009;0.444440958, 0.141617245, 0.102496329, 0.53546495, 0.0851436366, 0.302945168, 0.744596976, 0.96443218, 0.717870581, 0.992625548, 0.698337971, 0.293794471, 0.672052541, 0.702156765, 0.371726985, 0.0177138506, 0.703199785;0.0217000953, 0.631188078, 0.163616489, 0.565603528, 0.503913025, 0.0135136423, 0.362865817, 0.601091167, 0.848606552, 0.888642114, 0.48384997, 0.728422487, 0.316454577, 0.342186406, 0.194463519, 0.56194811, 0.314564151;0.0843708964, 0.685006087, 0.707753208, 0.359992419, 0.0767233995, 0.426297717, 0.442335458, 0.668670885, 0.315416391, 0.68259928, 0.871488542, 0.237486042, 0.978919556, 0.386368137, 0.267258685, 0.421511183, 0.0943974759]
km_test = [0.955222533, 0.941993825, 0.921163185, 0.951412494, 0.927206879, 0.896753132, 0.98416478, 0.968285127, 0.964727773, 0.98599828, 0.980754675, 0.960473804, 0.95378798, 0.93987643, 0.977342247, 0.825906912, 0.972141954;0.949078711, 0.932554747, 0.966008943, 0.937501203, 0.897251861, 0.926164874, 0.983311886, 0.974230371, 0.958775314, 0.986938341, 0.978673716, 0.965176969, 0.971927502, 0.939355067, 0.978321872, 0.815346625, 0.957086473;0.947519048, 0.942178332, 0.944170197, 0.922796107, 0.927007808, 0.91143047, 0.977989552, 0.945087228, 0.952546271, 0.982393391, 0.978763394, 0.951551518, 0.961864144, 0.891893455, 0.965127115, 0.877233362, 0.932501533;0.969020068, 0.929736021, 0.963693718, 0.945601253, 0.941579687, 0.939495662, 0.986552432, 0.969950225, 0.974972913, 0.993983379, 0.987547109, 0.971389138, 0.984686252, 0.921822969, 0.983124771, 0.920927177, 0.957407711;0.984504199, 0.970439448, 0.97821514, 0.965985586, 0.956983368, 0.965635484, 0.994701857, 0.980449874, 0.976923011, 0.99653963, 0.995137975, 0.977343115, 0.991562016, 0.949228456, 0.991157576, 0.924340613, 0.97837797;0.96633646, 0.971593729, 0.969101764, 0.963296694, 0.960558759, 0.935790006, 0.990493356, 0.978875153, 0.978506723, 0.991840703, 0.994200367, 0.970643764, 0.985891804, 0.950754938, 0.987657148, 0.914487284, 0.970731306;0.899884112, 0.934533236, 0.926354977, 0.920114207, 0.898463925, 0.895309257, 0.957643609, 0.926024852, 0.899474198, 0.960296791, 0.946081462, 0.943363812, 0.923957112, 0.892100207, 0.935668577, 0.778210786, 0.922046361;0.951853981, 0.941926996, 0.963919759, 0.936578719, 0.92196916, 0.919859393, 0.978637445, 0.968125886, 0.960184754, 0.990228473, 0.98078958, 0.96771832, 0.978847761, 0.930832564, 0.984176422, 0.884965152, 0.970647438;0.953845444, 0.9123238, 0.936107846, 0.949897602, 0.912202732, 0.925842992, 0.981134511, 0.962914402, 0.956491187, 0.990356427, 0.974422552, 0.968597886, 0.966187552, 0.92082746, 0.97300896, 0.860102006, 0.960085946;0.953795404, 0.8999266, 0.91482484, 0.944450451, 0.915309296, 0.918000489, 0.979580448, 0.954753574, 0.955528959, 0.984753048, 0.97527976, 0.948420556, 0.961197266, 0.909786845, 0.956607848, 0.866356782, 0.926541032;0.953506602, 0.975529553, 0.956737334, 0.954055616, 0.957958272, 0.92387064, 0.98508757, 0.974706845, 0.976573987, 0.991535104, 0.987107747, 0.967064819, 0.977742498, 0.944987654, 0.96710795, 0.903875953, 0.962095364]
kparam1_gamma_ = 0.5
kparam2_coef0 = 0.7
accuracy = 1e-09
kparam0_size = 10
data_class = 'rand'
