name = 'Sigmoid'
km_train = [0.999971582, 0.999818372, 0.998553446, 0.998823886, 0.997715436, 0.999337377, 0.999481718, 0.999408522, 0.999568021, 0.998685905, 0.998539351;0.999818372, 0.999983261, 0.999195687, 0.999877883, 0.998772667, 0.998599267, 0.999116381, 0.999772751, 0.999887638, 0.999814257, 0.999356813;0.998553446, 0.999195687, 0.999737263, 0.99934077, 0.996404599, 0.999521743, 0.998663989, 0.997410915, 0.999800392, 0.997850595, 0.998317476;0.998823886, 0.999877883, 0.99934077, 0.999989695, 0.999847116, 0.999646864, 0.999495437, 0.999697452, 0.999969218, 0.999899942, 0.999615509;0.997715436, 0.998772667, 0.996404599, 0.999847116, 0.999638555, 0.999009872, 0.998693156, 0.999330069, 0.99981594, 0.999555601, 0.998818233;0.999337377, 0.998599267, 0.999521743, 0.999646864, 0.999009872, 0.999831249, 0.999308552, 0.997810693, 0.999855035, 0.998122428, 0.998759138;0.999481718, 0.999116381, 0.998663989, 0.999495437, 0.998693156, 0.999308552, 0.999852689, 0.998145, 0.999840178, 0.999042606, 0.998064937;0.999408522, 0.999772751, 0.997410915, 0.999697452, 0.999330069, 0.997810693, 0.998145, 0.99992496, 0.99986137, 0.999816243, 0.998622597;0.999568021, 0.999887638, 0.999800392, 0.999969218, 0.99981594, 0.999855035, 0.999840178, 0.99986137, 0.999988841, 0.999894563, 0.999714448;0.998685905, 0.999814257, 0.997850595, 0.999899942, 0.999555601, 0.998122428, 0.999042606, 0.999816243, 0.999894563, 0.999911531, 0.999100669;0.998539351, 0.999356813, 0.998317476, 0.999615509, 0.998818233, 0.998759138, 0.998064937, 0.998622597, 0.999714448, 0.999100669, 0.99985878]
gamma_ = 1.1
data_train = [0.374540119, 0.950714306, 0.731993942, 0.598658484, 0.15601864, 0.15599452, 0.0580836122, 0.866176146, 0.601115012, 0.708072578, 0.0205844943;0.969909852, 0.832442641, 0.212339111, 0.181824967, 0.18340451, 0.304242243, 0.524756432, 0.431945019, 0.29122914, 0.611852895, 0.139493861;0.292144649, 0.366361843, 0.456069984, 0.785175961, 0.199673782, 0.514234438, 0.592414569, 0.0464504127, 0.607544852, 0.170524124, 0.065051593;0.948885537, 0.965632033, 0.808397348, 0.304613769, 0.097672114, 0.684233027, 0.440152494, 0.122038235, 0.49517691, 0.0343885211, 0.909320402;0.258779982, 0.662522284, 0.311711076, 0.520068021, 0.546710279, 0.184854456, 0.969584628, 0.775132823, 0.939498942, 0.89482735, 0.597899979;0.921874235, 0.0884925021, 0.195982862, 0.0452272889, 0.325330331, 0.38867729, 0.271349032, 0.828737509, 0.356753327, 0.28093451, 0.542696083;0.140924225, 0.802196981, 0.0745506437, 0.986886937, 0.772244769, 0.198715682, 0.00552211712, 0.815461428, 0.706857344, 0.729007168, 0.771270347;0.0740446517, 0.358465729, 0.11586906, 0.863103426, 0.623298127, 0.330898025, 0.0635583503, 0.310982322, 0.325183322, 0.729606178, 0.637557471;0.887212743, 0.472214925, 0.119594246, 0.713244787, 0.760785049, 0.561277198, 0.77096718, 0.493795596, 0.522732829, 0.427541018, 0.0254191267;0.107891427, 0.0314291857, 0.636410411, 0.314355981, 0.508570691, 0.907566474, 0.249292229, 0.410382923, 0.755551139, 0.228798165, 0.0769799098;0.289751453, 0.161221287, 0.929697652, 0.80812038, 0.633403757, 0.87146059, 0.803672077, 0.186570059, 0.892558998, 0.539342242, 0.807440155]
size_ = 10
data_test = [0.8960913, 0.318003475, 0.110051925, 0.227935163, 0.427107789, 0.818014766, 0.860730583, 0.00695213053, 0.510747303, 0.417411003, 0.22210781, 0.119865367, 0.337615171, 0.942909704, 0.323202932, 0.518790622, 0.703018959;0.363629602, 0.971782083, 0.962447295, 0.251782296, 0.497248506, 0.30087831, 0.284840494, 0.0368869474, 0.609564334, 0.502679023, 0.0514787512, 0.278646464, 0.908265886, 0.239561891, 0.144894872, 0.48945276, 0.985650454;0.242055272, 0.672135547, 0.761619615, 0.237637544, 0.728216349, 0.367783133, 0.632305831, 0.633529711, 0.535774684, 0.0902897701, 0.835302496, 0.320780065, 0.18651851, 0.0407751416, 0.590892943, 0.677564362, 0.0165878289;0.512093058, 0.226495775, 0.64517279, 0.174366429, 0.690937738, 0.386735346, 0.936729989, 0.137520944, 0.341066351, 0.113473521, 0.924693618, 0.877339353, 0.257941628, 0.659984046, 0.8172222, 0.555200812, 0.529650578;0.241852291, 0.0931027678, 0.897215758, 0.900418057, 0.633101457, 0.339029791, 0.349209575, 0.725955679, 0.89711026, 0.887086424, 0.779875546, 0.642031646, 0.084139965, 0.161628714, 0.898554189, 0.60642906, 0.00919705162;0.101471543, 0.663501769, 0.00506158385, 0.160808051, 0.548733789, 0.691895198, 0.65196126, 0.224269309, 0.712179221, 0.237249087, 0.325399698, 0.746491405, 0.649632899, 0.84922341, 0.657612892, 0.568308603, 0.0936747678;0.367715803, 0.265202368, 0.243989643, 0.973010555, 0.393097725, 0.892046555, 0.631138626, 0.794811304, 0.502637093, 0.576903885, 0.492517694, 0.195242988, 0.722452115, 0.280772362, 0.0243159664, 0.645472296, 0.177110679;0.940458584, 0.953928577, 0.91486439, 0.3701587, 0.0154566165, 0.928318563, 0.428184148, 0.966654819, 0.963619977, 0.853009455, 0.294448892, 0.385097729, 0.851136672, 0.316922005, 0.169492747, 0.556801262, 0.936154774;0.696029797, 0.57006117, 0.0971764938, 0.615007227, 0.99005385, 0.140084015, 0.518329652, 0.877373072, 0.740768618, 0.697015741, 0.702484084, 0.359491151, 0.293591844, 0.809361155, 0.810113395, 0.867072319, 0.913240553;0.511342399, 0.501516295, 0.798295179, 0.649963931, 0.701966877, 0.795792669, 0.890005342, 0.337995157, 0.375582953, 0.0939819398, 0.578280141, 0.0359422738, 0.465598018, 0.542644635, 0.286541252, 0.590833261, 0.0305002499;0.0373481887, 0.822600561, 0.360190641, 0.127060513, 0.52224326, 0.769993553, 0.215821027, 0.622890476, 0.085347465, 0.0516817212, 0.531354632, 0.540635122, 0.637429901, 0.726091334, 0.975852079, 0.516300348, 0.322956473]
km_test = [0.998841623, 0.999804464, 0.999284411, 0.9969316, 0.999904842, 0.999285672, 0.999838798, 0.997863225, 0.99980494, 0.99823386, 0.99959792, 0.999545214, 0.999499382, 0.999837276, 0.999836702, 0.999866808, 0.999697691;0.99974256, 0.999581426, 0.999821139, 0.999440625, 0.999843667, 0.999832717, 0.999924581, 0.999264295, 0.999895565, 0.999587583, 0.999766699, 0.999164717, 0.999562103, 0.999676099, 0.999622745, 0.99990962, 0.999790106;0.997886782, 0.999192671, 0.999265491, 0.994566974, 0.999605252, 0.999684516, 0.999747391, 0.996869212, 0.998172563, 0.989484568, 0.999539724, 0.998081495, 0.998026313, 0.999595851, 0.999696055, 0.999527987, 0.996712426;0.999769918, 0.999907729, 0.999852803, 0.999760582, 0.999878858, 0.999966178, 0.999911699, 0.999964616, 0.999930184, 0.999681305, 0.999906971, 0.998922273, 0.999790661, 0.99971822, 0.999821579, 0.999963732, 0.999598811;0.998699683, 0.999573242, 0.999188083, 0.999458511, 0.999563248, 0.999784617, 0.999450593, 0.999825962, 0.999719785, 0.999130676, 0.999470933, 0.997401194, 0.999381461, 0.999234261, 0.999372165, 0.999802049, 0.998241382;0.998475034, 0.999789462, 0.999653682, 0.997940412, 0.99984705, 0.999779748, 0.999822469, 0.999356519, 0.999346583, 0.99473346, 0.999779682, 0.998687763, 0.999303682, 0.999681174, 0.999800291, 0.999829229, 0.998117898;0.995888776, 0.999495842, 0.999642657, 0.998355854, 0.999853179, 0.998534577, 0.999113098, 0.999453245, 0.99958925, 0.998077883, 0.999759296, 0.99905909, 0.997684215, 0.998940856, 0.999905489, 0.999771758, 0.997559639;0.999294237, 0.999431605, 0.998950831, 0.999584639, 0.999717797, 0.999894292, 0.999849043, 0.99932798, 0.999896291, 0.999522535, 0.999271535, 0.998311196, 0.999551278, 0.99975749, 0.99937058, 0.999860222, 0.998672702;0.999571143, 0.999877541, 0.999919578, 0.999829985, 0.999963155, 0.999969116, 0.999959483, 0.999911658, 0.999931491, 0.999505447, 0.99995522, 0.999526542, 0.999737454, 0.999876999, 0.999952924, 0.999972782, 0.998930494;0.999456002, 0.999750065, 0.999740899, 0.999584671, 0.999552665, 0.999900483, 0.999636918, 0.999762201, 0.999908212, 0.99973292, 0.999315653, 0.998182973, 0.999697637, 0.999425317, 0.999412532, 0.999859418, 0.99944446;0.996633868, 0.999132511, 0.999304663, 0.998154399, 0.998934508, 0.999788391, 0.999430232, 0.999403547, 0.99936874, 0.997741904, 0.999522281, 0.999384392, 0.999309077, 0.999016233, 0.999573105, 0.999550126, 0.996560044]
coef0 = 1.3
