name = 'Sigmoid'
feature_type = 'real'
data_type = 'double'
km_train = [0.993670566, 0.988938535, 0.966208654, 0.968374686, 0.990318824, 0.983054165, 0.985198845, 0.971075698, 0.970710256, 0.988446123, 0.960425487;0.988938535, 0.994738945, 0.963930224, 0.957815336, 0.992381917, 0.987428538, 0.976113555, 0.963018741, 0.958207338, 0.98297046, 0.977263096;0.966208654, 0.963930224, 0.963496738, 0.945697445, 0.957722172, 0.971911188, 0.971895635, 0.94639289, 0.942488056, 0.937294585, 0.936013761;0.968374686, 0.957815336, 0.945697445, 0.972625444, 0.959372603, 0.966150189, 0.95396794, 0.92859526, 0.944021856, 0.940983031, 0.934844475;0.990318824, 0.992381917, 0.957722172, 0.959372603, 0.994828977, 0.983405228, 0.986644656, 0.974083531, 0.962076439, 0.989763463, 0.979018494;0.983054165, 0.987428538, 0.971911188, 0.966150189, 0.983405228, 0.996127058, 0.976486489, 0.963296289, 0.969052426, 0.978866065, 0.969102658;0.985198845, 0.976113555, 0.971895635, 0.95396794, 0.986644656, 0.976486489, 0.996812124, 0.978185012, 0.961164561, 0.986319883, 0.958887781;0.971075698, 0.963018741, 0.94639289, 0.92859526, 0.974083531, 0.963296289, 0.978185012, 0.974232219, 0.944578015, 0.964727212, 0.950134286;0.970710256, 0.958207338, 0.942488056, 0.944021856, 0.962076439, 0.969052426, 0.961164561, 0.944578015, 0.954679384, 0.958331825, 0.935588561;0.988446123, 0.98297046, 0.937294585, 0.940983031, 0.989763463, 0.978866065, 0.986319883, 0.964727212, 0.958331825, 0.99084613, 0.95298083;0.960425487, 0.977263096, 0.936013761, 0.934844475, 0.979018494, 0.969102658, 0.958887781, 0.950134286, 0.935588561, 0.95298083, 0.972188724]
data_train = [0.471626365, 0.227481604, 0.166185, 0.332729477, 0.939924373, 0.343026713, 0.988124076, 0.485230456, 0.179163918, 0.891140092, 0.460355373;0.709671344, 0.983711583, 0.0501753503, 0.0966945598, 0.720456741, 0.281825003, 0.184301397, 0.0393618798, 0.021846712, 0.774485603, 0.134433427;0.467720616, 0.605896815, 0.428351801, 0.0271066523, 0.783501503, 0.0105132245, 0.761889894, 0.893304494, 0.432839921, 0.535542473, 0.476983393;0.389208619, 0.887424535, 0.893933511, 0.335816365, 0.615069754, 0.926907562, 0.962058499, 0.50895904, 0.452824805, 0.278694316, 0.958871873;0.142814304, 0.579829576, 0.282550268, 0.27900829, 0.404968587, 0.998792936, 0.0549663068, 0.578541818, 0.082572158, 0.15452083, 0.439562942;0.510460131, 0.258792408, 0.316457131, 0.0869670203, 0.303219784, 0.966558439, 0.944707382, 0.33487829, 0.570853936, 0.909595391, 0.00618382264;0.81068357, 0.948369553, 0.0913257343, 0.161447686, 0.960746303, 0.537540144, 0.0141966345, 0.257631999, 0.449943674, 0.692908911, 0.733160378;0.995421513, 0.287511199, 0.538220102, 0.533323548, 0.405645259, 0.169161894, 0.977456563, 0.853317187, 0.498333028, 0.603245423, 0.227261054;0.54378707, 0.694970133, 0.515167028, 0.990285171, 0.611341656, 0.370973713, 0.772152028, 0.170462512, 0.384515814, 0.34695895, 0.431807095;0.781779826, 0.484173032, 0.79401445, 0.576488903, 0.342069435, 0.809978744, 0.238289671, 0.22438298, 0.504502924, 0.260849246, 0.00908703495;0.648297527, 0.511093821, 0.445517814, 0.966968515, 0.571199184, 0.863431578, 0.139450236, 0.569206463, 0.867979627, 0.583105757, 0.718014178]
feature_class = 'simple'
data_test = [0.372043568, 0.092449517, 0.457900295, 0.394479391, 0.867060182, 0.243995302, 0.966734228, 0.95813812, 0.247631643, 0.348051955, 0.895555741, 0.966622221, 0.443439103, 0.320997046, 0.526094013, 0.687769206, 0.273474515;0.736473175, 0.0516573571, 0.0492944928, 0.386287705, 0.353473192, 0.315633215, 0.491019763, 0.320733582, 0.192257918, 0.309469549, 0.974904273, 0.411113417, 0.444712777, 0.57654499, 0.983340768, 0.241601276, 0.681282111;0.715984694, 0.607324417, 0.0885783396, 0.676872276, 0.064094711, 0.59614265, 0.739581177, 0.210969891, 0.841622008, 0.0303538055, 0.843812864, 0.460329051, 0.21758794, 0.133778145, 0.953307168, 0.0726655876, 0.19909342;0.347822347, 0.620234849, 0.544801085, 0.125643492, 0.289727984, 0.238751771, 0.213542854, 0.411144336, 0.704031453, 0.217452932, 0.36667888, 0.390917427, 0.976456529, 0.954666357, 0.800137583, 0.241658921, 0.0680373141;0.316904138, 0.266794549, 0.5059258, 0.77772791, 0.858322939, 0.844864085, 0.359675561, 0.687234343, 0.312834198, 0.0609055432, 0.701565266, 0.00982755257, 0.409182587, 0.329379269, 0.693377539, 0.766245473, 0.304094636;0.811627014, 0.293916761, 0.44632636, 0.727018527, 0.692920229, 0.987368472, 0.225161024, 0.662317914, 0.609681908, 0.915098454, 0.156362142, 0.751798164, 0.568268616, 0.27466587, 0.474434914, 0.333776597, 0.579313403;0.889000611, 0.569304984, 0.631722418, 0.518747847, 0.0511655064, 0.232858557, 0.492001729, 0.310235284, 0.181763598, 0.504132842, 0.322809793, 0.258107643, 0.463985417, 0.133284258, 0.927745733, 0.867702098, 0.707620586;0.106213828, 0.775877254, 0.807957328, 0.767764618, 0.113965887, 0.643907957, 0.834324796, 0.577353401, 0.646407375, 0.458363479, 0.52870732, 0.0343768584, 0.638963022, 0.0814472129, 0.435014594, 0.292655098, 0.54542795;0.133416336, 0.691643402, 0.795011537, 0.16335445, 0.104313087, 0.145515483, 0.877127562, 0.528189262, 0.467260996, 0.106711819, 0.649556007, 0.867999592, 0.828185869, 0.626054709, 0.0752787167, 0.112397027, 0.0493089871;0.257479216, 0.135661467, 0.26004804, 0.385058056, 0.942982784, 0.61037606, 0.834973786, 0.710351501, 0.112503131, 0.735920406, 0.275098882, 0.639107847, 0.340961974, 0.997672263, 0.263551479, 0.279130471, 0.930672256;0.0246444046, 0.696688988, 0.725326391, 0.836378577, 0.974439311, 0.975601919, 0.0652767576, 0.821839323, 0.646309934, 0.647342134, 0.128349927, 0.650187166, 0.982482581, 0.91181857, 0.439130661, 0.0399479733, 0.36229349]
km_test = [0.968782204, 0.974803825, 0.980616224, 0.984070453, 0.972131934, 0.982913227, 0.989039947, 0.986291361, 0.971273896, 0.972595734, 0.98144977, 0.978813461, 0.988132018, 0.977644408, 0.988596545, 0.946995444, 0.979639351;0.976889702, 0.972864697, 0.975239168, 0.977377407, 0.964944523, 0.975398539, 0.983032093, 0.979844461, 0.970073958, 0.948754588, 0.986002949, 0.97451605, 0.988890802, 0.983089393, 0.993388391, 0.952863041, 0.968579027;0.894229846, 0.949084573, 0.952654057, 0.944702249, 0.947459759, 0.957852954, 0.960466189, 0.963254908, 0.951957162, 0.922268947, 0.938995341, 0.949579016, 0.972663526, 0.96895746, 0.954890092, 0.865509063, 0.920068468;0.832856277, 0.951887804, 0.967199236, 0.946550947, 0.955358321, 0.954044908, 0.961025316, 0.971262002, 0.937085212, 0.921509323, 0.935884456, 0.959927612, 0.977372423, 0.968786898, 0.924062434, 0.859800653, 0.910523116;0.978254049, 0.973422965, 0.978764848, 0.982173126, 0.973069269, 0.976961004, 0.989636439, 0.98656837, 0.973368886, 0.954792883, 0.989574689, 0.984001274, 0.988299184, 0.976490893, 0.993471464, 0.963204831, 0.967428996;0.961893359, 0.963436368, 0.980519004, 0.982855615, 0.98990638, 0.98927819, 0.967912145, 0.989808994, 0.968401307, 0.973145358, 0.964731696, 0.977954611, 0.990377555, 0.987468993, 0.985977804, 0.957707361, 0.969631907;0.958404911, 0.972763194, 0.977549847, 0.973735866, 0.960494814, 0.975476256, 0.988525207, 0.985011292, 0.982044395, 0.951950387, 0.982894506, 0.98397872, 0.98755752, 0.965792193, 0.982045251, 0.923651288, 0.937286768;0.928547351, 0.960764601, 0.959598456, 0.974458399, 0.949944882, 0.97402867, 0.969082095, 0.969996227, 0.967209341, 0.916494414, 0.965799354, 0.941949056, 0.970239998, 0.936636046, 0.976797807, 0.910768674, 0.922649008;0.913385663, 0.95328211, 0.957003361, 0.96060124, 0.948332105, 0.966959467, 0.947388088, 0.963783396, 0.95206742, 0.943476519, 0.919293478, 0.953694431, 0.971986749, 0.955388573, 0.956068418, 0.871451451, 0.930875707;0.975196064, 0.959263174, 0.971068168, 0.981921533, 0.972665225, 0.98018896, 0.983050685, 0.984456589, 0.967511362, 0.967419482, 0.981474068, 0.981377957, 0.983089907, 0.961152519, 0.988568657, 0.948896511, 0.969304932;0.924855278, 0.958198356, 0.96110643, 0.949462648, 0.932426524, 0.943139004, 0.947403571, 0.959076698, 0.951964644, 0.890491971, 0.953536573, 0.944053867, 0.976658274, 0.95629314, 0.976528101, 0.916769474, 0.890386057]
kparam1_gamma_ = 0.5
kparam2_coef0 = 0.7
data_class = 'rand'
kparam0_size = 10
accuracy = 1e-09
