name = 'Sigmoid'
feature_type = 'real'
data_type = 'double'
km_train = [0.992100143, 0.973742119, 0.990824205, 0.913049505, 0.958526602, 0.942554057, 0.964171386, 0.921483255, 0.982907098, 0.963341915, 0.977588362;0.973742119, 0.980406213, 0.973874803, 0.923740179, 0.919659721, 0.927875078, 0.934688835, 0.832706336, 0.968998944, 0.957747227, 0.966656863;0.990824205, 0.973874803, 0.997244557, 0.902064533, 0.979634338, 0.968515839, 0.970300949, 0.928434703, 0.986630527, 0.985421097, 0.988839211;0.913049505, 0.923740179, 0.902064533, 0.897974759, 0.862406209, 0.856234905, 0.891980856, 0.807936546, 0.887401838, 0.884820749, 0.893260173;0.958526602, 0.919659721, 0.979634338, 0.862406209, 0.967700963, 0.938667735, 0.952617535, 0.864781523, 0.955020574, 0.944442524, 0.973393525;0.942554057, 0.927875078, 0.968515839, 0.856234905, 0.938667735, 0.982931383, 0.959025848, 0.852733149, 0.949694316, 0.937244925, 0.964670928;0.964171386, 0.934688835, 0.970300949, 0.891980856, 0.952617535, 0.959025848, 0.985418658, 0.920612398, 0.968453414, 0.939069737, 0.964840586;0.921483255, 0.832706336, 0.928434703, 0.807936546, 0.864781523, 0.852733149, 0.920612398, 0.880007424, 0.877658496, 0.855601451, 0.877455042;0.982907098, 0.968998944, 0.986630527, 0.887401838, 0.955020574, 0.949694316, 0.968453414, 0.877658496, 0.994526433, 0.967826062, 0.973801565;0.963341915, 0.957747227, 0.985421097, 0.884820749, 0.944442524, 0.937244925, 0.939069737, 0.855601451, 0.967826062, 0.969035541, 0.964513586;0.977588362, 0.966656863, 0.988839211, 0.893260173, 0.973393525, 0.964670928, 0.964840586, 0.877455042, 0.973801565, 0.964513586, 0.987784249]
data_train = [0.563737101, 0.204979233, 0.741995391, 0.0522791033, 0.852542645, 0.198196386, 0.874398032, 0.352529241, 0.722683574, 0.319225298, 0.905911671;0.126637126, 0.178519789, 0.493030125, 0.081938439, 0.195980185, 0.943766382, 0.976489661, 0.376259329, 0.923286021, 0.544824676, 0.269742466;0.702398721, 0.658901807, 0.989125319, 0.265047287, 0.672059503, 0.052023755, 0.113646039, 0.00391837495, 0.999460681, 0.802273697, 0.786723015;0.509726075, 0.300067083, 0.151264284, 0.284674739, 0.375971222, 0.756310097, 0.539661789, 0.0774836266, 0.018029009, 0.10233218, 0.410498714;0.933192917, 0.637402481, 0.8018259, 0.466374595, 0.361666083, 0.108400373, 0.875933022, 0.783160029, 0.168118098, 0.512260564, 0.487374808;0.625091553, 0.946186894, 0.579771442, 0.540217267, 0.0503229329, 0.062907476, 0.187346791, 0.0324707717, 0.743352896, 0.723330304, 0.136056234;0.836078901, 0.154786035, 0.301175587, 0.248976899, 0.372307099, 0.254663766, 0.488950926, 0.407407881, 0.986569491, 0.0559263501, 0.142181376;0.0528258939, 0.625841195, 0.0545092774, 0.836439737, 0.511938631, 0.527007625, 0.561594508, 0.170813706, 0.197690303, 0.318817323, 0.593496416;0.210117776, 0.116331727, 0.970116886, 0.0219818148, 0.802697405, 0.78803515, 0.297214114, 0.135626616, 0.145628647, 0.697431617, 0.642806591;0.782745674, 0.937481172, 0.691927363, 0.155851537, 0.243442617, 0.842193731, 0.209306076, 0.072522317, 0.703280054, 0.402526355, 0.920040053;0.650255071, 0.0904189778, 0.947856567, 0.258557264, 0.33721249, 0.402260414, 0.0512242964, 0.496515422, 0.123318491, 0.400970327, 0.350709788]
feature_class = 'simple'
data_test = [0.772840083, 0.803170512, 0.153412882, 0.366551187, 0.373353161, 0.151410444, 0.798453505, 0.707228328, 0.190381786, 0.366721909, 0.105805025, 0.628206597, 0.121371925, 0.985934169, 0.780682075, 0.39023855, 0.578563932;0.911341816, 0.55409928, 0.174498486, 0.378703356, 0.843144865, 0.644213016, 0.650724384, 0.866821486, 0.893973057, 0.919792572, 0.0948491933, 0.544126002, 0.740509521, 0.756926845, 0.606716202, 0.166787335, 0.797420554;0.720111334, 0.0861357715, 0.463809825, 0.1739774, 0.337477046, 0.0180810922, 0.400329868, 0.549876921, 0.619582593, 0.663490345, 0.836291313, 0.215462907, 0.120481822, 0.851537172, 0.156612815, 0.974760081, 0.842538229;0.500876606, 0.981421425, 0.0973767291, 0.303065761, 0.638224415, 0.350006868, 0.928372552, 0.0656260882, 0.549411832, 0.590866267, 0.652728124, 0.255666223, 0.364566428, 0.84368053, 0.194942769, 0.826867847, 0.562655423;0.762187511, 0.713607366, 0.207511495, 0.568812736, 0.867723153, 0.432116237, 0.96659077, 0.4522151, 0.142785637, 0.38943468, 0.951702406, 0.319720849, 0.86809816, 0.881250682, 0.350186524, 0.0832576581, 0.724557909;0.311512299, 0.782923614, 0.442654848, 0.485266742, 0.777909407, 0.382363331, 0.443127345, 0.376190469, 0.367340515, 0.525946577, 0.808799445, 0.361768312, 0.524254721, 0.670727325, 0.269439446, 0.277522805, 0.933413127;0.723534573, 0.577186676, 0.647720054, 0.0292994431, 0.618102966, 0.509508873, 0.54574968, 0.359423827, 0.0814738977, 0.193339234, 0.950744713, 0.408699562, 0.466683156, 0.0527097899, 0.0375662295, 0.717181447, 0.538094664;0.508705984, 0.24312453, 0.744750732, 0.168236579, 0.189934744, 0.460712171, 0.286279862, 0.247462981, 0.645237645, 0.650971745, 0.82451707, 0.417708567, 0.073085091, 0.273666385, 0.980005463, 0.596258575, 0.709737085;0.00735782963, 0.518205732, 0.0375286575, 0.569230212, 0.92077085, 0.968419131, 0.540552675, 0.458204805, 0.945017094, 0.673609832, 0.0648992795, 0.465725578, 0.240245018, 0.469804321, 0.455465572, 0.582144803, 0.35677049;0.164270449, 0.503719435, 0.830202884, 0.664012228, 0.338367866, 0.935523023, 0.912207571, 0.209348399, 0.0394175851, 0.741308708, 0.827610261, 0.967864566, 0.889836394, 0.600534768, 0.530052339, 0.0278410513, 0.246656447;0.459614752, 0.6285039, 0.557251833, 0.74263599, 0.279766931, 0.564952608, 0.0881422434, 0.413665524, 0.750160833, 0.693400853, 0.990642737, 0.277891126, 0.498189299, 0.329530414, 0.440603114, 0.85695013, 0.684209075]
km_test = [0.981594268, 0.98721618, 0.962414467, 0.961130687, 0.98272025, 0.969074985, 0.989267822, 0.957420712, 0.942394884, 0.979114049, 0.994694724, 0.965042294, 0.976578162, 0.988616794, 0.941477894, 0.974030199, 0.988646523;0.954190218, 0.965457271, 0.953952242, 0.937604987, 0.96382304, 0.952129289, 0.97684954, 0.923409529, 0.924729339, 0.972505378, 0.987802813, 0.95184118, 0.957102203, 0.979591146, 0.942338221, 0.933590224, 0.979938704;0.983749908, 0.98861584, 0.959179732, 0.979037437, 0.989651913, 0.983178663, 0.990073609, 0.979895507, 0.982331358, 0.991059234, 0.992551053, 0.975333678, 0.977917125, 0.993869472, 0.97018191, 0.982561373, 0.992842261;0.915624555, 0.917409064, 0.902157018, 0.857287285, 0.908935751, 0.885199814, 0.914427241, 0.852802952, 0.890608924, 0.922164375, 0.964535312, 0.866277695, 0.878795445, 0.920449429, 0.89881329, 0.90804786, 0.950412175;0.961536672, 0.96429419, 0.909840451, 0.922697355, 0.962086038, 0.946585885, 0.971415753, 0.94513904, 0.956763965, 0.967024323, 0.966247721, 0.940581813, 0.90475076, 0.976334974, 0.949930099, 0.967737439, 0.972615942;0.9523612, 0.973645688, 0.92560269, 0.94486497, 0.973056445, 0.978571219, 0.979035657, 0.93755613, 0.970690785, 0.982394224, 0.964900032, 0.961019674, 0.957440921, 0.973122157, 0.958181207, 0.949879998, 0.968931856;0.982732173, 0.981336103, 0.90719721, 0.93006915, 0.980215726, 0.957210216, 0.986527672, 0.962041366, 0.953137437, 0.973325153, 0.970122688, 0.955398326, 0.958354907, 0.985399959, 0.963776493, 0.941049465, 0.982809231;0.927946059, 0.925191794, 0.839517234, 0.873089936, 0.919922952, 0.889574043, 0.923578727, 0.88754727, 0.864165804, 0.89815431, 0.934611089, 0.864044842, 0.904614029, 0.917984841, 0.87451261, 0.867147336, 0.928520788;0.984861517, 0.976276371, 0.962052104, 0.93246332, 0.97960032, 0.962138348, 0.983879673, 0.97286309, 0.954268757, 0.981408574, 0.986447053, 0.969492734, 0.965111423, 0.98609821, 0.950206244, 0.96677692, 0.989062665;0.958170917, 0.963517394, 0.922421824, 0.944352687, 0.973422856, 0.956299792, 0.968733203, 0.952602986, 0.964934474, 0.977036841, 0.975439053, 0.941564899, 0.94549386, 0.980581764, 0.94260744, 0.952517106, 0.981572932;0.971977621, 0.976806092, 0.950300833, 0.95537444, 0.971137103, 0.969225123, 0.986499937, 0.95774479, 0.962125347, 0.98331926, 0.983614725, 0.970121206, 0.95203339, 0.988743891, 0.970550527, 0.968633406, 0.982100294]
kparam1_gamma_ = 0.5
kparam2_coef0 = 0.7
data_class = 'rand'
kparam0_size = 10
accuracy = 1e-09
