name = 'Sigmoid'
feature_type = 'real'
data_type = 'double'
km_train = [0.99998969, 0.999964608, 0.999576565, 0.999634867, 0.999973643, 0.999908951, 0.999932554, 0.999700872, 0.99969237, 0.999961028, 0.999396741;0.999964608, 0.999993144, 0.999509969, 0.999303722, 0.999984479, 0.999953023, 0.999804748, 0.999481791, 0.999318173, 0.99990795, 0.999825047;0.999576565, 0.999509969, 0.999496679, 0.998770119, 0.999300263, 0.999719811, 0.999719464, 0.998805423, 0.998599554, 0.998296423, 0.998216407;0.999634867, 0.999303722, 0.998770119, 0.999735455, 0.999360123, 0.999574925, 0.99915273, 0.997710909, 0.998682643, 0.998515192, 0.998141515;0.999973643, 0.999984479, 0.999300263, 0.999360123, 0.9999934, 0.999913083, 0.99994629, 0.999765845, 0.999451726, 0.999970183, 0.999853678;0.999908951, 0.999953023, 0.999719811, 0.999574925, 0.999913083, 0.99999651, 0.999811469, 0.999490465, 0.999652121, 0.999851304, 0.999653381;0.999932554, 0.999804748, 0.999719464, 0.99915273, 0.99994629, 0.999811469, 0.999997728, 0.999840438, 0.999421722, 0.999943354, 0.999342851;0.999700872, 0.999481791, 0.998805423, 0.997710909, 0.999765845, 0.999490465, 0.999840438, 0.999768828, 0.998712058, 0.999533885, 0.998985403;0.99969237, 0.999318173, 0.998599554, 0.998682643, 0.999451726, 0.999652121, 0.999421722, 0.998712058, 0.999181915, 0.999322726, 0.998189378;0.999961028, 0.99990795, 0.998296423, 0.998515192, 0.999970183, 0.999851304, 0.999943354, 0.999533885, 0.999322726, 0.999976712, 0.999111274;0.999396741, 0.999825047, 0.998216407, 0.998141515, 0.999853678, 0.999653381, 0.999342851, 0.998985403, 0.998189378, 0.999111274, 0.999725949]
data_train = [0.471626365, 0.227481604, 0.166185, 0.332729477, 0.939924373, 0.343026713, 0.988124076, 0.485230456, 0.179163918, 0.891140092, 0.460355373;0.709671344, 0.983711583, 0.0501753503, 0.0966945598, 0.720456741, 0.281825003, 0.184301397, 0.0393618798, 0.021846712, 0.774485603, 0.134433427;0.467720616, 0.605896815, 0.428351801, 0.0271066523, 0.783501503, 0.0105132245, 0.761889894, 0.893304494, 0.432839921, 0.535542473, 0.476983393;0.389208619, 0.887424535, 0.893933511, 0.335816365, 0.615069754, 0.926907562, 0.962058499, 0.50895904, 0.452824805, 0.278694316, 0.958871873;0.142814304, 0.579829576, 0.282550268, 0.27900829, 0.404968587, 0.998792936, 0.0549663068, 0.578541818, 0.082572158, 0.15452083, 0.439562942;0.510460131, 0.258792408, 0.316457131, 0.0869670203, 0.303219784, 0.966558439, 0.944707382, 0.33487829, 0.570853936, 0.909595391, 0.00618382264;0.81068357, 0.948369553, 0.0913257343, 0.161447686, 0.960746303, 0.537540144, 0.0141966345, 0.257631999, 0.449943674, 0.692908911, 0.733160378;0.995421513, 0.287511199, 0.538220102, 0.533323548, 0.405645259, 0.169161894, 0.977456563, 0.853317187, 0.498333028, 0.603245423, 0.227261054;0.54378707, 0.694970133, 0.515167028, 0.990285171, 0.611341656, 0.370973713, 0.772152028, 0.170462512, 0.384515814, 0.34695895, 0.431807095;0.781779826, 0.484173032, 0.79401445, 0.576488903, 0.342069435, 0.809978744, 0.238289671, 0.22438298, 0.504502924, 0.260849246, 0.00908703495;0.648297527, 0.511093821, 0.445517814, 0.966968515, 0.571199184, 0.863431578, 0.139450236, 0.569206463, 0.867979627, 0.583105757, 0.718014178]
feature_class = 'simple'
data_test = [0.372043568, 0.092449517, 0.457900295, 0.394479391, 0.867060182, 0.243995302, 0.966734228, 0.95813812, 0.247631643, 0.348051955, 0.895555741, 0.966622221, 0.443439103, 0.320997046, 0.526094013, 0.687769206, 0.273474515;0.736473175, 0.0516573571, 0.0492944928, 0.386287705, 0.353473192, 0.315633215, 0.491019763, 0.320733582, 0.192257918, 0.309469549, 0.974904273, 0.411113417, 0.444712777, 0.57654499, 0.983340768, 0.241601276, 0.681282111;0.715984694, 0.607324417, 0.0885783396, 0.676872276, 0.064094711, 0.59614265, 0.739581177, 0.210969891, 0.841622008, 0.0303538055, 0.843812864, 0.460329051, 0.21758794, 0.133778145, 0.953307168, 0.0726655876, 0.19909342;0.347822347, 0.620234849, 0.544801085, 0.125643492, 0.289727984, 0.238751771, 0.213542854, 0.411144336, 0.704031453, 0.217452932, 0.36667888, 0.390917427, 0.976456529, 0.954666357, 0.800137583, 0.241658921, 0.0680373141;0.316904138, 0.266794549, 0.5059258, 0.77772791, 0.858322939, 0.844864085, 0.359675561, 0.687234343, 0.312834198, 0.0609055432, 0.701565266, 0.00982755257, 0.409182587, 0.329379269, 0.693377539, 0.766245473, 0.304094636;0.811627014, 0.293916761, 0.44632636, 0.727018527, 0.692920229, 0.987368472, 0.225161024, 0.662317914, 0.609681908, 0.915098454, 0.156362142, 0.751798164, 0.568268616, 0.27466587, 0.474434914, 0.333776597, 0.579313403;0.889000611, 0.569304984, 0.631722418, 0.518747847, 0.0511655064, 0.232858557, 0.492001729, 0.310235284, 0.181763598, 0.504132842, 0.322809793, 0.258107643, 0.463985417, 0.133284258, 0.927745733, 0.867702098, 0.707620586;0.106213828, 0.775877254, 0.807957328, 0.767764618, 0.113965887, 0.643907957, 0.834324796, 0.577353401, 0.646407375, 0.458363479, 0.52870732, 0.0343768584, 0.638963022, 0.0814472129, 0.435014594, 0.292655098, 0.54542795;0.133416336, 0.691643402, 0.795011537, 0.16335445, 0.104313087, 0.145515483, 0.877127562, 0.528189262, 0.467260996, 0.106711819, 0.649556007, 0.867999592, 0.828185869, 0.626054709, 0.0752787167, 0.112397027, 0.0493089871;0.257479216, 0.135661467, 0.26004804, 0.385058056, 0.942982784, 0.61037606, 0.834973786, 0.710351501, 0.112503131, 0.735920406, 0.275098882, 0.639107847, 0.340961974, 0.997672263, 0.263551479, 0.279130471, 0.930672256;0.0246444046, 0.696688988, 0.725326391, 0.836378577, 0.974439311, 0.975601919, 0.0652767576, 0.821839323, 0.646309934, 0.647342134, 0.128349927, 0.650187166, 0.982482581, 0.91181857, 0.439130661, 0.0399479733, 0.36229349]
km_test = [0.999645297, 0.999780099, 0.999877293, 0.999920623, 0.999724699, 0.999907263, 0.999965322, 0.999943092, 0.999705427, 0.999734814, 0.999888706, 0.99985048, 0.999958645, 0.999831508, 0.999962142, 0.99883554, 0.999863128;0.999818589, 0.999740584, 0.999788473, 0.999826998, 0.99954029, 0.999791493, 0.999908688, 0.999866174, 0.999677249, 0.998920973, 0.999940406, 0.999774464, 0.999964269, 0.999909371, 0.999988648, 0.999106253, 0.999640118;0.994356984, 0.998936588, 0.999097304, 0.998718577, 0.998858449, 0.999305117, 0.999398132, 0.999489177, 0.999067096, 0.997221538, 0.998399435, 0.998959743, 0.999736275, 0.999649731, 0.999190448, 0.990121039, 0.997038369;0.98348774, 0.999064058, 0.999603828, 0.998813366, 0.999209229, 0.999155915, 0.999417061, 0.999705155, 0.998283486, 0.997159072, 0.998208212, 0.999379577, 0.999826914, 0.999645417, 0.997365844, 0.989107322, 0.996163931;0.999841559, 0.999752333, 0.999849716, 0.999898112, 0.999744925, 0.999819833, 0.999969359, 0.999945608, 0.999751208, 0.999186518, 0.999968954, 0.999919856, 0.999959923, 0.999811548, 0.999988961, 0.999487616, 0.999610007;0.999445774, 0.999494812, 0.999875922, 0.999906567, 0.999971096, 0.999966967, 0.999622822, 0.999970476, 0.999635553, 0.999746529, 0.999534018, 0.999836665, 0.999973995, 0.999953357, 0.999940168, 0.999299712, 0.999666504;0.999325391, 0.999738415, 0.999829919, 0.999758786, 0.999399109, 0.999792958, 0.999961616, 0.999930645, 0.999896472, 0.999066799, 0.999907037, 0.999919606, 0.999954083, 0.999564799, 0.999896483, 0.997333156, 0.998295941;0.997707407, 0.999408277, 0.99936808, 0.999773326, 0.998976691, 0.999764739, 0.999652866, 0.999675374, 0.999604101, 0.996726311, 0.999565003, 0.998569665, 0.999681234, 0.998255545, 0.99981698, 0.996188086, 0.99725249;0.996440003, 0.999124046, 0.999273245, 0.999402735, 0.998900792, 0.999597322, 0.99885493, 0.99950549, 0.999071912, 0.998653433, 0.996972241, 0.999141356, 0.999721489, 0.999210434, 0.999237237, 0.991113875, 0.997874028;0.999787652, 0.999356247, 0.999700698, 0.999894892, 0.999736312, 0.999871203, 0.99990891, 0.999924826, 0.999612208, 0.999609752, 0.999889029, 0.999887747, 0.999909377, 0.999421319, 0.999961937, 0.998927705, 0.99965843;0.997428222, 0.999317844, 0.999419778, 0.99895432, 0.997981011, 0.998635171, 0.998855691, 0.999349612, 0.999067423, 0.993883856, 0.999134752, 0.998684347, 0.999814521, 0.999245981, 0.999812211, 0.996750973, 0.993870122]
kparam1_gamma_ = 1.1
kparam2_coef0 = 1.3
data_class = 'rand'
kparam0_size = 10
accuracy = 1e-09
