name = 'Sigmoid'
feature_type = 'Real'
data_type = 'double'
km_train = [0.999990457, 0.999802723, 0.99978247, 0.999851251, 0.999841961, 0.999866113, 0.999898617, 0.99983651, 0.999886949, 0.999680486, 0.996683961;0.999802723, 0.999920898, 0.999849786, 0.99972311, 0.999446302, 0.999793911, 0.999699026, 0.999862249, 0.999800223, 0.998987753, 0.992391914;0.99978247, 0.999849786, 0.99995813, 0.999880799, 0.99944077, 0.999882006, 0.999760713, 0.999860226, 0.999497798, 0.999405355, 0.996552227;0.999851251, 0.99972311, 0.999880799, 0.99998204, 0.999803069, 0.999959528, 0.999908203, 0.99997666, 0.999092537, 0.999617097, 0.997784574;0.999841961, 0.999446302, 0.99944077, 0.999803069, 0.99997677, 0.999888055, 0.999791478, 0.999876052, 0.998871155, 0.99904065, 0.998780592;0.999866113, 0.999793911, 0.999882006, 0.999959528, 0.999888055, 0.99998879, 0.999853399, 0.999948023, 0.999578203, 0.999594152, 0.999006637;0.999898617, 0.999699026, 0.999760713, 0.999908203, 0.999791478, 0.999853399, 0.999995132, 0.99996088, 0.999475268, 0.999878538, 0.997620919;0.99983651, 0.999862249, 0.999860226, 0.99997666, 0.999876052, 0.999948023, 0.99996088, 0.999993274, 0.999621634, 0.999590952, 0.998156932;0.999886949, 0.999800223, 0.999497798, 0.999092537, 0.998871155, 0.999578203, 0.999475268, 0.999621634, 0.999955756, 0.996737618, 0.993513966;0.999680486, 0.998987753, 0.999405355, 0.999617097, 0.99904065, 0.999594152, 0.999878538, 0.999590952, 0.996737618, 0.999724502, 0.99382474;0.996683961, 0.992391914, 0.996552227, 0.997784574, 0.998780592, 0.999006637, 0.997620919, 0.998156932, 0.993513966, 0.99382474, 0.996254438]
data_train = [0.929921763, 0.545083413, 0.661466205, 0.903273622, 0.0985468514, 0.232078578, 0.708900006, 0.823744462, 0.857029028, 0.415107177, 0.0893399023;0.437781477, 0.23073459, 0.291196455, 0.772267557, 0.075527086, 0.827581217, 0.427669086, 0.596063931, 0.0896522312, 0.337359078, 0.089700919;0.961543723, 0.807261649, 0.459632754, 0.223602548, 0.933455105, 0.344596596, 0.160984432, 0.563164388, 0.94377412, 0.0038302905, 0.238124843;0.93844764, 0.171085967, 0.113243452, 0.570187216, 0.861843823, 0.477109818, 0.994564257, 0.6791717, 0.0740749072, 0.992832132, 0.407894237;0.287402534, 0.557879184, 0.304307592, 0.0864575071, 0.00142834308, 0.449583353, 0.836863422, 0.572315186, 0.999207299, 0.286846646, 0.280455065;0.15974946, 0.164063588, 0.285186596, 0.792840045, 0.905756791, 0.97508717, 0.232289654, 0.881297546, 0.328255089, 0.112840545, 0.870024926;0.636105635, 0.164730896, 0.429831258, 0.287257695, 0.736794569, 0.453416231, 0.989279945, 0.0547449823, 0.355015266, 0.481900167, 0.503133555;0.315935822, 0.729240249, 0.874747073, 0.938719302, 0.805093377, 0.850580197, 0.550545301, 0.825888226, 0.303503909, 0.398478762, 0.316913014;0.467387335, 0.285579616, 0.961611442, 0.312844628, 0.0980445381, 0.526817166, 0.0570990784, 0.110543166, 0.219389389, 0.46435025, 0.433250932;0.799691862, 0.739474654, 0.426318294, 0.333704208, 0.316468784, 0.773995087, 0.0520724062, 0.0128216495, 0.795544392, 0.477146376, 0.130881139;0.235565935, 0.932503953, 0.859502976, 0.70978505, 0.48222523, 0.520323626, 0.975244535, 0.965770444, 0.215269046, 0.811104566, 0.197242666]
feature_class = 'simple'
data_test = [0.213537478, 0.676093034, 0.405001099, 0.931544407, 0.0890097349, 0.511525641, 0.91852153, 0.90411366, 0.156529213, 0.3666377, 0.6191214, 0.159394885, 0.968022172, 0.914749329, 0.166950179, 0.121155461, 0.0854084828;0.909443664, 0.19362381, 0.416284929, 0.448851366, 0.599011044, 0.0717353437, 0.226758617, 0.931490387, 0.908410107, 0.781290647, 0.0194012456, 0.327006768, 0.627958735, 0.275190212, 0.909586695, 0.633889462, 0.0719067173;0.909005589, 0.957766658, 0.0777124184, 0.532360235, 0.303364282, 0.392839076, 0.179651218, 0.578072102, 0.957979353, 0.5030726, 0.0829145814, 0.620001333, 0.340222994, 0.85592519, 0.434678148, 0.192839609, 0.191105623;0.768764181, 0.265587598, 0.767233394, 0.205887311, 0.321686369, 0.465486972, 0.94319585, 0.931731425, 0.206871875, 0.358219041, 0.149399388, 0.509985079, 0.460582551, 0.900760162, 0.930005378, 0.383567391, 0.491737943;0.896236249, 0.806707808, 0.00365631134, 0.320059564, 0.421774242, 0.229716284, 0.199571616, 0.0377845066, 0.643369725, 0.26251029, 0.0523471784, 0.230979311, 0.801913953, 0.851489182, 0.483066245, 0.41607067, 0.977853694;0.20056466, 0.215359283, 0.291867177, 0.172757318, 0.379365598, 0.910834227, 0.615347841, 0.411946549, 0.934410795, 0.0484642325, 0.210276178, 0.565888605, 0.615552623, 0.0395575066, 0.403038758, 0.649153965, 0.698070546;0.638139903, 0.320563224, 0.0935201236, 0.427112446, 0.128754437, 0.947623659, 0.475170866, 0.317259174, 0.766304071, 0.497948593, 0.310034024, 0.811967742, 0.867152151, 0.673008166, 0.0469644224, 0.56632288, 0.763294912;0.136503012, 0.228670751, 0.882495105, 0.0201217219, 0.752727138, 0.473773293, 0.446772159, 0.00709653249, 0.819398231, 0.359824901, 0.540765631, 0.677300686, 0.702629576, 0.955980059, 0.531339953, 0.399719551, 0.953703626;0.642110235, 0.298150356, 0.126464245, 0.842554501, 0.362181603, 0.660469721, 0.470816419, 0.19892978, 0.601686609, 0.060683069, 0.41334246, 0.54661494, 0.436046974, 0.748672175, 0.827924955, 0.771243074, 0.0388129478;0.19412877, 0.536607509, 0.93482204, 0.834956775, 0.842534508, 0.303208194, 0.429447897, 0.470705947, 0.157371583, 0.0310681302, 0.946902899, 0.240712586, 0.239948904, 0.0833790538, 0.928507752, 0.579737115, 0.667036857;0.911576887, 0.345620169, 0.621507311, 0.0387994547, 0.186772528, 0.831245805, 0.766768356, 0.350642691, 0.376810628, 0.533554434, 0.000241004685, 0.241244336, 0.208231809, 0.250482947, 0.805905843, 0.279673857, 0.191521322]
km_test = [0.999946134, 0.999829032, 0.999602728, 0.999879808, 0.999112479, 0.999811936, 0.999907357, 0.999934414, 0.999879469, 0.998814153, 0.998749751, 0.999656072, 0.999929957, 0.999981881, 0.99994163, 0.999438469, 0.999434611;0.999840004, 0.999642803, 0.999427642, 0.998976777, 0.998959739, 0.999572483, 0.999556681, 0.998856106, 0.999788497, 0.997649773, 0.996926339, 0.998714043, 0.999630601, 0.999871494, 0.999874438, 0.998426546, 0.999345629;0.999844237, 0.999293882, 0.99934101, 0.999470774, 0.998894987, 0.99987622, 0.99979305, 0.998839969, 0.999897782, 0.997702463, 0.997982994, 0.999458851, 0.999851244, 0.999939385, 0.999898279, 0.99943284, 0.999185561;0.999796804, 0.998801901, 0.999807406, 0.999058826, 0.999247322, 0.999877494, 0.999929497, 0.999835109, 0.999927999, 0.998829406, 0.997686423, 0.99949788, 0.999936804, 0.999912282, 0.999932019, 0.999493919, 0.999489892;0.99976316, 0.998790493, 0.999332673, 0.996098601, 0.998373784, 0.999893289, 0.999752339, 0.999325926, 0.999935437, 0.997451842, 0.994077635, 0.999779944, 0.99971254, 0.999872514, 0.999739319, 0.999041094, 0.999741029;0.999924752, 0.999305467, 0.999808403, 0.999396789, 0.999785426, 0.999911398, 0.999863212, 0.999715583, 0.999981895, 0.998558814, 0.998329366, 0.999781425, 0.999940622, 0.999894104, 0.999979612, 0.999875333, 0.999894122;0.999971484, 0.999432606, 0.999458646, 0.998232397, 0.997816287, 0.999913522, 0.999938149, 0.999738018, 0.999879277, 0.999363558, 0.992881014, 0.999553736, 0.999962606, 0.999977857, 0.999875663, 0.99923678, 0.999836233;0.999938838, 0.999537586, 0.999661973, 0.998142636, 0.998960637, 0.999885588, 0.999930196, 0.999812052, 0.99995603, 0.9991259, 0.993294595, 0.999459859, 0.999940755, 0.999955289, 0.999934335, 0.999211357, 0.99965509;0.999748375, 0.999853787, 0.997295723, 0.999648247, 0.998368245, 0.999282454, 0.999179068, 0.998958244, 0.999771288, 0.995638382, 0.99752813, 0.998412031, 0.99983675, 0.999908583, 0.999502609, 0.998228782, 0.999557359;0.999766364, 0.997105912, 0.999406533, 0.997683765, 0.997215639, 0.999553856, 0.99978608, 0.999294015, 0.998892303, 0.996578493, 0.994031923, 0.998334294, 0.999462822, 0.999756241, 0.999870069, 0.998637056, 0.998682274;0.997751233, 0.992052415, 0.991272621, 0.991101789, 0.991906987, 0.999076574, 0.997795577, 0.993627302, 0.999247469, 0.983120704, 0.982409875, 0.997707122, 0.998513163, 0.998083914, 0.997713459, 0.997342828, 0.99805337]
kparam1_gamma_ = 1.1
kparam2_coef0 = 1.3
accuracy = 1e-09
kparam0_size = 10
data_class = 'rand'
