name = 'Sigmoid'
feature_type = 'real'
data_type = 'double'
km_train = [0.999858959, 0.999360445, 0.999024455, 0.99952201, 0.999851632, 0.999863668, 0.996040119, 0.999468627, 0.999564401, 0.999056179, 0.99905908;0.999360445, 0.999893987, 0.998823587, 0.999477409, 0.999920883, 0.999705162, 0.996492034, 0.999799379, 0.999190923, 0.996350406, 0.998225581;0.999024455, 0.998823587, 0.999408575, 0.999575543, 0.999892073, 0.999817045, 0.994613885, 0.998856286, 0.998653961, 0.998407209, 0.999085592;0.99952201, 0.999477409, 0.999575543, 0.999954415, 0.999969712, 0.99990789, 0.995361964, 0.999683043, 0.999807486, 0.999741377, 0.999703112;0.999851632, 0.999920883, 0.999892073, 0.999969712, 0.999998263, 0.999977549, 0.998570005, 0.999940921, 0.999874552, 0.999756141, 0.999865415;0.999863668, 0.999705162, 0.999817045, 0.99990789, 0.999977549, 0.999991607, 0.997477486, 0.999807424, 0.999457293, 0.999538736, 0.999867947;0.996040119, 0.996492034, 0.994613885, 0.995361964, 0.998570005, 0.997477486, 0.996995899, 0.996796104, 0.996207531, 0.991009145, 0.99800619;0.999468627, 0.999799379, 0.998856286, 0.999683043, 0.999940921, 0.999807424, 0.996796104, 0.999919907, 0.999384097, 0.995837918, 0.999190325;0.999564401, 0.999190923, 0.998653961, 0.999807486, 0.999874552, 0.999457293, 0.996207531, 0.999384097, 0.999845093, 0.999528314, 0.998927926;0.999056179, 0.996350406, 0.998407209, 0.999741377, 0.999756141, 0.999538736, 0.991009145, 0.995837918, 0.999528314, 0.999765488, 0.999092154;0.99905908, 0.998225581, 0.999085592, 0.999703112, 0.999865415, 0.999867947, 0.99800619, 0.999190325, 0.998927926, 0.999092154, 0.999941156]
data_train = [0.101891754, 0.0159202673, 0.616182965, 0.960829417, 0.902868023, 0.696754815, 0.0966405842, 0.274164038, 0.320056727, 0.763150058, 0.802249179;0.385106123, 0.417883997, 0.0445090393, 0.289136718, 0.451285177, 0.116983046, 0.453267461, 0.853175812, 0.58132102, 0.078929855, 0.191671319;0.47454435, 0.36148715, 0.35872702, 0.529267448, 0.584395922, 0.79686157, 0.340966563, 0.805466283, 0.338611229, 0.0554329889, 0.554187651;0.587902325, 0.934540246, 0.726061326, 0.917772652, 0.90834721, 0.60457411, 0.527762065, 0.557440967, 0.978330808, 0.773167692, 0.106265905;0.778428407, 0.170538049, 0.447350549, 0.210459672, 0.689583066, 0.877309736, 0.290361885, 0.0820107412, 0.298493098, 0.672361858, 0.328760128;0.278112168, 0.184435191, 0.497516427, 0.275948828, 0.731010349, 0.076622402, 0.664033033, 0.237560015, 0.489279261, 0.286089922, 0.722768676;0.94530704, 0.917076779, 0.583426215, 0.462610303, 0.818300509, 0.683326363, 0.183564114, 0.820919214, 0.428884389, 0.18898566, 0.28179735;0.26752703, 0.519206975, 0.234370091, 0.123566487, 0.123690851, 0.583276197, 0.734759289, 0.321533009, 0.0346507098, 0.127224887, 0.91469456;0.49354366, 0.45357281, 0.0380491783, 0.728637022, 0.528068081, 0.202080936, 0.11007376, 0.383387864, 0.837161964, 0.865294559, 0.60284638;0.727536427, 0.115155787, 0.588126065, 0.666965703, 0.200712843, 0.880154733, 0.194996738, 0.31347736, 0.620556847, 0.638350065, 0.699384741;0.112011713, 0.84946443, 0.532847132, 0.471321794, 0.981097625, 0.740378297, 0.118006027, 0.756539167, 0.095248934, 0.0274705625, 0.403625895]
feature_class = 'simple'
data_test = [0.993578173, 0.174883936, 0.672644344, 0.173396066, 0.724786975, 0.505353668, 0.67997171, 0.202873176, 0.745628333, 0.99561906, 0.665650501, 0.493479998, 0.923173989, 0.0158518422, 0.729923519, 0.888746517, 0.0616745836;0.45006417, 0.204719454, 0.566518166, 0.649542959, 0.302623183, 0.45998167, 0.279339485, 0.369391164, 0.159539957, 0.885559444, 0.0100104106, 0.882409186, 0.571678878, 0.331657844, 0.723057125, 0.507752152, 0.499108658;0.110142283, 0.389516026, 0.241064346, 0.0156959056, 0.360099631, 0.0898221294, 0.256830038, 0.0925166212, 0.100941626, 0.199011294, 0.999849244, 0.00218414286, 0.638672636, 0.141243698, 0.920628137, 0.0936328933, 0.955063187;0.610926387, 0.00126807692, 0.894007198, 0.521711801, 0.262669735, 0.767279178, 0.926665554, 0.483690823, 0.315553474, 0.788945124, 0.681785498, 0.888752484, 0.692514013, 0.243528339, 0.93165925, 0.104835747, 0.26794275;0.520194608, 0.565742026, 0.0153105866, 0.780572726, 0.361607318, 0.406418541, 0.809369544, 0.379283392, 0.0472248765, 0.17643977, 0.955903172, 0.0704053624, 0.354931201, 0.503179167, 0.493280827, 0.00395994301, 0.501162731;0.383772458, 0.972079335, 0.159159084, 0.354154197, 0.419481485, 0.390693537, 0.665830828, 0.215512858, 0.221071553, 0.729210949, 0.500290519, 0.415155676, 0.169203052, 0.187527223, 0.0105516368, 0.0914262689, 0.556838695;0.89187313, 0.287164765, 0.327747226, 0.115605611, 0.388630946, 0.0372217046, 0.917600696, 0.673111348, 0.990748809, 0.882823163, 0.472990594, 0.519685031, 0.190576047, 0.462039343, 0.903027873, 0.0508534236, 0.863556803;0.340947802, 0.899512765, 0.940879906, 0.670864887, 0.664423787, 0.452754338, 0.835540225, 0.961612758, 0.7750818, 0.621936734, 0.606792896, 0.849469902, 0.541203766, 0.803859886, 0.508885255, 0.062444275, 0.383947009;0.444440958, 0.141617245, 0.102496329, 0.53546495, 0.0851436366, 0.302945168, 0.744596976, 0.96443218, 0.717870581, 0.992625548, 0.698337971, 0.293794471, 0.672052541, 0.702156765, 0.371726985, 0.0177138506, 0.703199785;0.0217000953, 0.631188078, 0.163616489, 0.565603528, 0.503913025, 0.0135136423, 0.362865817, 0.601091167, 0.848606552, 0.888642114, 0.48384997, 0.728422487, 0.316454577, 0.342186406, 0.194463519, 0.56194811, 0.314564151;0.0843708964, 0.685006087, 0.707753208, 0.359992419, 0.0767233995, 0.426297717, 0.442335458, 0.668670885, 0.315416391, 0.68259928, 0.871488542, 0.237486042, 0.978919556, 0.386368137, 0.267258685, 0.421511183, 0.0943974759]
