name = 'Sigmoid'
km_train = [0.99999679, 0.999940612, 0.999917159, 0.99980858, 0.999392852, 0.996616346, 0.99985745, 0.999869085, 0.998677751, 0.999984366, 0.999926874;0.999940612, 0.999982809, 0.999581895, 0.999831127, 0.999582976, 0.998953035, 0.999603287, 0.999896764, 0.999343729, 0.999978272, 0.999938662;0.999917159, 0.999581895, 0.999943333, 0.999434243, 0.998500342, 0.991744365, 0.999491843, 0.999146006, 0.998312169, 0.999860483, 0.99962959;0.99980858, 0.999831127, 0.999434243, 0.999743063, 0.997941106, 0.991625481, 0.998768028, 0.998891572, 0.99757211, 0.999888985, 0.999293161;0.999392852, 0.999582976, 0.998500342, 0.997941106, 0.999366059, 0.995236984, 0.99844179, 0.999025078, 0.997823356, 0.999552136, 0.999205906;0.996616346, 0.998953035, 0.991744365, 0.991625481, 0.995236984, 0.996929717, 0.99555461, 0.998192507, 0.994103696, 0.9988992, 0.99905952;0.99985745, 0.999603287, 0.999491843, 0.998768028, 0.99844179, 0.99555461, 0.999647863, 0.99966862, 0.998900526, 0.999875409, 0.999791285;0.999869085, 0.999896764, 0.999146006, 0.998891572, 0.999025078, 0.998192507, 0.99966862, 0.999940974, 0.999247809, 0.999946517, 0.999907556;0.998677751, 0.999343729, 0.998312169, 0.99757211, 0.997823356, 0.994103696, 0.998900526, 0.999247809, 0.99904147, 0.999493232, 0.999647586;0.999984366, 0.999978272, 0.999860483, 0.999888985, 0.999552136, 0.9988992, 0.999875409, 0.999946517, 0.999493232, 0.999998412, 0.999969577;0.999926874, 0.999938662, 0.99962959, 0.999293161, 0.999205906, 0.99905952, 0.999791285, 0.999907556, 0.999647586, 0.999969577, 0.999986765]
gamma_ = 1.1
data_train = [0.958702407, 0.0578638978, 0.394521799, 0.106756066, 0.335660065, 0.169679904, 0.646848362, 0.388268384, 0.229394746, 0.265937925, 0.360345095;0.259949863, 0.453240847, 0.0323159511, 0.279763507, 0.411206721, 0.602781882, 0.270957643, 0.133185125, 0.0762003796, 0.940531827, 0.416639058;0.581162621, 0.919176552, 0.08274842, 0.876661486, 0.551587873, 0.164834261, 0.411255117, 0.777602284, 0.480370082, 0.985286051, 0.37673897;0.7495783, 0.392989449, 0.829164221, 0.569081469, 0.0635118296, 0.0368218676, 0.133852119, 0.0136719648, 0.0753590604, 0.691714397, 0.534346275;0.749910749, 0.913165752, 0.585149532, 0.726120844, 0.757081202, 0.377850549, 0.241084832, 0.205045329, 0.25144244, 0.274731797, 0.207227649;0.878220667, 0.756999132, 0.0468964678, 0.268672482, 0.022184742, 0.498165187, 0.476210697, 0.83137149, 0.30777724, 0.816385735, 0.967973765;0.0884082234, 0.791817839, 0.589955897, 0.480045967, 0.420535779, 0.784668264, 0.639361357, 0.805044668, 0.903151059, 0.617263712, 0.980462725;0.60808785, 0.636644322, 0.554815609, 0.0910020911, 0.726397033, 0.547446307, 0.450910447, 0.910471278, 0.297959452, 0.523602276, 0.697641871;0.796471776, 0.459346808, 0.842091415, 0.768917741, 0.0662359779, 0.0458612664, 0.620805684, 0.347413408, 0.209130791, 0.579649934, 0.34156321;0.537263417, 0.460119159, 0.584766106, 0.400300489, 0.697667574, 0.180067272, 0.696501466, 0.411661214, 0.874317605, 0.515236055, 0.973110349;0.601935396, 0.223849066, 0.821790637, 0.345082628, 0.347619214, 0.0318046815, 0.548715309, 0.534423504, 0.355991484, 0.894217263, 0.128748398]
size_ = 10
data_test = [0.330099513, 0.321582765, 0.0922905862, 0.481145394, 0.687784717, 0.511657014, 0.156977683, 0.377285965, 0.00259502438, 0.868301107, 0.0845170077, 0.597278082, 0.986256996, 0.536590646, 0.924041759, 0.236116533, 0.759955409;0.531265754, 0.720516061, 0.0623413625, 0.147739092, 0.133116929, 0.687165505, 0.844440673, 0.749616232, 0.0304721527, 0.867214981, 0.354146671, 0.397163833, 0.104869167, 0.737405206, 0.182283878, 0.563965092, 0.840709986;0.0892043287, 0.535335564, 0.233216412, 0.342926864, 0.473969941, 0.355104303, 0.64882284, 0.479582102, 0.584199485, 0.736822475, 0.557742266, 0.586535435, 0.564458543, 0.378772626, 0.337446834, 0.899647397, 0.607555222;0.244353155, 0.498247698, 0.330348481, 0.933691824, 0.00753436313, 0.225332798, 0.36535682, 0.487809801, 0.850817518, 0.0878876245, 0.805864887, 0.0556534894, 0.842314035, 0.0516354779, 0.0182424814, 0.696961462, 0.997255535;0.896610263, 0.575998418, 0.917395613, 0.0053000064, 0.975067163, 0.490748779, 0.722896097, 0.820861473, 0.718457271, 0.535036732, 0.476619484, 0.838582559, 0.20507756, 0.967994067, 0.710952479, 0.199506927, 0.736247184;0.529840023, 0.707230096, 0.767779501, 0.0872901796, 0.506103956, 0.932014342, 0.320642192, 0.593883098, 0.369230482, 0.454267972, 0.548603118, 0.54892198, 0.201730462, 0.684571548, 0.0878681112, 0.138824773, 0.00271089941;0.116696064, 0.473166201, 0.606101881, 0.79428945, 0.10669925, 0.85072746, 0.745974526, 0.408518293, 0.932938067, 0.990929476, 0.20500181, 0.379228585, 0.926449424, 0.721596551, 0.048094644, 0.781514482, 0.827940887;0.750501925, 0.799537131, 0.825132677, 0.186404987, 0.235691746, 0.633758564, 0.90786613, 0.316196582, 0.588306676, 0.682982063, 0.451948601, 0.713782455, 0.899667445, 0.624101544, 0.539781062, 0.438744675, 0.577486271;0.355362452, 0.39148211, 0.53185748, 0.0666191124, 0.229025391, 0.542849311, 0.431528143, 0.332815786, 0.730549137, 0.693717607, 0.16673076, 0.878629115, 0.495423626, 0.741460911, 0.573150849, 0.997692616, 0.75240312;0.706980461, 0.778571939, 0.143127986, 0.204544593, 0.714064082, 0.493981487, 0.754635292, 0.102916031, 0.536481351, 0.378821566, 0.457000219, 0.603957872, 0.502288347, 0.539860637, 0.486357482, 0.408955177, 0.771881981;0.0122030723, 0.598442701, 0.565508347, 0.716179075, 0.599029365, 0.826798828, 0.959074795, 0.342524257, 0.227350983, 0.423596862, 0.287929616, 0.614950263, 0.911852409, 0.139116194, 0.100794603, 0.256015532, 0.726095586]
km_test = [0.999781372, 0.999968964, 0.999882473, 0.998964639, 0.999878215, 0.99997129, 0.99996439, 0.999835328, 0.999895075, 0.999969939, 0.999675821, 0.999979104, 0.999982246, 0.999956651, 0.999727674, 0.999868165, 0.999992171;0.99962528, 0.999951653, 0.999880488, 0.997630649, 0.999528382, 0.999951483, 0.999975733, 0.999795683, 0.999942013, 0.999964834, 0.999560433, 0.999937132, 0.99988685, 0.999958972, 0.99840484, 0.999885775, 0.99997424;0.998584344, 0.999787586, 0.999622717, 0.999138353, 0.998856236, 0.999819034, 0.999919882, 0.998728796, 0.999865813, 0.99977748, 0.998470736, 0.99982971, 0.999963111, 0.999637722, 0.998222848, 0.999737558, 0.999983015;0.997624419, 0.999622703, 0.999097581, 0.99670568, 0.998587344, 0.999572842, 0.999817526, 0.999144378, 0.999789943, 0.999754189, 0.998534793, 0.999721233, 0.999638222, 0.999649237, 0.996760242, 0.999791047, 0.999938387;0.998825603, 0.999641885, 0.998549431, 0.992276428, 0.99891213, 0.999447664, 0.999869019, 0.998093621, 0.998978377, 0.999716181, 0.996846057, 0.999616933, 0.999555999, 0.999586542, 0.997908433, 0.998516531, 0.999859487;0.996061057, 0.998694289, 0.997343386, 0.98673501, 0.990889714, 0.999196175, 0.999169663, 0.996893754, 0.997130246, 0.999377117, 0.991715739, 0.997662836, 0.997701142, 0.999156268, 0.986460397, 0.996315137, 0.99886299;0.998286969, 0.999770687, 0.99906457, 0.997345634, 0.999048873, 0.999875446, 0.999863748, 0.998404466, 0.99942786, 0.999901196, 0.99703667, 0.99982832, 0.999898399, 0.999761372, 0.99827753, 0.99953921, 0.999928837;0.998518833, 0.999879559, 0.999713672, 0.997515037, 0.998989752, 0.999938479, 0.999932438, 0.998938525, 0.999691822, 0.999940673, 0.9983853, 0.999872034, 0.999930977, 0.999827817, 0.997454734, 0.999619789, 0.999871521;0.995532947, 0.999287539, 0.997525638, 0.995665858, 0.997461756, 0.999473338, 0.99965418, 0.995046296, 0.999179003, 0.999539722, 0.994775917, 0.999096226, 0.99956812, 0.999124698, 0.992897185, 0.998742252, 0.999687576;0.999479029, 0.999986934, 0.999842828, 0.999605353, 0.999597733, 0.999989617, 0.999994285, 0.999894553, 0.999929615, 0.999988339, 0.999795303, 0.999965652, 0.999982994, 0.999954182, 0.998235454, 0.99996953, 0.999995995;0.999565628, 0.999954536, 0.999700159, 0.998750084, 0.999051809, 0.999963472, 0.999954552, 0.999411032, 0.999900196, 0.999952435, 0.999397851, 0.999861993, 0.999947308, 0.999928703, 0.997648455, 0.999819446, 0.999969354]
coef0 = 1.3
