name = 'SimpleLocalityImprovedString'
alphabet = 'DNA'
length = 5
km_test = [5.68013717e-16, 3.52289248e-22;1.0357577e-13, 9.94460454e-14;1.11836608e-13, 1.19018329e-13;1.02515557e-16, 2.66106417e-20;1.16455835e-13, 1.64091182e-14;7.75509457e-13, 9.98659395e-16;2.48167679e-17, 1.49883029e-17;4.93171561e-16, 1.14576564e-20;5.8859359e-15, 2.11841894e-13;1.1123049e-34, 1.69264121e-15;1.70024563e-14, 1.11183998e-14]
km_train = [0.59049, 1.7827573e-15, 1.37163554e-12, 3.02559124e-21, 4.18272263e-19, 8.040619e-12, 1.57977538e-18, 7.31833346e-19, 5.61914668e-18, 1.03368818e-20, 2.76895451e-19;1.7827573e-15, 0.59049, 5.93605058e-12, 6.53146403e-19, 1.53863106e-15, 1.58061937e-20, 7.93569235e-14, 1.3106631e-17, 1.08061074e-17, 2.55964971e-16, 3.4395011e-12;1.37163554e-12, 5.93605058e-12, 0.59049, 3.82619387e-18, 5.66635767e-19, 4.57636064e-15, 1.11027146e-19, 1.07070543e-11, 5.12975439e-15, 1.74915451e-19, 8.1683741e-16;3.02559124e-21, 6.53146403e-19, 3.82619387e-18, 0.59049, 4.94303945e-16, 1.02745982e-14, 1.12107324e-23, 2.30268574e-10, 3.13632366e-18, 3.71689517e-14, 1.66937008e-14;4.18272263e-19, 1.53863106e-15, 5.66635767e-19, 4.94303945e-16, 0.59049, 2.72673625e-19, 2.53640452e-14, 1.53252065e-18, 1.4588297e-13, 9.50642236e-20, 7.23634361e-16;8.040619e-12, 1.58061937e-20, 4.57636064e-15, 1.02745982e-14, 2.72673625e-19, 0.59049, 1.60628944e-22, 1.8377075e-16, 3.73068449e-20, 3.4156868e-12, 5.4991039e-14;1.57977538e-18, 7.93569235e-14, 1.11027146e-19, 1.12107324e-23, 2.53640452e-14, 1.60628944e-22, 0.59049, 2.09542309e-17, 5.96194501e-13, 1.87477628e-17, 1.23716754e-21;7.31833346e-19, 1.3106631e-17, 1.07070543e-11, 2.30268574e-10, 1.53252065e-18, 1.8377075e-16, 2.09542309e-17, 0.59049, 2.83627738e-22, 1.09664916e-16, 9.47784883e-23;5.61914668e-18, 1.08061074e-17, 5.12975439e-15, 3.13632366e-18, 1.4588297e-13, 3.73068449e-20, 5.96194501e-13, 2.83627738e-22, 0.59049, 4.68132941e-24, 3.89792577e-22;1.03368818e-20, 2.55964971e-16, 1.74915451e-19, 3.71689517e-14, 9.50642236e-20, 3.4156868e-12, 1.87477628e-17, 1.09664916e-16, 4.68132941e-24, 0.59049, 1.69690486e-15;2.76895451e-19, 3.4395011e-12, 8.1683741e-16, 1.66937008e-14, 7.23634361e-16, 5.4991039e-14, 1.23716754e-21, 9.47784883e-23, 3.89792577e-22, 1.69690486e-15, 0.59049]
outer_degree = 5
data_train = ['CAGCTCGTGATAGCTACCCGTCGCTCTTTTCCGCTGTTTCAGAGTCCTTTTATAGGACTG', 'GCCGACCCTTCATTTGCACATACCGCATATTGTGGTGAATCAACGCGCCGCTGGTCACAA', 'AGCCGCTGTAATGTTGCAACTTAGCCTGATCCTCGCGGATTTGTGAAAAATTTTGCAGCT', 'CCCTATTCATCGACCATTTTATATTCCGTGGAAGTTAAGGACCAGTGTGAGCCTGACTGA', 'TTGCTTCGTACGCCGCAGGAAAACGTGGCGGCCTTGCCCCGACTGCACCAGCCCTCGAAA', 'AAGCGCGGGATAGACTATTTGTGACTAATCTTCCGCGCGGGTTAGCGGTTTCCAGTGGTG', 'TATTACAGGGCTCGGTCACAAGGAGCGCGTCGCGTACGCACCGTTCTCCAATGCTGAACA', 'TTAGCCGGATAAGGCATTGCATGTTACGATCATAGAAGGCCCCACGACGACGCAATTTAT', 'ATTCCTTTAGTACTTCGAATAGCACCCCGAAAGATCTCCGTGATGAACCTGAGCGGCTCT', 'GGTTGGTGCTAAAACGAGCGCAGAGAAATCGATGATGGTAACCGATAACCCACTCCTGCT', 'AGTTGTGCTAGAGAGGACGACCATCTTAGCGGACTCAAATCAGGGTGAGCTACCGTGGAA']
inner_degree = 7
seqlen = 60
data_test = ['GACTCAACTACGTCTGTAATGTCTCGTAATTGCCCCCACCGTCACAGCTTTGTACTAATC', 'TTCGAATCTGAGGATGAGTATATGCCTCGATGTAGGCCAGGAGCATTGATCCCGGCGTCG']
