name = 'SimpleLocalityImprovedString'
feature_type = 'char'
data_type = ''
km_train = [0.59049, 3.38630581e-15, 2.15412268e-11, 1.90591467e-11, 1.46223369e-09, 3.50788715e-20, 6.14895619e-22, 3.66037492e-17, 1.13053954e-26, 2.7827644e-15, 1.15511729e-16;3.38630581e-15, 0.59049, 2.54500551e-19, 7.40746815e-18, 1.60530233e-20, 1.52492332e-14, 3.43843931e-13, 1.61816828e-17, 2.84373232e-20, 1.33760174e-20, 1.62297313e-21;2.15412268e-11, 2.54500551e-19, 0.59049, 1.49688033e-23, 9.26832963e-13, 5.99011062e-15, 4.26148517e-20, 1.29780202e-17, 3.02342876e-16, 1.14255771e-17, 2.94507903e-14;1.90591467e-11, 7.40746815e-18, 1.49688033e-23, 0.59049, 1.06345866e-15, 2.14332491e-20, 3.47297854e-16, 2.16508238e-13, 4.36006126e-14, 2.16603666e-20, 1.39941947e-22;1.46223369e-09, 1.60530233e-20, 9.26832963e-13, 1.06345866e-15, 0.59049, 7.80591346e-25, 2.59620648e-19, 1.66343103e-18, 2.15516222e-14, 4.18350642e-14, 2.01881349e-14;3.50788715e-20, 1.52492332e-14, 5.99011062e-15, 2.14332491e-20, 7.80591346e-25, 0.59049, 6.60896189e-14, 4.19054377e-12, 2.40935934e-19, 1.22087114e-12, 1.27355905e-11;6.14895619e-22, 3.43843931e-13, 4.26148517e-20, 3.47297854e-16, 2.59620648e-19, 6.60896189e-14, 0.59049, 1.20021424e-18, 6.21558847e-16, 1.02430445e-13, 5.67395966e-21;3.66037492e-17, 1.61816828e-17, 1.29780202e-17, 2.16508238e-13, 1.66343103e-18, 4.19054377e-12, 1.20021424e-18, 0.59049, 1.35819296e-18, 5.2559214e-24, 4.57284147e-20;1.13053954e-26, 2.84373232e-20, 3.02342876e-16, 4.36006126e-14, 2.15516222e-14, 2.40935934e-19, 6.21558847e-16, 1.35819296e-18, 0.59049, 5.23506459e-19, 6.67675406e-16;2.7827644e-15, 1.33760174e-20, 1.14255771e-17, 2.16603666e-20, 4.18350642e-14, 1.22087114e-12, 1.02430445e-13, 5.2559214e-24, 5.23506459e-19, 0.59049, 2.90794148e-14;1.15511729e-16, 1.62297313e-21, 2.94507903e-14, 1.39941947e-22, 2.01881349e-14, 1.27355905e-11, 5.67395966e-21, 4.57284147e-20, 6.67675406e-16, 2.90794148e-14, 0.59049]
data_train = ['ATGGTTGTATCTATGTGTAGGTAGTGCCGAGCCTTGCGAATGCAGGTACAGTGCATCGAC', 'AATTCTCGCGTGGCTCTCGCTATTACCTTAGAGCGGATAATAGGGGATCCCATGGTGGCG', 'TCGTGCCCGCTTCTGCTAGGGCCGTCCCGTCCGGACACCCGAGTTACCTTGTCTGCGTCC', 'GGCACTACCAAAGTATGCAAGTATTTGGGAATAGTGGCTGACAGCTTCAGCAAGGTTAAT', 'ATTTGAACCTCGGGGTGTCGGTCTAGCCGCCCAATTTGCTATCTTCTTAGTGTATGCTGA', 'ACCGATGTTCGCGTTGTAGTACGGCTTTCACGACGCAAAGAAACGAGACCTACGTGTCCC', 'TGCCGCAGAAATACCGCTTACGTTACGGAACAACGTCTGTTTTCAGGCATGGGTCGTTCC', 'TCCACCATTTCCGTTCTTTTAAGCTTGGTTAATAGAGCTGCTTTCACTAAGTGAGTTCGG', 'TCTCGCCATATATGAGAGAATAATCAGGATGGAGAAGGCCACGTGCAGAGTACAGGCACC', 'TAGAAGAGATGATCTTAACCCTTGTTTCCGTGAGGTTTGCGTCTTGTACTCGCGTGTCTC', 'ATCTGCTAGGGATGCCCAGCACGGGCTCATTACTTTTGTCGTAACCCGGTTATAAGCTTT']
feature_class = 'string'
kparam0_length = 5
seqlen = 60
data_test = ['ATTCTAGGTCGGACCTGTGCTGCGCAGTTTCGACTTTCTAATGGGAAATTAGTCTAGAGT', 'TTTATGCTTAAGGTAACAATCCACTGTCCCCTCGAGTGGTGCCGGCCTACATAGAGTCGC']
km_test = [3.84555762e-18, 3.37963132e-16;2.33353551e-15, 1.72135914e-19;3.2090995e-18, 1.27509551e-17;1.13520977e-15, 3.42348932e-15;3.84138734e-13, 2.07959279e-15;4.60345695e-13, 5.52291654e-17;1.26237248e-15, 8.21650666e-24;3.83355601e-19, 4.86898205e-18;7.52496908e-13, 1.74898202e-17;9.7371338e-17, 1.49045952e-14;6.26634161e-15, 3.68419548e-18]
alphabet = 'DNA'
kparam1_inner_degree = 7
kparam2_outer_degree = 5
accuracy = 1e-15
data_class = 'dna'
