name = 'SimpleLocalityImprovedString'
feature_type = 'Char'
data_type = ''
km_train = [0.59049, 1.34320956e-20, 1.73676798e-16, 1.03677322e-12, 6.82714735e-15, 2.03915007e-16, 2.47876308e-18, 2.33676062e-15, 4.52388659e-24, 6.61547401e-16, 7.91431885e-15;1.34320956e-20, 0.59049, 3.12797828e-20, 2.99881268e-16, 1.73852265e-14, 3.41088222e-19, 3.11471135e-17, 5.63147694e-17, 1.51124957e-17, 1.74151857e-18, 1.02303391e-16;1.73676798e-16, 3.12797828e-20, 0.59049, 1.55581756e-17, 1.41485914e-10, 2.43209998e-15, 7.45043974e-16, 7.39029983e-16, 1.63894345e-19, 9.15802945e-19, 2.93555437e-18;1.03677322e-12, 2.99881268e-16, 1.55581756e-17, 0.59049, 1.10177442e-19, 1.54064718e-21, 4.08196144e-17, 5.59014254e-14, 6.90112175e-12, 1.53505313e-15, 2.26346679e-14;6.82714735e-15, 1.73852265e-14, 1.41485914e-10, 1.10177442e-19, 0.59049, 1.60937924e-11, 4.44179975e-18, 8.12867897e-14, 1.23645036e-20, 1.10926963e-24, 1.08410656e-21;2.03915007e-16, 3.41088222e-19, 2.43209998e-15, 1.54064718e-21, 1.60937924e-11, 0.59049, 1.26029072e-10, 1.28477088e-15, 1.6162769e-14, 1.34851304e-19, 4.96663417e-15;2.47876308e-18, 3.11471135e-17, 7.45043974e-16, 4.08196144e-17, 4.44179975e-18, 1.26029072e-10, 0.59049, 4.86047671e-24, 4.82338774e-17, 1.95694922e-18, 9.23778585e-15;2.33676062e-15, 5.63147694e-17, 7.39029983e-16, 5.59014254e-14, 8.12867897e-14, 1.28477088e-15, 4.86047671e-24, 0.59049, 2.88023392e-17, 1.68304691e-21, 1.50433644e-18;4.52388659e-24, 1.51124957e-17, 1.63894345e-19, 6.90112175e-12, 1.23645036e-20, 1.6162769e-14, 4.82338774e-17, 2.88023392e-17, 0.59049, 3.64881718e-14, 2.18604936e-14;6.61547401e-16, 1.74151857e-18, 9.15802945e-19, 1.53505313e-15, 1.10926963e-24, 1.34851304e-19, 1.95694922e-18, 1.68304691e-21, 3.64881718e-14, 0.59049, 8.34366663e-10;7.91431885e-15, 1.02303391e-16, 2.93555437e-18, 2.26346679e-14, 1.08410656e-21, 4.96663417e-15, 9.23778585e-15, 1.50433644e-18, 2.18604936e-14, 8.34366663e-10, 0.59049]
data_train = ['GACGTGACGGCCGTGTGATTCTTTGAAACGGGGCCGGCAGCTAATCATGCGTGTGCACCG', 'CTGTTTTCTTCGCGGGTCCCATAATAGGGGTATCGTCCCCAGTTATTTAACGGTACGATC', 'CAGCGTACCGCCTGAAGTGAAACACATTTCAACACAAAATCAGTGGCGCCATAGGCCAGA', 'AGGCTGACGTCAGAGCGACCCCAACCAGCAAACGACGGGCTGACTCTGTTCGTCCCCGAC', 'TAAGAGCGTAGCTCGCGGAATTCAGATTTGGAGGAGTTCAAGTGAGCGAGAATGGCACCT', 'ACTTAGTTCCGCACCAGCAATGCATCGTTTGGATGAGCACTCCTGAGGAAAACGATATGA', 'ATGGGCACAAACTGCGCAGACCTCTTCAGCGTAATAGCAAACTCCCTGAAAGCGATTACT', 'CCAAACACTTGGGAGAACATCGCGCAACTGAGAGATTTTGCGCCTCGTTGTGATAGCCTA', 'GTGAGCTTGCAATGAGTGTGGCCCTATGCATCCTACGTATTCCGTTCCCGTGCCAGTATG', 'GACTCTAGCTCGACACATTTGCGAGTCCGATGCTCCACTCGAAAACAGTCCGGATGACAA', 'CGCTACCGATAGGGACATTACCGATTGGCAGGCCTGCATATGATGAACCACTTAAAATGT']
feature_class = 'string'
kparam0_length = 5
seqlen = 60
data_test = ['GCGATGAGCGGTAGCGGTTGTTTAAACGAGGCATCTAGGATGTCAACGCGCGCGCTTCGC', 'CTTCGGTCCCGCCAGAACAGCCGAATCCACGGGACTTACAACAGGAATAGCGCAAACGCA']
km_test = [2.82971277e-16, 9.20118677e-17;1.11729696e-15, 2.94669348e-17;4.05152627e-18, 9.7901752e-18;7.68886044e-15, 2.47505112e-19;6.95446673e-13, 1.60658328e-14;1.67980216e-16, 1.47486976e-13;9.19645809e-17, 1.20898815e-14;1.81256487e-20, 2.64838469e-10;1.166652e-15, 3.1284789e-20;5.26534295e-18, 1.43573304e-11;1.03062056e-17, 1.38504448e-12]
alphabet = 'DNA'
kparam1_inner_degree = 7
kparam2_outer_degree = 5
accuracy = 1e-15
data_class = 'dna'
