name = 'SimpleLocalityImprovedString'
feature_type = 'char'
data_type = ''
km_train = [0.59049, 1.76304953e-16, 5.52067653e-16, 4.66559714e-16, 8.82506407e-19, 6.86082217e-14, 2.10183137e-17, 1.58814044e-12, 6.66147528e-14, 3.91666377e-16, 1.23004919e-19;1.76304953e-16, 0.59049, 7.4007202e-17, 7.75152955e-16, 3.12221607e-24, 3.0950821e-15, 1.75274337e-13, 1.40829605e-14, 1.59972843e-14, 5.31527643e-12, 1.77164879e-16;5.52067653e-16, 7.4007202e-17, 0.59049, 5.11584927e-23, 5.57237435e-11, 5.61884313e-13, 3.65691581e-21, 2.19128803e-17, 2.49377774e-18, 1.03506256e-19, 1.68563898e-20;4.66559714e-16, 7.75152955e-16, 5.11584927e-23, 0.59049, 3.26041494e-17, 8.92295919e-15, 1.28006404e-14, 1.19863625e-11, 6.47043059e-10, 8.06942958e-13, 4.66085063e-16;8.82506407e-19, 3.12221607e-24, 5.57237435e-11, 3.26041494e-17, 0.59049, 6.37091095e-15, 3.11141246e-18, 5.25541113e-19, 5.84060426e-15, 4.81084757e-17, 9.21801131e-19;6.86082217e-14, 3.0950821e-15, 5.61884313e-13, 8.92295919e-15, 6.37091095e-15, 0.59049, 1.29055648e-16, 8.95813855e-23, 1.23091078e-13, 5.54500835e-21, 3.51498561e-14;2.10183137e-17, 1.75274337e-13, 3.65691581e-21, 1.28006404e-14, 3.11141246e-18, 1.29055648e-16, 0.59049, 6.18247638e-12, 5.92022152e-13, 1.90650083e-14, 2.03490406e-18;1.58814044e-12, 1.40829605e-14, 2.19128803e-17, 1.19863625e-11, 5.25541113e-19, 8.95813855e-23, 6.18247638e-12, 0.59049, 5.43169375e-13, 9.30995861e-14, 2.09600183e-18;6.66147528e-14, 1.59972843e-14, 2.49377774e-18, 6.47043059e-10, 5.84060426e-15, 1.23091078e-13, 5.92022152e-13, 5.43169375e-13, 0.59049, 2.22869731e-10, 8.92457065e-17;3.91666377e-16, 5.31527643e-12, 1.03506256e-19, 8.06942958e-13, 4.81084757e-17, 5.54500835e-21, 1.90650083e-14, 9.30995861e-14, 2.22869731e-10, 0.59049, 1.15709793e-12;1.23004919e-19, 1.77164879e-16, 1.68563898e-20, 4.66085063e-16, 9.21801131e-19, 3.51498561e-14, 2.03490406e-18, 2.09600183e-18, 8.92457065e-17, 1.15709793e-12, 0.59049]
data_train = ['TATCCGGGCATGAGTTGCCAAACATTGAGCCCCCCATTTCCACAGATCGGCCGTGTGTTC', 'CCTAGATGGCAACATTAGTTTAATATCTCAGCCGCAGCCGCGAAAGGTTTAGGCCAGATC', 'GCGTCTCGAACGGCGTATCAGGTGGGTCTGACATCATAGGCTTTTATATTAGAAATTGCG', 'TAAGTACTGTGATACAACAATTAATGTTCCCTCGTCACCAGCTCCAATGGTTGTAATCGG', 'TGATTCCTAATTCTACTGAAGTCCCTAGTGACATTCAGTATACGTCAACTCAGCGTCTAT', 'GTAGGTAAAGGATTGAGTGGCAGGGCCCCTACCTCCTGCTGAGCACAGGGACGTATGGGT', 'CGCCGATCTATTGAGGGCGCCTTTTCTCCCTGCCATGTGGAGAAGCGTCACCGCAATTTT', 'AACACCGCAAATAATTGTTAGAAATTTTACTGTCAGCGAGATCGCGCATGCGTACATCTC', 'CGGTAGCTAGCGCGAGGAGCGCTTCTTTACCCCGTGATATCGACACAATGCCGCTGTATC', 'CCACAATACGATATTACGACGCACTACTACCACCTTGCCCCGACTCCATATGGTTACATA', 'GTAAACATTCCGTACATACCACACTCGTCTACAGATCTAATCAGAGGAACTCTATAACAC']
feature_class = 'string'
kparam0_length = 5
data_test = ['ATATCGATAGTATGCGGGTATTCTAACTCTCAACATCACCGTAGCGCCTCCTGGATTCTG', 'AGCCAGATAACCCCTGACTCATGGAAGAGGCTTGAACATACCGACCTATTCTATGCCATA']
km_test = [5.08907463e-20, 1.61705796e-15;2.73499557e-12, 1.27818864e-18;1.13235485e-22, 1.34358125e-15;5.55598771e-16, 2.31876705e-19;1.70211209e-17, 1.01123119e-17;4.0963989e-16, 6.46733247e-26;4.30559253e-17, 1.33818347e-18;1.50886254e-12, 6.72590646e-19;5.74498675e-16, 2.57151637e-15;6.21092408e-12, 1.12313843e-19;5.54439415e-12, 3.99518958e-16]
alphabet = 'DNA'
kparam1_inner_degree = 7
kparam2_outer_degree = 5
accuracy = 1e-15
len_seq = 60
data_class = 'dna'
