name = 'SimpleLocalityImprovedStringKernel'
alphabet = 'DNA'
km_train = [0.4782969, 4.31157645e-19, 2.38456675e-16, 2.38626463e-15, 1.06887036e-16, 2.89812806e-11, 1.51658839e-16, 1.84478189e-15, 8.9450448e-10, 1.95551158e-12, 5.48556994e-19;4.31157645e-19, 0.4782969, 9.70697706e-17, 2.17872095e-21, 1.49350149e-19, 6.61380984e-17, 3.5704133e-19, 3.13473857e-18, 1.05803528e-18, 1.50078395e-14, 1.51703711e-18;2.38456675e-16, 9.70697706e-17, 0.4782969, 1.29779629e-11, 9.06503838e-11, 2.96817666e-14, 5.36916445e-16, 9.04150904e-22, 1.74354398e-14, 2.15270118e-24, 2.90080874e-11;2.38626463e-15, 2.17872095e-21, 1.29779629e-11, 0.4782969, 1.39761003e-12, 3.12434497e-18, 3.9949212e-24, 3.40361933e-17, 2.67624964e-21, 1.87388203e-18, 4.10305552e-21;1.06887036e-16, 1.49350149e-19, 9.06503838e-11, 1.39761003e-12, 0.4782969, 1.03384257e-13, 2.47085271e-16, 7.42471293e-14, 2.66121333e-15, 3.13820968e-25, 1.31447921e-15;2.89812806e-11, 6.61380984e-17, 2.96817666e-14, 3.12434497e-18, 1.03384257e-13, 0.4782969, 4.20764884e-21, 8.6163782e-16, 3.9118384e-12, 8.70074387e-16, 2.78850142e-15;1.51658839e-16, 3.5704133e-19, 5.36916445e-16, 3.9949212e-24, 2.47085271e-16, 4.20764884e-21, 0.4782969, 8.57960409e-13, 8.48632678e-17, 7.58902614e-13, 1.20074621e-13;1.84478189e-15, 3.13473857e-18, 9.04150904e-22, 3.40361933e-17, 7.42471293e-14, 8.6163782e-16, 8.57960409e-13, 0.4782969, 1.2559631e-15, 3.89079413e-17, 1.43376099e-20;8.9450448e-10, 1.05803528e-18, 1.74354398e-14, 2.67624964e-21, 2.66121333e-15, 3.9118384e-12, 8.48632678e-17, 1.2559631e-15, 0.4782969, 9.38412891e-16, 1.54311779e-16;1.95551158e-12, 1.50078395e-14, 2.15270118e-24, 1.87388203e-18, 3.13820968e-25, 8.70074387e-16, 7.58902614e-13, 3.89079413e-17, 9.38412891e-16, 0.4782969, 3.16842173e-22;5.48556994e-19, 1.51703711e-18, 2.90080874e-11, 4.10305552e-21, 1.31447921e-15, 2.78850142e-15, 1.20074621e-13, 1.43376099e-20, 1.54311779e-16, 3.16842173e-22, 0.4782969]
outer_degree = 7
data_train = ['CAATCCACGCGGAATCCTTAAAATTAGGCTTCCTTAGCCTCTGCGTAACCAGAAGACTTC', 'TCAAAAGTCAAAGATGCGATCCCGTGCGTTGTACTGTTCATTTTCTAGAGGGTATGACCT', 'GCTACCCGAAAATGAAAAAGAGTATACGCAGGAGCAAAGTAGCCGCGAAAAACATTATGT', 'CGACAGCACCTCCTATAGAAAGCCCCGACTAGAGTAAATCAATAGGCAGCAGATGGGCTC', 'TATGATCGCGAACTGAAAAGAAAAGTGCATCGAGAAATGAGTGCAAACTCGGGCTTTCCG', 'ATAAACGAATGACGAAACGGGGAGCCAGGATCCTTATTGAATGATGTTTCAAACAGCTAT', 'TTTTCTTCACCATCATCTGTTGAATATTCGTAGACTTGACGAGTCTGCTTGGGATTCATA', 'GGGTTTGAGCACATGTACGCCAGAGTCCCTTAGTTTTTATTAGAACCACGGTCAAGGCAA', 'CGTAGAAGGCAGCGAATTAGGATAACTGCTTCCTCTGGGATTACCATGTTAACCGAAGTG', 'ACGACCATAGCCACATGTGTCTAGACATTTGTCTTTGCCCAAGGCGACGGTTAGAACCCT', 'CGCAAGGTTATTAGTCTTGGGGAAGAGTGCGAGCAAAAAATGCTGCGAAATGTCTGGAAT']
size_ = 10
seqlen = 60
data_test = ['GCAGGACCGGGTACTACCACATAGGCCACGTAGATCCGTGGCGGGATGGCCTAATTGTTG', 'AAGGTTGCGTACTCGGACCAATCGCTCCTTATCCAAGCCGTAGATGTAACCATACTCTAC']
length = 5
km_test = [4.45780045e-17, 1.21665731e-14;2.76200904e-22, 2.55818355e-14;3.74452892e-22, 6.59741213e-21;4.66260123e-19, 7.1284439e-16;1.72120894e-18, 5.88413877e-19;7.21430106e-19, 1.00183738e-14;1.02418882e-11, 2.3880121e-24;5.80797138e-13, 4.5164072e-14;3.69871534e-21, 2.29219967e-23;3.83233509e-18, 2.24900114e-13;8.26811016e-23, 7.03487559e-20]
inner_degree = 5
