name = 'SimpleLocalityImprovedString'
feature_type = 'char'
data_type = ''
km_train = [0.59049, 5.40426937e-15, 2.099853e-12, 7.75448156e-16, 2.72560756e-20, 4.54226248e-17, 2.84979849e-20, 3.5999152e-12, 3.30564076e-16, 4.11426012e-19, 8.75058196e-24;5.40426937e-15, 0.59049, 2.79046062e-14, 4.35507417e-16, 1.44171861e-14, 1.71675389e-13, 1.96403124e-24, 6.88447816e-14, 2.52701892e-16, 9.91010861e-12, 5.01763523e-18;2.099853e-12, 2.79046062e-14, 0.59049, 1.39188996e-10, 1.01759219e-17, 5.2963004e-14, 2.78813094e-11, 3.94429955e-13, 5.09172218e-16, 3.46246132e-16, 1.36625523e-18;7.75448156e-16, 4.35507417e-16, 1.39188996e-10, 0.59049, 2.61530375e-16, 1.99337678e-15, 1.24922215e-13, 4.98982701e-15, 1.09564745e-18, 5.44613224e-21, 2.21292989e-16;2.72560756e-20, 1.44171861e-14, 1.01759219e-17, 2.61530375e-16, 0.59049, 5.85972533e-16, 2.78177984e-15, 7.74586256e-12, 2.28193599e-14, 3.74609992e-14, 6.75874804e-23;4.54226248e-17, 1.71675389e-13, 5.2963004e-14, 1.99337678e-15, 5.85972533e-16, 0.59049, 2.96974457e-15, 6.29875225e-17, 6.3640649e-16, 1.45979637e-18, 8.22932801e-23;2.84979849e-20, 1.96403124e-24, 2.78813094e-11, 1.24922215e-13, 2.78177984e-15, 2.96974457e-15, 0.59049, 4.13000589e-13, 8.04140226e-14, 2.24767124e-15, 2.50120084e-14;3.5999152e-12, 6.88447816e-14, 3.94429955e-13, 4.98982701e-15, 7.74586256e-12, 6.29875225e-17, 4.13000589e-13, 0.59049, 1.26424195e-15, 1.85491472e-10, 6.17257256e-18;3.30564076e-16, 2.52701892e-16, 5.09172218e-16, 1.09564745e-18, 2.28193599e-14, 6.3640649e-16, 8.04140226e-14, 1.26424195e-15, 0.59049, 6.61577237e-18, 9.05864311e-15;4.11426012e-19, 9.91010861e-12, 3.46246132e-16, 5.44613224e-21, 3.74609992e-14, 1.45979637e-18, 2.24767124e-15, 1.85491472e-10, 6.61577237e-18, 0.59049, 8.7220884e-20;8.75058196e-24, 5.01763523e-18, 1.36625523e-18, 2.21292989e-16, 6.75874804e-23, 8.22932801e-23, 2.50120084e-14, 6.17257256e-18, 9.05864311e-15, 8.7220884e-20, 0.59049]
data_train = ['TTTCTCCCTGCCATGTGGAGAAGCGTCACCGCAATTTTAACACCGCAAATAATTGTTAGA', 'AATTTTACTGTCAGCGAGATCGCGCATGCGTACATCTCCGGTAGCTAGCGCGAGGAGCGC', 'TTCTTTACCCCGTGATATCGACACAATGCCGCTGTATCCCACAATACGATATTACGACGC', 'ACTACTACCACCTTGCCCCGACTCCATATGGTTACATAGTAAACATTCCGTACATACCAC', 'ACTCGTCTACAGATCTAATCAGAGGAACTCTATAACACGTCGACCGCCTAGTCCAAAGTG', 'ATCAATATAGTTCTACGTCGCACACGCAATGTGCACAAGGTCAGATAGATAGAACTATAG', 'ATCCTCAGGAACGAGATTCGCGACATGCTGCTTCGCAGTTAAACTAGGGTACTACCGCTC', 'TGATTTTGACAAACCTATAGAGGCTACTCGCTTCAGCTGTGGAGGTGACGCCCCTAGTTT', 'CTCGTGGACAAGCTCAGATAGCATGCTGAGGCCCGCATAAAGGCACGTCCCCCGCAGCAC', 'ACGTTCGATGTATCTTATAAGGGGCAGGCCATACGCCCGTGGTAAGGAGGCAGGATTTAC', 'ATGGAACCGCGGGCTGTAGACCGAGATTGGGGCGCGGGTAGCTCTTGGGCTCATTCCTTT']
feature_class = 'string'
kparam0_length = 5
seqlen = 60
data_test = ['GCACCTACTTAGTTCCGCACCAGCAATGCATCGTTTGGATGAGCACTCCTGAGGAAAACG', 'TTCACTAGTCGAATACTCTTCAGCAGATAAATGTCCACGGCTATACCCGCCGGTAGGCCC']
km_test = [5.0805381e-14, 1.09775558e-20;6.07299883e-13, 1.58107562e-15;5.65895974e-10, 1.0301424e-20;3.0611332e-12, 2.7010618e-19;1.21626027e-17, 1.4820053e-12;4.1772788e-17, 4.55328291e-12;3.39311861e-18, 8.20766483e-19;3.97476735e-17, 1.08349725e-17;6.74710577e-14, 1.45408025e-19;3.50021633e-17, 5.00988565e-16;3.01580684e-17, 4.3720353e-21]
alphabet = 'DNA'
kparam1_inner_degree = 7
kparam2_outer_degree = 5
accuracy = 1e-15
data_class = 'dna'
