name = 'SparseLinear'
feature_type = 'real'
data_type = 'double'
km_train = [3.16342463, 2.47616625, 2.28416987, 2.60855872, 3.14040349, 3.17886039, 1.64668477, 2.560422, 2.65078057, 2.29920439, 2.3006042;2.47616625, 3.29320315, 2.19902008, 2.56799894, 3.42622523, 2.82822065, 1.70186842, 3.00324468, 2.36925401, 1.68384551, 2.01206434;2.28416987, 2.19902008, 2.5117393, 2.66256169, 3.28506704, 3.04514722, 1.50653699, 2.21184069, 2.13775581, 2.06119008, 2.31360146;2.60855872, 2.56799894, 2.66256169, 3.67684128, 3.86268363, 3.35710358, 1.57467712, 2.79533388, 3.02199737, 2.88779899, 2.82507063;3.14040349, 3.42622523, 3.28506704, 3.86268363, 5.1619524, 3.9987724, 2.11023474, 3.55897465, 3.21668465, 2.91452164, 3.1847238;3.17886039, 2.82822065, 3.04514722, 3.35710358, 3.9987724, 4.44600901, 1.85199296, 3.02185039, 2.55082588, 2.62475313, 3.19335999;1.64668477, 1.70186842, 1.50653699, 1.57467712, 2.11023474, 1.85199296, 1.77246406, 1.74315082, 1.66635776, 1.27281314, 1.95902626;2.560422, 3.00324468, 2.21184069, 2.79533388, 3.55897465, 3.02185039, 1.74315082, 3.42064943, 2.4933001, 1.62400176, 2.36891786;2.65078057, 2.36925401, 2.13775581, 3.02199737, 3.21668465, 2.55082588, 1.66635776, 2.4933001, 3.1207973, 2.61459431, 2.24125982;2.29920439, 1.68384551, 2.06119008, 2.88779899, 2.91452164, 2.62475313, 1.27281314, 1.62400176, 2.61459431, 2.9322888, 2.31687673;2.3006042, 2.01206434, 2.31360146, 2.82507063, 3.1847238, 3.19335999, 1.95902626, 2.36891786, 2.24125982, 2.31687673, 3.56078834]
data_train = [0.101891754, 0.0159202673, 0.616182965, 0.960829417, 0.902868023, 0.696754815, 0.0966405842, 0.274164038, 0.320056727, 0.763150058, 0.802249179;0.385106123, 0.417883997, 0.0445090393, 0.289136718, 0.451285177, 0.116983046, 0.453267461, 0.853175812, 0.58132102, 0.078929855, 0.191671319;0.47454435, 0.36148715, 0.35872702, 0.529267448, 0.584395922, 0.79686157, 0.340966563, 0.805466283, 0.338611229, 0.0554329889, 0.554187651;0.587902325, 0.934540246, 0.726061326, 0.917772652, 0.90834721, 0.60457411, 0.527762065, 0.557440967, 0.978330808, 0.773167692, 0.106265905;0.778428407, 0.170538049, 0.447350549, 0.210459672, 0.689583066, 0.877309736, 0.290361885, 0.0820107412, 0.298493098, 0.672361858, 0.328760128;0.278112168, 0.184435191, 0.497516427, 0.275948828, 0.731010349, 0.076622402, 0.664033033, 0.237560015, 0.489279261, 0.286089922, 0.722768676;0.94530704, 0.917076779, 0.583426215, 0.462610303, 0.818300509, 0.683326363, 0.183564114, 0.820919214, 0.428884389, 0.18898566, 0.28179735;0.26752703, 0.519206975, 0.234370091, 0.123566487, 0.123690851, 0.583276197, 0.734759289, 0.321533009, 0.0346507098, 0.127224887, 0.91469456;0.49354366, 0.45357281, 0.0380491783, 0.728637022, 0.528068081, 0.202080936, 0.11007376, 0.383387864, 0.837161964, 0.865294559, 0.60284638;0.727536427, 0.115155787, 0.588126065, 0.666965703, 0.200712843, 0.880154733, 0.194996738, 0.31347736, 0.620556847, 0.638350065, 0.699384741;0.112011713, 0.84946443, 0.532847132, 0.471321794, 0.981097625, 0.740378297, 0.118006027, 0.756539167, 0.095248934, 0.0274705625, 0.403625895]
feature_class = 'simple'
data_test = [0.993578173, 0.174883936, 0.672644344, 0.173396066, 0.724786975, 0.505353668, 0.67997171, 0.202873176, 0.745628333, 0.99561906, 0.665650501, 0.493479998, 0.923173989, 0.0158518422, 0.729923519, 0.888746517, 0.0616745836;0.45006417, 0.204719454, 0.566518166, 0.649542959, 0.302623183, 0.45998167, 0.279339485, 0.369391164, 0.159539957, 0.885559444, 0.0100104106, 0.882409186, 0.571678878, 0.331657844, 0.723057125, 0.507752152, 0.499108658;0.110142283, 0.389516026, 0.241064346, 0.0156959056, 0.360099631, 0.0898221294, 0.256830038, 0.0925166212, 0.100941626, 0.199011294, 0.999849244, 0.00218414286, 0.638672636, 0.141243698, 0.920628137, 0.0936328933, 0.955063187;0.610926387, 0.00126807692, 0.894007198, 0.521711801, 0.262669735, 0.767279178, 0.926665554, 0.483690823, 0.315553474, 0.788945124, 0.681785498, 0.888752484, 0.692514013, 0.243528339, 0.93165925, 0.104835747, 0.26794275;0.520194608, 0.565742026, 0.0153105866, 0.780572726, 0.361607318, 0.406418541, 0.809369544, 0.379283392, 0.0472248765, 0.17643977, 0.955903172, 0.0704053624, 0.354931201, 0.503179167, 0.493280827, 0.00395994301, 0.501162731;0.383772458, 0.972079335, 0.159159084, 0.354154197, 0.419481485, 0.390693537, 0.665830828, 0.215512858, 0.221071553, 0.729210949, 0.500290519, 0.415155676, 0.169203052, 0.187527223, 0.0105516368, 0.0914262689, 0.556838695;0.89187313, 0.287164765, 0.327747226, 0.115605611, 0.388630946, 0.0372217046, 0.917600696, 0.673111348, 0.990748809, 0.882823163, 0.472990594, 0.519685031, 0.190576047, 0.462039343, 0.903027873, 0.0508534236, 0.863556803;0.340947802, 0.899512765, 0.940879906, 0.670864887, 0.664423787, 0.452754338, 0.835540225, 0.961612758, 0.7750818, 0.621936734, 0.606792896, 0.849469902, 0.541203766, 0.803859886, 0.508885255, 0.062444275, 0.383947009;0.444440958, 0.141617245, 0.102496329, 0.53546495, 0.0851436366, 0.302945168, 0.744596976, 0.96443218, 0.717870581, 0.992625548, 0.698337971, 0.293794471, 0.672052541, 0.702156765, 0.371726985, 0.0177138506, 0.703199785;0.0217000953, 0.631188078, 0.163616489, 0.565603528, 0.503913025, 0.0135136423, 0.362865817, 0.601091167, 0.848606552, 0.888642114, 0.48384997, 0.728422487, 0.316454577, 0.342186406, 0.194463519, 0.56194811, 0.314564151;0.0843708964, 0.685006087, 0.707753208, 0.359992419, 0.0767233995, 0.426297717, 0.442335458, 0.668670885, 0.315416391, 0.68259928, 0.871488542, 0.237486042, 0.978919556, 0.386368137, 0.267258685, 0.421511183, 0.0943974759]
km_test = [2.37655424, 2.11092101, 1.79330602, 2.29294232, 1.87620556, 1.51077592, 3.4307168, 2.7281322, 2.62001311, 3.55469677, 3.23396504, 2.50397782, 2.34428537, 2.07397762, 3.06900684, 0.950241933, 2.85975369;2.244831, 1.9552819, 2.65766338, 2.03400707, 1.51588099, 1.86145161, 3.37782667, 2.93873728, 2.46103747, 3.62466905, 3.13024175, 2.63305859, 2.85197638, 2.06507466, 3.11370039, 0.885551287, 2.42002505;2.21386128, 2.11420189, 2.15028269, 1.81508583, 1.87337124, 1.67181929, 3.09831896, 2.16731615, 2.31713447, 3.32378582, 3.13450099, 2.29587897, 2.54049545, 1.46221616, 2.63160263, 1.32726905, 1.95446568;2.75195164, 1.91287921, 2.59059175, 2.17698521, 2.10359353, 2.06746819, 3.59535772, 2.78290839, 2.96835124, 4.40336374, 3.67270372, 2.83270728, 3.46446515, 1.8020536, 3.36658222, 1.79019402, 2.42770305;3.45255528, 2.79957109, 3.10873506, 2.6569646, 2.41757265, 2.64654635, 4.53089353, 3.21809758, 3.05046089, 4.95779539, 4.61701347, 3.06904558, 4.06393114, 2.24785288, 4.0169104, 1.83609714, 3.11631988;2.66751207, 2.83998757, 2.75463367, 2.5795135, 2.50617281, 2.00611193, 3.94414684, 3.13983395, 3.12235747, 4.09765648, 4.44020379, 2.80661054, 3.54706743, 2.27916263, 3.68163482, 1.70854003, 2.8096415;1.54321978, 1.98607876, 1.86412832, 1.77954192, 1.52838622, 1.49612661, 2.43337746, 1.8594843, 1.53891796, 2.49941915, 2.18609878, 2.13552753, 1.83084184, 1.46423976, 2.00415987, 0.681635519, 1.80503143;2.3022965, 2.10973514, 2.59695227, 2.01887869, 1.80400141, 1.77622455, 3.1285241, 2.72304285, 2.49654411, 3.91653193, 3.23579798, 2.71013005, 3.13852424, 1.92917639, 3.43145809, 1.3964295, 2.80673758;2.34555906, 1.68242394, 2.01123841, 2.26146328, 1.68098073, 1.85693449, 3.25409066, 2.5689569, 2.40594443, 3.9297773, 2.94632024, 2.73820163, 2.66302268, 1.78888182, 2.89181009, 1.18747306, 2.49401511;2.34444984, 1.54366661, 1.71267159, 2.15545927, 1.71862856, 1.75232522, 3.17414732, 2.36589574, 2.3835778, 3.46887014, 2.98084298, 2.23165114, 2.5228197, 1.65257166, 2.40868897, 1.23656987, 1.86675448;2.33807096, 2.99112563, 2.41174371, 2.35023067, 2.44099485, 1.82966039, 3.4912232, 2.95764142, 3.03527325, 4.06073326, 3.6378089, 2.68975635, 3.08703222, 2.16545327, 2.69108872, 1.58600755, 2.54669483]
kparam0_scale = 1.0
accuracy = 1e-08
data_class = 'rand'
