name = 'SparseLinear'
feature_type = 'real'
data_type = 'double'
km_train = [4.13010002, 2.9197204, 3.97973499, 1.69111492, 2.45489553, 2.12091452, 2.6040789, 1.79754078, 3.35365599, 2.58076935, 3.080053;2.9197204, 3.21584474, 2.92485353, 1.82788038, 1.77363212, 1.88577403, 1.98853878, 0.993798291, 2.75125926, 2.43587972, 2.6772384;3.97973499, 2.92485353, 5.18594566, 1.56638641, 3.17681717, 2.73555055, 2.79482647, 1.89385364, 3.6012213, 3.51401085, 3.78289977;1.69111492, 1.82788038, 1.56638641, 1.52332243, 1.20531879, 1.15812479, 1.46307116, 0.842115638, 1.41913108, 1.39509838, 1.47566124;2.45489553, 1.77363212, 3.17681717, 1.20531879, 2.70958372, 2.05345024, 2.31867386, 1.22400736, 2.37195082, 2.15531251, 2.90635532;2.12091452, 1.88577403, 2.73555055, 1.15812479, 2.05345024, 3.35509, 2.46726119, 1.13217095, 2.25730981, 2.02978265, 2.61837386;2.6040789, 1.98853878, 2.79482647, 1.46307116, 2.31867386, 2.46726119, 3.51384232, 1.78605717, 2.73353807, 2.06023364, 2.62327399;1.79754078, 0.993798291, 1.89385364, 0.842115638, 1.22400736, 1.13217095, 1.78605717, 1.35160113, 1.33096445, 1.15338698, 1.32919447;3.35365599, 2.75125926, 3.6012213, 1.41913108, 2.37195082, 2.25730981, 2.73353807, 1.33096445, 4.49823135, 2.71352796, 2.92201703;2.58076935, 2.43587972, 3.51401085, 1.39509838, 2.15531251, 2.02978265, 2.06023364, 1.15338698, 2.71352796, 2.75245906, 2.61385003;3.080053, 2.6772384, 3.78289977, 1.47566124, 2.90635532, 2.61837386, 2.62327399, 1.32919447, 2.92201703, 2.61385003, 3.69204966]
data_train = [0.563737101, 0.204979233, 0.741995391, 0.0522791033, 0.852542645, 0.198196386, 0.874398032, 0.352529241, 0.722683574, 0.319225298, 0.905911671;0.126637126, 0.178519789, 0.493030125, 0.081938439, 0.195980185, 0.943766382, 0.976489661, 0.376259329, 0.923286021, 0.544824676, 0.269742466;0.702398721, 0.658901807, 0.989125319, 0.265047287, 0.672059503, 0.052023755, 0.113646039, 0.00391837495, 0.999460681, 0.802273697, 0.786723015;0.509726075, 0.300067083, 0.151264284, 0.284674739, 0.375971222, 0.756310097, 0.539661789, 0.0774836266, 0.018029009, 0.10233218, 0.410498714;0.933192917, 0.637402481, 0.8018259, 0.466374595, 0.361666083, 0.108400373, 0.875933022, 0.783160029, 0.168118098, 0.512260564, 0.487374808;0.625091553, 0.946186894, 0.579771442, 0.540217267, 0.0503229329, 0.062907476, 0.187346791, 0.0324707717, 0.743352896, 0.723330304, 0.136056234;0.836078901, 0.154786035, 0.301175587, 0.248976899, 0.372307099, 0.254663766, 0.488950926, 0.407407881, 0.986569491, 0.0559263501, 0.142181376;0.0528258939, 0.625841195, 0.0545092774, 0.836439737, 0.511938631, 0.527007625, 0.561594508, 0.170813706, 0.197690303, 0.318817323, 0.593496416;0.210117776, 0.116331727, 0.970116886, 0.0219818148, 0.802697405, 0.78803515, 0.297214114, 0.135626616, 0.145628647, 0.697431617, 0.642806591;0.782745674, 0.937481172, 0.691927363, 0.155851537, 0.243442617, 0.842193731, 0.209306076, 0.072522317, 0.703280054, 0.402526355, 0.920040053;0.650255071, 0.0904189778, 0.947856567, 0.258557264, 0.33721249, 0.402260414, 0.0512242964, 0.496515422, 0.123318491, 0.400970327, 0.350709788]
feature_class = 'simple'
data_test = [0.772840083, 0.803170512, 0.153412882, 0.366551187, 0.373353161, 0.151410444, 0.798453505, 0.707228328, 0.190381786, 0.366721909, 0.105805025, 0.628206597, 0.121371925, 0.985934169, 0.780682075, 0.39023855, 0.578563932;0.911341816, 0.55409928, 0.174498486, 0.378703356, 0.843144865, 0.644213016, 0.650724384, 0.866821486, 0.893973057, 0.919792572, 0.0948491933, 0.544126002, 0.740509521, 0.756926845, 0.606716202, 0.166787335, 0.797420554;0.720111334, 0.0861357715, 0.463809825, 0.1739774, 0.337477046, 0.0180810922, 0.400329868, 0.549876921, 0.619582593, 0.663490345, 0.836291313, 0.215462907, 0.120481822, 0.851537172, 0.156612815, 0.974760081, 0.842538229;0.500876606, 0.981421425, 0.0973767291, 0.303065761, 0.638224415, 0.350006868, 0.928372552, 0.0656260882, 0.549411832, 0.590866267, 0.652728124, 0.255666223, 0.364566428, 0.84368053, 0.194942769, 0.826867847, 0.562655423;0.762187511, 0.713607366, 0.207511495, 0.568812736, 0.867723153, 0.432116237, 0.96659077, 0.4522151, 0.142785637, 0.38943468, 0.951702406, 0.319720849, 0.86809816, 0.881250682, 0.350186524, 0.0832576581, 0.724557909;0.311512299, 0.782923614, 0.442654848, 0.485266742, 0.777909407, 0.382363331, 0.443127345, 0.376190469, 0.367340515, 0.525946577, 0.808799445, 0.361768312, 0.524254721, 0.670727325, 0.269439446, 0.277522805, 0.933413127;0.723534573, 0.577186676, 0.647720054, 0.0292994431, 0.618102966, 0.509508873, 0.54574968, 0.359423827, 0.0814738977, 0.193339234, 0.950744713, 0.408699562, 0.466683156, 0.0527097899, 0.0375662295, 0.717181447, 0.538094664;0.508705984, 0.24312453, 0.744750732, 0.168236579, 0.189934744, 0.460712171, 0.286279862, 0.247462981, 0.645237645, 0.650971745, 0.82451707, 0.417708567, 0.073085091, 0.273666385, 0.980005463, 0.596258575, 0.709737085;0.00735782963, 0.518205732, 0.0375286575, 0.569230212, 0.92077085, 0.968419131, 0.540552675, 0.458204805, 0.945017094, 0.673609832, 0.0648992795, 0.465725578, 0.240245018, 0.469804321, 0.455465572, 0.582144803, 0.35677049;0.164270449, 0.503719435, 0.830202884, 0.664012228, 0.338367866, 0.935523023, 0.912207571, 0.209348399, 0.0394175851, 0.741308708, 0.827610261, 0.967864566, 0.889836394, 0.600534768, 0.530052339, 0.0278410513, 0.246656447;0.459614752, 0.6285039, 0.557251833, 0.74263599, 0.279766931, 0.564952608, 0.0881422434, 0.413665524, 0.750160833, 0.693400853, 0.990642737, 0.277891126, 0.498189299, 0.329530414, 0.440603114, 0.85695013, 0.684209075]
km_test = [3.27899483, 3.64630975, 2.55531165, 2.52107139, 3.34268973, 2.75375375, 3.82227541, 2.42801498, 2.11806559, 3.15132782, 4.52954454, 2.62913013, 3.03545358, 3.76305544, 2.1018002, 2.93089814, 3.76568549;2.35323353, 2.64128313, 2.34793032, 2.0357226, 2.59422594, 2.30817215, 3.04724507, 1.82338202, 1.8414502, 2.87306934, 3.69357982, 2.30202409, 2.42039972, 3.17467679, 2.11705325, 1.9712895, 3.19202878;3.40464565, 3.76297118, 2.47110243, 3.14762772, 3.85891334, 3.3698081, 3.90072991, 3.189856, 3.32023744, 4.00580076, 4.1890984, 2.98305377, 3.0949972, 4.38455159, 2.7907659, 3.33345724, 4.22912298;1.72252257, 1.74483017, 1.56737982, 1.16603863, 1.64273588, 1.398596, 1.70780677, 1.13268273, 1.44972492, 1.80660787, 2.61447351, 1.23593589, 1.34090647, 1.78392158, 1.53201696, 1.63256772, 2.27205066;2.53177818, 2.60757484, 1.65319412, 1.81375618, 2.54644405, 2.19575726, 2.83365146, 2.16828676, 2.41237306, 2.68850696, 2.66483436, 2.08614275, 1.59560941, 3.02500114, 2.26212875, 2.71073219, 2.87715481;2.31314724, 2.91600579, 1.8535745, 2.16316257, 2.89359499, 3.12539532, 3.1475419, 2.03491466, 2.80823746, 3.32383354, 2.62499642, 2.5181628, 2.42850004, 2.89607015, 2.44642553, 2.26110293, 2.74906348;3.343386, 3.26493567, 1.6229133, 1.91780421, 3.2060737, 2.42297599, 3.59350567, 2.54524374, 2.32997318, 2.90375424, 2.78875171, 2.3805778, 2.45067652, 3.51255134, 2.5929164, 2.09428536, 3.34789739;1.88679547, 1.84785329, 1.03907189, 1.29186604, 1.77705107, 1.43976149, 1.82568155, 1.42050057, 1.21913395, 1.52517845, 1.98730892, 1.21817894, 1.59410314, 1.75212625, 1.30389869, 1.24292633, 1.89510189;3.47606436, 3.02249819, 2.54553215, 1.95387994, 3.17513104, 2.54785137, 3.41272861, 2.88634633, 2.35498964, 3.26886275, 3.58749893, 2.76756641, 2.63114475, 3.56190968, 2.26780082, 2.68090657, 3.80323661;2.44617426, 2.58565713, 1.81005489, 2.1536506, 2.90747321, 2.40145725, 2.74258885, 2.3183594, 2.6259957, 3.05546329, 2.9873883, 2.10333282, 2.17495778, 3.22493329, 2.12187171, 2.31650513, 3.27782552;2.85378875, 3.04534808, 2.26975075, 2.3800302, 2.82380893, 2.75869671, 3.59143522, 2.43582082, 2.54750143, 3.37827235, 3.39629302, 2.78870136, 2.30612174, 3.77434753, 2.80339222, 2.73935142, 3.307128]
kparam0_scale = 1.0
data_class = 'rand'
accuracy = 1e-08
