name = 'SparsePoly'
kparam2_inhomogene = 'True'
feature_type = 'Real'
data_type = 'double'
km_train = [1, 0.554059776, 0.487324587, 0.492353058, 0.499677384, 0.479120792, 0.472389113, 0.420743325, 0.610277863, 0.575003716, 0.371471518;0.554059776, 1, 0.741320673, 0.534842065, 0.428848312, 0.557184948, 0.440199256, 0.597849537, 0.67917333, 0.494095474, 0.318672918;0.487324587, 0.741320673, 1, 0.646243465, 0.388520374, 0.609550726, 0.434029956, 0.541122759, 0.443362651, 0.556722836, 0.444874497;0.492353058, 0.534842065, 0.646243465, 1, 0.503877107, 0.75034854, 0.529158493, 0.821390544, 0.311934633, 0.584528804, 0.490357695;0.499677384, 0.428848312, 0.388520374, 0.503877107, 1, 0.570622566, 0.418937823, 0.517938585, 0.294839145, 0.422959227, 0.663516378;0.479120792, 0.557184948, 0.609550726, 0.75034854, 0.570622566, 1, 0.428118557, 0.615026555, 0.395698884, 0.537864399, 0.656986984;0.472389113, 0.440199256, 0.434029956, 0.529158493, 0.418937823, 0.428118557, 1, 0.60248367, 0.328617682, 0.735581048, 0.401986617;0.420743325, 0.597849537, 0.541122759, 0.821390544, 0.517938585, 0.615026555, 0.60248367, 1, 0.38631905, 0.502976587, 0.470748996;0.610277863, 0.67917333, 0.443362651, 0.311934633, 0.294839145, 0.395698884, 0.328617682, 0.38631905, 1, 0.26563901, 0.320145736;0.575003716, 0.494095474, 0.556722836, 0.584528804, 0.422959227, 0.537864399, 0.735581048, 0.502976587, 0.26563901, 1, 0.44099241;0.371471518, 0.318672918, 0.444874497, 0.490357695, 0.663516378, 0.656986984, 0.401986617, 0.470748996, 0.320145736, 0.44099241, 1]
data_train = [0.929921763, 0.545083413, 0.661466205, 0.903273622, 0.0985468514, 0.232078578, 0.708900006, 0.823744462, 0.857029028, 0.415107177, 0.0893399023;0.437781477, 0.23073459, 0.291196455, 0.772267557, 0.075527086, 0.827581217, 0.427669086, 0.596063931, 0.0896522312, 0.337359078, 0.089700919;0.961543723, 0.807261649, 0.459632754, 0.223602548, 0.933455105, 0.344596596, 0.160984432, 0.563164388, 0.94377412, 0.0038302905, 0.238124843;0.93844764, 0.171085967, 0.113243452, 0.570187216, 0.861843823, 0.477109818, 0.994564257, 0.6791717, 0.0740749072, 0.992832132, 0.407894237;0.287402534, 0.557879184, 0.304307592, 0.0864575071, 0.00142834308, 0.449583353, 0.836863422, 0.572315186, 0.999207299, 0.286846646, 0.280455065;0.15974946, 0.164063588, 0.285186596, 0.792840045, 0.905756791, 0.97508717, 0.232289654, 0.881297546, 0.328255089, 0.112840545, 0.870024926;0.636105635, 0.164730896, 0.429831258, 0.287257695, 0.736794569, 0.453416231, 0.989279945, 0.0547449823, 0.355015266, 0.481900167, 0.503133555;0.315935822, 0.729240249, 0.874747073, 0.938719302, 0.805093377, 0.850580197, 0.550545301, 0.825888226, 0.303503909, 0.398478762, 0.316913014;0.467387335, 0.285579616, 0.961611442, 0.312844628, 0.0980445381, 0.526817166, 0.0570990784, 0.110543166, 0.219389389, 0.46435025, 0.433250932;0.799691862, 0.739474654, 0.426318294, 0.333704208, 0.316468784, 0.773995087, 0.0520724062, 0.0128216495, 0.795544392, 0.477146376, 0.130881139;0.235565935, 0.932503953, 0.859502976, 0.70978505, 0.48222523, 0.520323626, 0.975244535, 0.965770444, 0.215269046, 0.811104566, 0.197242666]
feature_class = 'simple'
data_test = [0.213537478, 0.676093034, 0.405001099, 0.931544407, 0.0890097349, 0.511525641, 0.91852153, 0.90411366, 0.156529213, 0.3666377, 0.6191214, 0.159394885, 0.968022172, 0.914749329, 0.166950179, 0.121155461, 0.0854084828;0.909443664, 0.19362381, 0.416284929, 0.448851366, 0.599011044, 0.0717353437, 0.226758617, 0.931490387, 0.908410107, 0.781290647, 0.0194012456, 0.327006768, 0.627958735, 0.275190212, 0.909586695, 0.633889462, 0.0719067173;0.909005589, 0.957766658, 0.0777124184, 0.532360235, 0.303364282, 0.392839076, 0.179651218, 0.578072102, 0.957979353, 0.5030726, 0.0829145814, 0.620001333, 0.340222994, 0.85592519, 0.434678148, 0.192839609, 0.191105623;0.768764181, 0.265587598, 0.767233394, 0.205887311, 0.321686369, 0.465486972, 0.94319585, 0.931731425, 0.206871875, 0.358219041, 0.149399388, 0.509985079, 0.460582551, 0.900760162, 0.930005378, 0.383567391, 0.491737943;0.896236249, 0.806707808, 0.00365631134, 0.320059564, 0.421774242, 0.229716284, 0.199571616, 0.0377845066, 0.643369725, 0.26251029, 0.0523471784, 0.230979311, 0.801913953, 0.851489182, 0.483066245, 0.41607067, 0.977853694;0.20056466, 0.215359283, 0.291867177, 0.172757318, 0.379365598, 0.910834227, 0.615347841, 0.411946549, 0.934410795, 0.0484642325, 0.210276178, 0.565888605, 0.615552623, 0.0395575066, 0.403038758, 0.649153965, 0.698070546;0.638139903, 0.320563224, 0.0935201236, 0.427112446, 0.128754437, 0.947623659, 0.475170866, 0.317259174, 0.766304071, 0.497948593, 0.310034024, 0.811967742, 0.867152151, 0.673008166, 0.0469644224, 0.56632288, 0.763294912;0.136503012, 0.228670751, 0.882495105, 0.0201217219, 0.752727138, 0.473773293, 0.446772159, 0.00709653249, 0.819398231, 0.359824901, 0.540765631, 0.677300686, 0.702629576, 0.955980059, 0.531339953, 0.399719551, 0.953703626;0.642110235, 0.298150356, 0.126464245, 0.842554501, 0.362181603, 0.660469721, 0.470816419, 0.19892978, 0.601686609, 0.060683069, 0.41334246, 0.54661494, 0.436046974, 0.748672175, 0.827924955, 0.771243074, 0.0388129478;0.19412877, 0.536607509, 0.93482204, 0.834956775, 0.842534508, 0.303208194, 0.429447897, 0.470705947, 0.157371583, 0.0310681302, 0.946902899, 0.240712586, 0.239948904, 0.0833790538, 0.928507752, 0.579737115, 0.667036857;0.911576887, 0.345620169, 0.621507311, 0.0387994547, 0.186772528, 0.831245805, 0.766768356, 0.350642691, 0.376810628, 0.533554434, 0.000241004685, 0.241244336, 0.208231809, 0.250482947, 0.805905843, 0.279673857, 0.191521322]
km_test = [0.551820559, 0.722147809, 0.488403899, 0.727223379, 0.481824319, 0.489182921, 0.65741857, 0.758225503, 0.42543181, 0.538208995, 0.512239365, 0.600444378, 0.603871248, 0.688886722, 0.546320021, 0.499503341, 0.344796711;0.526718236, 0.749789066, 0.571327972, 0.446102633, 0.605811942, 0.490837617, 0.516863267, 0.367377084, 0.473968226, 0.531483838, 0.454440789, 0.478655422, 0.465925934, 0.519957588, 0.578231473, 0.437848336, 0.437376408;0.483297415, 0.526101231, 0.491774547, 0.528137782, 0.537121764, 0.68598036, 0.617276099, 0.33212314, 0.547630714, 0.488559088, 0.505460355, 0.619172434, 0.581048637, 0.597696433, 0.562500824, 0.607685867, 0.364481982;0.392931831, 0.376114751, 0.685087248, 0.373428108, 0.559276184, 0.611881626, 0.776578029, 0.614461392, 0.542851759, 0.587581441, 0.421467169, 0.566423477, 0.676372058, 0.4746138, 0.566548405, 0.564368745, 0.38942534;0.385945923, 0.387855614, 0.45043301, 0.200920563, 0.417960809, 0.662177679, 0.534017736, 0.381928232, 0.58098107, 0.428105303, 0.269845073, 0.790396589, 0.426953975, 0.436396384, 0.37845175, 0.453375218, 0.516606151;0.50927708, 0.442610667, 0.645214333, 0.419665036, 0.83719279, 0.637499873, 0.592443236, 0.478959465, 0.75693679, 0.504877313, 0.460318894, 0.719343923, 0.647895291, 0.420544973, 0.751880812, 0.866868017, 0.63220117;0.609837714, 0.432014713, 0.400112492, 0.24105758, 0.299065837, 0.579245109, 0.684984388, 0.444629458, 0.39139985, 0.639038994, 0.199130036, 0.502078942, 0.668899173, 0.600682039, 0.397607374, 0.407461599, 0.494724067;0.508622139, 0.485755553, 0.495998817, 0.245119798, 0.432023277, 0.551493272, 0.686804923, 0.518497238, 0.554347458, 0.58528603, 0.214307266, 0.485691298, 0.608043509, 0.512581226, 0.504810004, 0.418209497, 0.397161573;0.413826785, 0.936360682, 0.267883504, 0.620058542, 0.457015106, 0.368582161, 0.37269983, 0.350348785, 0.422960523, 0.358033217, 0.463113476, 0.400012784, 0.567954122, 0.531261692, 0.327353239, 0.380613828, 0.46586644;0.569021012, 0.381831979, 0.692034376, 0.381239644, 0.477295979, 0.593411536, 0.824361358, 0.550262134, 0.310344043, 0.543525448, 0.394283402, 0.524668998, 0.497415985, 0.515087122, 0.702472546, 0.572965399, 0.4024104;0.397376294, 0.385791215, 0.331937851, 0.323591288, 0.468207662, 0.773913408, 0.563695691, 0.339175129, 0.631586375, 0.369237338, 0.349298903, 0.786161021, 0.568089862, 0.393217254, 0.399783573, 0.732283458, 0.586813292]
