name = 'SparseGaussian'
feature_type = 'real'
data_type = 'double'
km_train = [1, 0.314380819, 0.426815591, 0.286913145, 0.207474634, 0.381800884, 0.282669681, 0.324470198, 0.469591122, 0.316075927, 0.195326954;0.314380819, 1, 0.338838211, 0.243946816, 0.291460708, 0.201466646, 0.278480292, 0.580349042, 0.27559019, 0.110990749, 0.113401852;0.426815591, 0.338838211, 1, 0.514686225, 0.427889425, 0.513106318, 0.376140763, 0.313315655, 0.352091089, 0.361804139, 0.328970156;0.286913145, 0.243946816, 0.514686225, 1, 0.424653449, 0.338384777, 0.170470477, 0.313770147, 0.560051782, 0.526671357, 0.294892355;0.207474634, 0.291460708, 0.427889425, 0.424653449, 1, 0.2897369, 0.123977953, 0.324115357, 0.241086301, 0.175089162, 0.163617237;0.381800884, 0.201466646, 0.513106318, 0.338384777, 0.2897369, 1, 0.144536836, 0.246036566, 0.150127143, 0.194459383, 0.287591744;0.282669681, 0.278480292, 0.376140763, 0.170470477, 0.123977953, 0.144536836, 1, 0.269030053, 0.301067776, 0.189974277, 0.33668238;0.324470198, 0.580349042, 0.313315655, 0.313770147, 0.324115357, 0.246036566, 0.269030053, 1, 0.302390578, 0.0917753698, 0.178022075;0.469591122, 0.27559019, 0.352091089, 0.560051782, 0.241086301, 0.150127143, 0.301067776, 0.302390578, 1, 0.530589144, 0.184226514;0.316075927, 0.110990749, 0.361804139, 0.526671357, 0.175089162, 0.194459383, 0.189974277, 0.0917753698, 0.530589144, 1, 0.239249346;0.195326954, 0.113401852, 0.328970156, 0.294892355, 0.163617237, 0.287591744, 0.33668238, 0.178022075, 0.184226514, 0.239249346, 1]
data_train = [0.101891754, 0.0159202673, 0.616182965, 0.960829417, 0.902868023, 0.696754815, 0.0966405842, 0.274164038, 0.320056727, 0.763150058, 0.802249179;0.385106123, 0.417883997, 0.0445090393, 0.289136718, 0.451285177, 0.116983046, 0.453267461, 0.853175812, 0.58132102, 0.078929855, 0.191671319;0.47454435, 0.36148715, 0.35872702, 0.529267448, 0.584395922, 0.79686157, 0.340966563, 0.805466283, 0.338611229, 0.0554329889, 0.554187651;0.587902325, 0.934540246, 0.726061326, 0.917772652, 0.90834721, 0.60457411, 0.527762065, 0.557440967, 0.978330808, 0.773167692, 0.106265905;0.778428407, 0.170538049, 0.447350549, 0.210459672, 0.689583066, 0.877309736, 0.290361885, 0.0820107412, 0.298493098, 0.672361858, 0.328760128;0.278112168, 0.184435191, 0.497516427, 0.275948828, 0.731010349, 0.076622402, 0.664033033, 0.237560015, 0.489279261, 0.286089922, 0.722768676;0.94530704, 0.917076779, 0.583426215, 0.462610303, 0.818300509, 0.683326363, 0.183564114, 0.820919214, 0.428884389, 0.18898566, 0.28179735;0.26752703, 0.519206975, 0.234370091, 0.123566487, 0.123690851, 0.583276197, 0.734759289, 0.321533009, 0.0346507098, 0.127224887, 0.91469456;0.49354366, 0.45357281, 0.0380491783, 0.728637022, 0.528068081, 0.202080936, 0.11007376, 0.383387864, 0.837161964, 0.865294559, 0.60284638;0.727536427, 0.115155787, 0.588126065, 0.666965703, 0.200712843, 0.880154733, 0.194996738, 0.31347736, 0.620556847, 0.638350065, 0.699384741;0.112011713, 0.84946443, 0.532847132, 0.471321794, 0.981097625, 0.740378297, 0.118006027, 0.756539167, 0.095248934, 0.0274705625, 0.403625895]
feature_class = 'simple'
data_test = [0.993578173, 0.174883936, 0.672644344, 0.173396066, 0.724786975, 0.505353668, 0.67997171, 0.202873176, 0.745628333, 0.99561906, 0.665650501, 0.493479998, 0.923173989, 0.0158518422, 0.729923519, 0.888746517, 0.0616745836;0.45006417, 0.204719454, 0.566518166, 0.649542959, 0.302623183, 0.45998167, 0.279339485, 0.369391164, 0.159539957, 0.885559444, 0.0100104106, 0.882409186, 0.571678878, 0.331657844, 0.723057125, 0.507752152, 0.499108658;0.110142283, 0.389516026, 0.241064346, 0.0156959056, 0.360099631, 0.0898221294, 0.256830038, 0.0925166212, 0.100941626, 0.199011294, 0.999849244, 0.00218414286, 0.638672636, 0.141243698, 0.920628137, 0.0936328933, 0.955063187;0.610926387, 0.00126807692, 0.894007198, 0.521711801, 0.262669735, 0.767279178, 0.926665554, 0.483690823, 0.315553474, 0.788945124, 0.681785498, 0.888752484, 0.692514013, 0.243528339, 0.93165925, 0.104835747, 0.26794275;0.520194608, 0.565742026, 0.0153105866, 0.780572726, 0.361607318, 0.406418541, 0.809369544, 0.379283392, 0.0472248765, 0.17643977, 0.955903172, 0.0704053624, 0.354931201, 0.503179167, 0.493280827, 0.00395994301, 0.501162731;0.383772458, 0.972079335, 0.159159084, 0.354154197, 0.419481485, 0.390693537, 0.665830828, 0.215512858, 0.221071553, 0.729210949, 0.500290519, 0.415155676, 0.169203052, 0.187527223, 0.0105516368, 0.0914262689, 0.556838695;0.89187313, 0.287164765, 0.327747226, 0.115605611, 0.388630946, 0.0372217046, 0.917600696, 0.673111348, 0.990748809, 0.882823163, 0.472990594, 0.519685031, 0.190576047, 0.462039343, 0.903027873, 0.0508534236, 0.863556803;0.340947802, 0.899512765, 0.940879906, 0.670864887, 0.664423787, 0.452754338, 0.835540225, 0.961612758, 0.7750818, 0.621936734, 0.606792896, 0.849469902, 0.541203766, 0.803859886, 0.508885255, 0.062444275, 0.383947009;0.444440958, 0.141617245, 0.102496329, 0.53546495, 0.0851436366, 0.302945168, 0.744596976, 0.96443218, 0.717870581, 0.992625548, 0.698337971, 0.293794471, 0.672052541, 0.702156765, 0.371726985, 0.0177138506, 0.703199785;0.0217000953, 0.631188078, 0.163616489, 0.565603528, 0.503913025, 0.0135136423, 0.362865817, 0.601091167, 0.848606552, 0.888642114, 0.48384997, 0.728422487, 0.316454577, 0.342186406, 0.194463519, 0.56194811, 0.314564151;0.0843708964, 0.685006087, 0.707753208, 0.359992419, 0.0767233995, 0.426297717, 0.442335458, 0.668670885, 0.315416391, 0.68259928, 0.871488542, 0.237486042, 0.978919556, 0.386368137, 0.267258685, 0.421511183, 0.0943974759]
km_test = [0.310577634, 0.182672609, 0.119295566, 0.386351577, 0.342518259, 0.21413369, 0.371479806, 0.331867795, 0.295918443, 0.150545424, 0.242747499, 0.248535558, 0.14224043, 0.424990095, 0.350789106, 0.112606553, 0.567050068;0.229511497, 0.130115319, 0.408117487, 0.234758244, 0.178065212, 0.332377696, 0.309914187, 0.415264168, 0.209699669, 0.151727311, 0.187282446, 0.274332837, 0.281111746, 0.379380393, 0.340057556, 0.0922540524, 0.260893528;0.399188385, 0.303092928, 0.341072633, 0.305784425, 0.562989449, 0.452893036, 0.36775231, 0.231189836, 0.3065599, 0.174219093, 0.34388132, 0.297891782, 0.317563205, 0.2737433, 0.295465494, 0.332034224, 0.232523953;0.372796419, 0.0907474134, 0.274036613, 0.217764968, 0.327411155, 0.339717469, 0.322419133, 0.243245658, 0.340717208, 0.374267384, 0.321201454, 0.277657319, 0.536966884, 0.188441071, 0.373552142, 0.276220101, 0.196530658;0.349495631, 0.113276094, 0.194029866, 0.145394829, 0.169333198, 0.264174694, 0.43387004, 0.151593187, 0.123344615, 0.280212734, 0.438105419, 0.127433148, 0.430866635, 0.11937111, 0.324137989, 0.0945780122, 0.180880352;0.181174013, 0.209083361, 0.195188628, 0.223860516, 0.336602255, 0.171066533, 0.305143915, 0.233112373, 0.238965217, 0.129409801, 0.578923508, 0.147609663, 0.337427059, 0.217268029, 0.335655866, 0.134815747, 0.195732428;0.251225402, 0.439483513, 0.387816085, 0.511256126, 0.584752084, 0.610350146, 0.233479896, 0.254251764, 0.163502823, 0.0865507115, 0.141159369, 0.411047591, 0.188213196, 0.48491678, 0.198726351, 0.217158814, 0.32628383;0.227312564, 0.149606108, 0.337011745, 0.207939298, 0.251483261, 0.264308721, 0.191467379, 0.270167379, 0.200791359, 0.21552332, 0.199732004, 0.280024749, 0.396057546, 0.279060758, 0.502671704, 0.183548163, 0.428812237;0.305985973, 0.0976372947, 0.172375463, 0.380356413, 0.26211133, 0.376885883, 0.292525617, 0.268443877, 0.21998024, 0.277023432, 0.161141295, 0.368234703, 0.240008453, 0.283226575, 0.275990121, 0.167613567, 0.333807047;0.353131076, 0.0911761417, 0.12588238, 0.37354265, 0.321081701, 0.37092936, 0.299037512, 0.227067337, 0.245705596, 0.157593777, 0.196448448, 0.19527691, 0.223627963, 0.265481669, 0.151730869, 0.208972198, 0.147017747;0.215630107, 0.521230367, 0.227552815, 0.310821665, 0.601584605, 0.257630823, 0.300340518, 0.347986402, 0.412931312, 0.241560063, 0.332837926, 0.243650462, 0.328501652, 0.360370711, 0.144475266, 0.220596773, 0.258050217]
