name = 'SparseGaussian'
feature_type = 'Real'
data_type = 'double'
km_train = [1, 0.251925283, 0.188357985, 0.182766111, 0.191673475, 0.166836576, 0.151381717, 0.121350238, 0.303491549, 0.278171142, 0.134844439;0.251925283, 1, 0.511225813, 0.247930816, 0.16706723, 0.258496084, 0.148164498, 0.286572733, 0.426954591, 0.260113947, 0.157810891;0.188357985, 0.511225813, 1, 0.35786215, 0.132821272, 0.30565438, 0.13925382, 0.227092941, 0.179382209, 0.30212211, 0.220060714;0.182766111, 0.247930816, 0.35786215, 1, 0.205006805, 0.480482859, 0.2024288, 0.59057878, 0.0882066957, 0.305751742, 0.223111658;0.191673475, 0.16706723, 0.132821272, 0.205006805, 1, 0.258078195, 0.124780005, 0.201019035, 0.0828396387, 0.175956796, 0.37074545;0.166836576, 0.258496084, 0.30565438, 0.480482859, 0.258078195, 1, 0.123741737, 0.286115058, 0.127842704, 0.248952188, 0.331691455;0.151381717, 0.148164498, 0.13925382, 0.2024288, 0.124780005, 0.123741737, 1, 0.260716084, 0.0819717077, 0.432375574, 0.134461932;0.121350238, 0.286572733, 0.227092941, 0.59057878, 0.201019035, 0.286115058, 0.260716084, 1, 0.115372879, 0.207086004, 0.180015434;0.303491549, 0.426954591, 0.179382209, 0.0882066957, 0.0828396387, 0.127842704, 0.0819717077, 0.115372879, 1, 0.0935780644, 0.144058123;0.278171142, 0.260113947, 0.30212211, 0.305751742, 0.175956796, 0.248952188, 0.432375574, 0.207086004, 0.0935780644, 1, 0.282636612;0.134844439, 0.157810891, 0.220060714, 0.223111658, 0.37074545, 0.331691455, 0.134461932, 0.180015434, 0.144058123, 0.282636612, 1]
data_train = [0.929921763, 0.545083413, 0.661466205, 0.903273622, 0.0985468514, 0.232078578, 0.708900006, 0.823744462, 0.857029028, 0.415107177, 0.0893399023;0.437781477, 0.23073459, 0.291196455, 0.772267557, 0.075527086, 0.827581217, 0.427669086, 0.596063931, 0.0896522312, 0.337359078, 0.089700919;0.961543723, 0.807261649, 0.459632754, 0.223602548, 0.933455105, 0.344596596, 0.160984432, 0.563164388, 0.94377412, 0.0038302905, 0.238124843;0.93844764, 0.171085967, 0.113243452, 0.570187216, 0.861843823, 0.477109818, 0.994564257, 0.6791717, 0.0740749072, 0.992832132, 0.407894237;0.287402534, 0.557879184, 0.304307592, 0.0864575071, 0.00142834308, 0.449583353, 0.836863422, 0.572315186, 0.999207299, 0.286846646, 0.280455065;0.15974946, 0.164063588, 0.285186596, 0.792840045, 0.905756791, 0.97508717, 0.232289654, 0.881297546, 0.328255089, 0.112840545, 0.870024926;0.636105635, 0.164730896, 0.429831258, 0.287257695, 0.736794569, 0.453416231, 0.989279945, 0.0547449823, 0.355015266, 0.481900167, 0.503133555;0.315935822, 0.729240249, 0.874747073, 0.938719302, 0.805093377, 0.850580197, 0.550545301, 0.825888226, 0.303503909, 0.398478762, 0.316913014;0.467387335, 0.285579616, 0.961611442, 0.312844628, 0.0980445381, 0.526817166, 0.0570990784, 0.110543166, 0.219389389, 0.46435025, 0.433250932;0.799691862, 0.739474654, 0.426318294, 0.333704208, 0.316468784, 0.773995087, 0.0520724062, 0.0128216495, 0.795544392, 0.477146376, 0.130881139;0.235565935, 0.932503953, 0.859502976, 0.70978505, 0.48222523, 0.520323626, 0.975244535, 0.965770444, 0.215269046, 0.811104566, 0.197242666]
feature_class = 'simple'
data_test = [0.213537478, 0.676093034, 0.405001099, 0.931544407, 0.0890097349, 0.511525641, 0.91852153, 0.90411366, 0.156529213, 0.3666377, 0.6191214, 0.159394885, 0.968022172, 0.914749329, 0.166950179, 0.121155461, 0.0854084828;0.909443664, 0.19362381, 0.416284929, 0.448851366, 0.599011044, 0.0717353437, 0.226758617, 0.931490387, 0.908410107, 0.781290647, 0.0194012456, 0.327006768, 0.627958735, 0.275190212, 0.909586695, 0.633889462, 0.0719067173;0.909005589, 0.957766658, 0.0777124184, 0.532360235, 0.303364282, 0.392839076, 0.179651218, 0.578072102, 0.957979353, 0.5030726, 0.0829145814, 0.620001333, 0.340222994, 0.85592519, 0.434678148, 0.192839609, 0.191105623;0.768764181, 0.265587598, 0.767233394, 0.205887311, 0.321686369, 0.465486972, 0.94319585, 0.931731425, 0.206871875, 0.358219041, 0.149399388, 0.509985079, 0.460582551, 0.900760162, 0.930005378, 0.383567391, 0.491737943;0.896236249, 0.806707808, 0.00365631134, 0.320059564, 0.421774242, 0.229716284, 0.199571616, 0.0377845066, 0.643369725, 0.26251029, 0.0523471784, 0.230979311, 0.801913953, 0.851489182, 0.483066245, 0.41607067, 0.977853694;0.20056466, 0.215359283, 0.291867177, 0.172757318, 0.379365598, 0.910834227, 0.615347841, 0.411946549, 0.934410795, 0.0484642325, 0.210276178, 0.565888605, 0.615552623, 0.0395575066, 0.403038758, 0.649153965, 0.698070546;0.638139903, 0.320563224, 0.0935201236, 0.427112446, 0.128754437, 0.947623659, 0.475170866, 0.317259174, 0.766304071, 0.497948593, 0.310034024, 0.811967742, 0.867152151, 0.673008166, 0.0469644224, 0.56632288, 0.763294912;0.136503012, 0.228670751, 0.882495105, 0.0201217219, 0.752727138, 0.473773293, 0.446772159, 0.00709653249, 0.819398231, 0.359824901, 0.540765631, 0.677300686, 0.702629576, 0.955980059, 0.531339953, 0.399719551, 0.953703626;0.642110235, 0.298150356, 0.126464245, 0.842554501, 0.362181603, 0.660469721, 0.470816419, 0.19892978, 0.601686609, 0.060683069, 0.41334246, 0.54661494, 0.436046974, 0.748672175, 0.827924955, 0.771243074, 0.0388129478;0.19412877, 0.536607509, 0.93482204, 0.834956775, 0.842534508, 0.303208194, 0.429447897, 0.470705947, 0.157371583, 0.0310681302, 0.946902899, 0.240712586, 0.239948904, 0.0833790538, 0.928507752, 0.579737115, 0.667036857;0.911576887, 0.345620169, 0.621507311, 0.0387994547, 0.186772528, 0.831245805, 0.766768356, 0.350642691, 0.376810628, 0.533554434, 0.000241004685, 0.241244336, 0.208231809, 0.250482947, 0.805905843, 0.279673857, 0.191521322]
km_test = [0.210460481, 0.44018915, 0.20138918, 0.451373151, 0.202442985, 0.186347401, 0.358490318, 0.497345549, 0.115801267, 0.23891272, 0.221272216, 0.302441927, 0.282685119, 0.347163373, 0.207372015, 0.214385242, 0.0970086249;0.205917228, 0.550812445, 0.326797784, 0.211419956, 0.379504991, 0.219809732, 0.251265069, 0.141066724, 0.163712079, 0.310082652, 0.24695948, 0.251844587, 0.185111901, 0.184809889, 0.254255422, 0.218414959, 0.183472975;0.167970755, 0.273763835, 0.237059502, 0.268440444, 0.291249597, 0.418722506, 0.342712113, 0.111831596, 0.217933914, 0.2522136, 0.265533511, 0.369416606, 0.279964109, 0.250233352, 0.235841555, 0.357047769, 0.126033769;0.103743692, 0.140669804, 0.416859204, 0.133477945, 0.283401597, 0.313716645, 0.541319061, 0.325599136, 0.207122135, 0.300748742, 0.17942451, 0.28955138, 0.378943052, 0.143736659, 0.232534567, 0.287614118, 0.130046244;0.101974546, 0.152893402, 0.191238638, 0.0539726629, 0.180872728, 0.378032785, 0.245991645, 0.133058886, 0.244573637, 0.190908143, 0.101610361, 0.564128769, 0.143730047, 0.121082418, 0.0993871478, 0.201239918, 0.228604697;0.176238183, 0.174701651, 0.354806956, 0.154522495, 0.57816425, 0.333710367, 0.288790212, 0.188592739, 0.461231138, 0.220511775, 0.19111203, 0.439325243, 0.335681822, 0.106854802, 0.457782002, 0.649822876, 0.331211987;0.25949051, 0.150328687, 0.128177004, 0.0544028703, 0.0852010169, 0.253547497, 0.375807586, 0.14921192, 0.0914124062, 0.291809685, 0.0517064242, 0.199203047, 0.346485775, 0.23845204, 0.0965745214, 0.136691624, 0.182371286;0.170399975, 0.194219244, 0.19951138, 0.0588387647, 0.160395437, 0.233422438, 0.386654695, 0.210754766, 0.207421862, 0.261696325, 0.0603786738, 0.195163159, 0.281208669, 0.163338085, 0.168989809, 0.149584136, 0.121288543;0.122443578, 0.839616984, 0.0899764872, 0.364172269, 0.226035415, 0.124882956, 0.133265976, 0.122918237, 0.126500356, 0.164117087, 0.234781142, 0.177333483, 0.267447438, 0.191393156, 0.07923475, 0.164084188, 0.196832498;0.244454199, 0.197121347, 0.492922601, 0.184642372, 0.294744384, 0.33006086, 0.647102405, 0.305886383, 0.0795384356, 0.368770079, 0.239974013, 0.32508403, 0.220388453, 0.182717249, 0.384048478, 0.373625344, 0.17393443;0.124954706, 0.2419476, 0.186927379, 0.17911439, 0.347655221, 0.494481816, 0.315359503, 0.16332533, 0.259775381, 0.299603784, 0.279685399, 0.647748288, 0.269407177, 0.107619223, 0.128723763, 0.583498862, 0.329871164]
