name = 'SparsePoly'
kparam2_inhomogene = 'True'
feature_type = 'real'
data_type = 'double'
km_train = [1, 0.681805579, 0.585003698, 0.549302011, 0.737149714, 0.474415713, 0.495328358, 0.576591713, 0.723167059, 0.777311068, 0.457357663;0.681805579, 1, 0.526187632, 0.408213922, 0.808217372, 0.550617375, 0.334712051, 0.447303077, 0.509330331, 0.570869905, 0.67949526;0.585003698, 0.526187632, 1, 0.619746722, 0.456122202, 0.595568868, 0.566712706, 0.612934008, 0.724898381, 0.368734503, 0.529300446;0.549302011, 0.408213922, 0.619746722, 1, 0.42008023, 0.455112945, 0.331196662, 0.407006734, 0.661856456, 0.348529738, 0.46184444;0.737149714, 0.808217372, 0.456122202, 0.42008023, 1, 0.455231317, 0.501551914, 0.594378881, 0.551954738, 0.793153356, 0.717680272;0.474415713, 0.550617375, 0.595568868, 0.455112945, 0.455231317, 1, 0.31237685, 0.415192237, 0.606237227, 0.451353812, 0.49364509;0.495328358, 0.334712051, 0.566712706, 0.331196662, 0.501551914, 0.31237685, 1, 0.597150033, 0.47695425, 0.581273607, 0.368970211;0.576591713, 0.447303077, 0.612934008, 0.407006734, 0.594378881, 0.415192237, 0.597150033, 1, 0.652814393, 0.545699295, 0.587491606;0.723167059, 0.509330331, 0.724898381, 0.661856456, 0.551954738, 0.606237227, 0.47695425, 0.652814393, 1, 0.59847901, 0.578307171;0.777311068, 0.570869905, 0.368734503, 0.348529738, 0.793153356, 0.451353812, 0.581273607, 0.545699295, 0.59847901, 1, 0.436248767;0.457357663, 0.67949526, 0.529300446, 0.46184444, 0.717680272, 0.49364509, 0.368970211, 0.587491606, 0.578307171, 0.436248767, 1]
data_train = [0.471626365, 0.227481604, 0.166185, 0.332729477, 0.939924373, 0.343026713, 0.988124076, 0.485230456, 0.179163918, 0.891140092, 0.460355373;0.709671344, 0.983711583, 0.0501753503, 0.0966945598, 0.720456741, 0.281825003, 0.184301397, 0.0393618798, 0.021846712, 0.774485603, 0.134433427;0.467720616, 0.605896815, 0.428351801, 0.0271066523, 0.783501503, 0.0105132245, 0.761889894, 0.893304494, 0.432839921, 0.535542473, 0.476983393;0.389208619, 0.887424535, 0.893933511, 0.335816365, 0.615069754, 0.926907562, 0.962058499, 0.50895904, 0.452824805, 0.278694316, 0.958871873;0.142814304, 0.579829576, 0.282550268, 0.27900829, 0.404968587, 0.998792936, 0.0549663068, 0.578541818, 0.082572158, 0.15452083, 0.439562942;0.510460131, 0.258792408, 0.316457131, 0.0869670203, 0.303219784, 0.966558439, 0.944707382, 0.33487829, 0.570853936, 0.909595391, 0.00618382264;0.81068357, 0.948369553, 0.0913257343, 0.161447686, 0.960746303, 0.537540144, 0.0141966345, 0.257631999, 0.449943674, 0.692908911, 0.733160378;0.995421513, 0.287511199, 0.538220102, 0.533323548, 0.405645259, 0.169161894, 0.977456563, 0.853317187, 0.498333028, 0.603245423, 0.227261054;0.54378707, 0.694970133, 0.515167028, 0.990285171, 0.611341656, 0.370973713, 0.772152028, 0.170462512, 0.384515814, 0.34695895, 0.431807095;0.781779826, 0.484173032, 0.79401445, 0.576488903, 0.342069435, 0.809978744, 0.238289671, 0.22438298, 0.504502924, 0.260849246, 0.00908703495;0.648297527, 0.511093821, 0.445517814, 0.966968515, 0.571199184, 0.863431578, 0.139450236, 0.569206463, 0.867979627, 0.583105757, 0.718014178]
feature_class = 'simple'
data_test = [0.372043568, 0.092449517, 0.457900295, 0.394479391, 0.867060182, 0.243995302, 0.966734228, 0.95813812, 0.247631643, 0.348051955, 0.895555741, 0.966622221, 0.443439103, 0.320997046, 0.526094013, 0.687769206, 0.273474515;0.736473175, 0.0516573571, 0.0492944928, 0.386287705, 0.353473192, 0.315633215, 0.491019763, 0.320733582, 0.192257918, 0.309469549, 0.974904273, 0.411113417, 0.444712777, 0.57654499, 0.983340768, 0.241601276, 0.681282111;0.715984694, 0.607324417, 0.0885783396, 0.676872276, 0.064094711, 0.59614265, 0.739581177, 0.210969891, 0.841622008, 0.0303538055, 0.843812864, 0.460329051, 0.21758794, 0.133778145, 0.953307168, 0.0726655876, 0.19909342;0.347822347, 0.620234849, 0.544801085, 0.125643492, 0.289727984, 0.238751771, 0.213542854, 0.411144336, 0.704031453, 0.217452932, 0.36667888, 0.390917427, 0.976456529, 0.954666357, 0.800137583, 0.241658921, 0.0680373141;0.316904138, 0.266794549, 0.5059258, 0.77772791, 0.858322939, 0.844864085, 0.359675561, 0.687234343, 0.312834198, 0.0609055432, 0.701565266, 0.00982755257, 0.409182587, 0.329379269, 0.693377539, 0.766245473, 0.304094636;0.811627014, 0.293916761, 0.44632636, 0.727018527, 0.692920229, 0.987368472, 0.225161024, 0.662317914, 0.609681908, 0.915098454, 0.156362142, 0.751798164, 0.568268616, 0.27466587, 0.474434914, 0.333776597, 0.579313403;0.889000611, 0.569304984, 0.631722418, 0.518747847, 0.0511655064, 0.232858557, 0.492001729, 0.310235284, 0.181763598, 0.504132842, 0.322809793, 0.258107643, 0.463985417, 0.133284258, 0.927745733, 0.867702098, 0.707620586;0.106213828, 0.775877254, 0.807957328, 0.767764618, 0.113965887, 0.643907957, 0.834324796, 0.577353401, 0.646407375, 0.458363479, 0.52870732, 0.0343768584, 0.638963022, 0.0814472129, 0.435014594, 0.292655098, 0.54542795;0.133416336, 0.691643402, 0.795011537, 0.16335445, 0.104313087, 0.145515483, 0.877127562, 0.528189262, 0.467260996, 0.106711819, 0.649556007, 0.867999592, 0.828185869, 0.626054709, 0.0752787167, 0.112397027, 0.0493089871;0.257479216, 0.135661467, 0.26004804, 0.385058056, 0.942982784, 0.61037606, 0.834973786, 0.710351501, 0.112503131, 0.735920406, 0.275098882, 0.639107847, 0.340961974, 0.997672263, 0.263551479, 0.279130471, 0.930672256;0.0246444046, 0.696688988, 0.725326391, 0.836378577, 0.974439311, 0.975601919, 0.0652767576, 0.821839323, 0.646309934, 0.647342134, 0.128349927, 0.650187166, 0.982482581, 0.91181857, 0.439130661, 0.0399479733, 0.36229349]
km_test = [0.537907349, 0.669666383, 0.69607964, 0.698732475, 0.409433677, 0.58308072, 0.720745317, 0.685096188, 0.594954792, 0.705481926, 0.560512187, 0.563644616, 0.701080905, 0.523871488, 0.621348449, 0.45861454, 0.791593873;0.646392232, 0.600799048, 0.551878346, 0.516933125, 0.322723249, 0.425004973, 0.513259949, 0.498781282, 0.547128291, 0.390816286, 0.646034082, 0.466231136, 0.694695966, 0.608175948, 0.818395637, 0.486746841, 0.538864618;0.286986798, 0.671400893, 0.615091053, 0.464360749, 0.430852308, 0.523879515, 0.511029769, 0.597631283, 0.697844411, 0.48919445, 0.375649098, 0.500854144, 0.709345509, 0.740572622, 0.401563989, 0.282090992, 0.425224148;0.13192537, 0.62952076, 0.753556217, 0.426684473, 0.445919122, 0.430723247, 0.459999377, 0.650563577, 0.476945113, 0.430226243, 0.317430408, 0.5488585, 0.728689226, 0.655468582, 0.212122096, 0.236028662, 0.331975742;0.673158007, 0.607773034, 0.616198377, 0.611280933, 0.397763353, 0.444519264, 0.70590073, 0.656709757, 0.597227084, 0.437146534, 0.776891254, 0.650340846, 0.669088045, 0.477159496, 0.820427849, 0.603718492, 0.520774897;0.398825272, 0.434330545, 0.607809111, 0.582064774, 0.727118516, 0.694613398, 0.292905483, 0.72559477, 0.48283314, 0.628112343, 0.299090734, 0.479687381, 0.7004344, 0.685542638, 0.476202001, 0.495360763, 0.510907586;0.351641333, 0.52593424, 0.52164681, 0.405156736, 0.255741393, 0.374035207, 0.584095365, 0.538496945, 0.705103382, 0.364538558, 0.494985777, 0.573095159, 0.567366273, 0.312616638, 0.382895778, 0.262796147, 0.252177511;0.394086649, 0.738823947, 0.616287247, 0.786115982, 0.391780033, 0.679678993, 0.545776046, 0.613899354, 0.84667196, 0.391803816, 0.554800834, 0.379409995, 0.57582154, 0.335852892, 0.603543778, 0.417747114, 0.383033514;0.402627516, 0.800461597, 0.738740549, 0.698345219, 0.481618595, 0.71025655, 0.432813194, 0.665605507, 0.769322356, 0.750744952, 0.306474966, 0.596484179, 0.765461457, 0.596783486, 0.452484771, 0.330957451, 0.54818059;0.718050738, 0.502538166, 0.572827593, 0.71267436, 0.462908227, 0.584762736, 0.601957719, 0.701343791, 0.599725363, 0.683574484, 0.624744696, 0.688855383, 0.616814314, 0.374428997, 0.69083894, 0.528840092, 0.643617912;0.384383779, 0.719854547, 0.656366142, 0.452951641, 0.299411522, 0.354001786, 0.352064853, 0.486901038, 0.624371372, 0.290174461, 0.436938554, 0.405375901, 0.716379804, 0.494384873, 0.616392662, 0.4665929, 0.259899532]
