name = 'SparseLinear'
data_train = [0.958702407, 0.0578638978, 0.394521799, 0.106756066, 0.335660065, 0.169679904, 0.646848362, 0.388268384, 0.229394746, 0.265937925, 0.360345095;0.259949863, 0.453240847, 0.0323159511, 0.279763507, 0.411206721, 0.602781882, 0.270957643, 0.133185125, 0.0762003796, 0.940531827, 0.416639058;0.581162621, 0.919176552, 0.08274842, 0.876661486, 0.551587873, 0.164834261, 0.411255117, 0.777602284, 0.480370082, 0.985286051, 0.37673897;0.7495783, 0.392989449, 0.829164221, 0.569081469, 0.0635118296, 0.0368218676, 0.133852119, 0.0136719648, 0.0753590604, 0.691714397, 0.534346275;0.749910749, 0.913165752, 0.585149532, 0.726120844, 0.757081202, 0.377850549, 0.241084832, 0.205045329, 0.25144244, 0.274731797, 0.207227649;0.878220667, 0.756999132, 0.0468964678, 0.268672482, 0.022184742, 0.498165187, 0.476210697, 0.83137149, 0.30777724, 0.816385735, 0.967973765;0.0884082234, 0.791817839, 0.589955897, 0.480045967, 0.420535779, 0.784668264, 0.639361357, 0.805044668, 0.903151059, 0.617263712, 0.980462725;0.60808785, 0.636644322, 0.554815609, 0.0910020911, 0.726397033, 0.547446307, 0.450910447, 0.910471278, 0.297959452, 0.523602276, 0.697641871;0.796471776, 0.459346808, 0.842091415, 0.768917741, 0.0662359779, 0.0458612664, 0.620805684, 0.347413408, 0.209130791, 0.579649934, 0.34156321;0.537263417, 0.460119159, 0.584766106, 0.400300489, 0.697667574, 0.180067272, 0.696501466, 0.411661214, 0.874317605, 0.515236055, 0.973110349;0.601935396, 0.223849066, 0.821790637, 0.345082628, 0.347619214, 0.0318046815, 0.548715309, 0.534423504, 0.355991484, 0.894217263, 0.128748398]
scale = 1.0
km_test = [2.96417219, 3.85159151, 3.24633215, 2.25710641, 3.23015423, 3.88699936, 3.78909603, 3.09300823, 3.29788873, 3.86609525, 2.78509067, 4.0313979, 4.10547486, 3.69970914, 2.86432854, 3.19411103, 4.47761707;2.71922347, 3.6501089, 3.23871894, 1.88050049, 2.6146601, 3.64850849, 3.96342726, 2.99494631, 3.56745606, 3.79480115, 2.64665808, 3.53072051, 3.26358525, 3.72471428, 2.06051395, 3.25928634, 3.93628656;2.11481889, 2.97727839, 2.7161248, 2.34062761, 2.21182076, 3.0501168, 3.42050953, 2.16377385, 3.18607232, 2.9561502, 2.07970504, 3.07775969, 3.77305383, 2.73457492, 2.01136423, 2.88113402, 4.12560018;1.87930549, 2.71610786, 2.31960329, 1.73047917, 2.11578361, 2.65967788, 3.0463458, 2.34381876, 2.98235168, 2.91089589, 2.09916958, 2.85370155, 2.73520301, 2.74925931, 1.738083, 2.98474692, 3.53988846;2.19980014, 2.73982955, 2.10373667, 1.3421619, 2.23460767, 2.54282945, 3.19706285, 1.97942875, 2.26318141, 2.84553539, 1.75030496, 2.70920796, 2.64209456, 2.67449782, 1.93724663, 2.09353522, 3.16512998;1.64909936, 2.15159157, 1.82841854, 1.09505438, 1.26678766, 2.37221551, 2.35745942, 1.75724243, 1.79329109, 2.48817633, 1.31017921, 1.88672494, 1.89424537, 2.35018208, 1.0856776, 1.67946592, 2.21451426;2.02808247, 2.94247995, 2.3032653, 1.82880396, 2.29569732, 3.21993483, 3.17912878, 2.06040731, 2.5268129, 3.3252136, 1.77868462, 3.0740642, 3.31252226, 2.92437795, 2.02558256, 2.62522003, 3.47438749;2.09424153, 3.23520072, 2.84153456, 1.85881887, 2.26827332, 3.54056647, 3.49799063, 2.24577828, 2.80810319, 3.55707377, 2.05497531, 3.20765003, 3.48826225, 3.07273303, 1.84790636, 2.71260996, 3.20583072;1.59178983, 2.42708026, 1.86076448, 1.60554971, 1.8491636, 2.56447024, 2.75571189, 1.54467589, 2.36260339, 2.62572563, 1.52045803, 2.31892088, 2.65467925, 2.33347799, 1.38038797, 2.16861398, 2.80188162;2.5694105, 4.24482725, 3.11420048, 2.69566813, 2.68697317, 4.34930084, 4.62073415, 3.2956362, 3.47938003, 4.29654031, 2.99410239, 3.80550247, 4.12503604, 3.67452234, 2.01460301, 3.85995589, 4.78228086;2.65206301, 3.67805069, 2.82057062, 2.17145496, 2.29710363, 3.77753055, 3.67821683, 2.51363228, 3.32063622, 3.65751704, 2.50356905, 3.17331167, 3.61098871, 3.4735303, 1.88393347, 3.05115408, 3.85733018]
data_test = [0.330099513, 0.321582765, 0.0922905862, 0.481145394, 0.687784717, 0.511657014, 0.156977683, 0.377285965, 0.00259502438, 0.868301107, 0.0845170077, 0.597278082, 0.986256996, 0.536590646, 0.924041759, 0.236116533, 0.759955409;0.531265754, 0.720516061, 0.0623413625, 0.147739092, 0.133116929, 0.687165505, 0.844440673, 0.749616232, 0.0304721527, 0.867214981, 0.354146671, 0.397163833, 0.104869167, 0.737405206, 0.182283878, 0.563965092, 0.840709986;0.0892043287, 0.535335564, 0.233216412, 0.342926864, 0.473969941, 0.355104303, 0.64882284, 0.479582102, 0.584199485, 0.736822475, 0.557742266, 0.586535435, 0.564458543, 0.378772626, 0.337446834, 0.899647397, 0.607555222;0.244353155, 0.498247698, 0.330348481, 0.933691824, 0.00753436313, 0.225332798, 0.36535682, 0.487809801, 0.850817518, 0.0878876245, 0.805864887, 0.0556534894, 0.842314035, 0.0516354779, 0.0182424814, 0.696961462, 0.997255535;0.896610263, 0.575998418, 0.917395613, 0.0053000064, 0.975067163, 0.490748779, 0.722896097, 0.820861473, 0.718457271, 0.535036732, 0.476619484, 0.838582559, 0.20507756, 0.967994067, 0.710952479, 0.199506927, 0.736247184;0.529840023, 0.707230096, 0.767779501, 0.0872901796, 0.506103956, 0.932014342, 0.320642192, 0.593883098, 0.369230482, 0.454267972, 0.548603118, 0.54892198, 0.201730462, 0.684571548, 0.0878681112, 0.138824773, 0.00271089941;0.116696064, 0.473166201, 0.606101881, 0.79428945, 0.10669925, 0.85072746, 0.745974526, 0.408518293, 0.932938067, 0.990929476, 0.20500181, 0.379228585, 0.926449424, 0.721596551, 0.048094644, 0.781514482, 0.827940887;0.750501925, 0.799537131, 0.825132677, 0.186404987, 0.235691746, 0.633758564, 0.90786613, 0.316196582, 0.588306676, 0.682982063, 0.451948601, 0.713782455, 0.899667445, 0.624101544, 0.539781062, 0.438744675, 0.577486271;0.355362452, 0.39148211, 0.53185748, 0.0666191124, 0.229025391, 0.542849311, 0.431528143, 0.332815786, 0.730549137, 0.693717607, 0.16673076, 0.878629115, 0.495423626, 0.741460911, 0.573150849, 0.997692616, 0.75240312;0.706980461, 0.778571939, 0.143127986, 0.204544593, 0.714064082, 0.493981487, 0.754635292, 0.102916031, 0.536481351, 0.378821566, 0.457000219, 0.603957872, 0.502288347, 0.539860637, 0.486357482, 0.408955177, 0.771881981;0.0122030723, 0.598442701, 0.565508347, 0.716179075, 0.599029365, 0.826798828, 0.959074795, 0.342524257, 0.227350983, 0.423596862, 0.287929616, 0.614950263, 0.911852409, 0.139116194, 0.100794603, 0.256015532, 0.726095586]
km_train = [4.88287187, 3.55661019, 3.40531263, 3.02458816, 2.49980971, 1.71829684, 3.15858751, 3.1972932, 2.14586696, 4.16326382, 3.46201554;3.55661019, 4.12013013, 2.66941674, 3.08155797, 2.67059287, 2.25203789, 2.69329376, 3.30526801, 2.46443427, 4.01365176, 3.54191989;3.40531263, 2.66941674, 3.57792915, 2.53191402, 2.0885979, 1.31175913, 2.58073326, 2.3446847, 2.03482457, 3.16836424, 2.72448315;3.02458816, 3.08155797, 2.53191402, 2.89077245, 1.9444107, 1.30523306, 2.1780319, 2.22609313, 1.86939321, 3.27224508, 2.43068221;2.49980971, 2.67059287, 2.0885979, 1.9444107, 2.48017505, 1.56256228, 2.07117518, 2.2844604, 1.91910427, 2.63815611, 2.37775397;1.71829684, 2.25203789, 1.31175913, 1.30523306, 1.56256228, 1.7625438, 1.59400437, 2.00366251, 1.46528373, 2.2292338, 2.30081693;3.15858751, 2.69329376, 2.58073326, 2.1780319, 2.07117518, 1.59400437, 2.74748219, 2.77510323, 2.22978206, 3.2197981, 2.98526566;3.1972932, 3.30526801, 2.3446847, 2.22609313, 2.2844604, 2.00366251, 2.77510323, 3.55938937, 2.40240515, 3.60421149, 3.35545701;2.14586696, 2.46443427, 2.03482457, 1.86939321, 1.91910427, 1.46528373, 2.22978206, 2.40240515, 2.29217155, 2.58197767, 2.74712457;4.16326382, 4.01365176, 3.16836424, 3.27224508, 2.63815611, 2.2292338, 3.2197981, 3.60421149, 2.58197767, 5.20280432, 3.86066299;3.46201554, 3.54191989, 2.72448315, 2.43068221, 2.37775397, 2.30081693, 2.98526566, 3.35545701, 2.74712457, 3.86066299, 4.23900806]
