name = 'SparseGaussian'
feature_type = 'real'
data_type = 'double'
km_train = [1, 0.313847152, 0.352212789, 0.174283631, 0.226608182, 0.0825052742, 0.153557466, 0.234278234, 0.22816021, 0.26610566, 0.278456023;0.313847152, 1, 0.140416674, 0.434573779, 0.160516734, 0.11609176, 0.12034509, 0.137449397, 0.182464777, 0.430204045, 0.302723142;0.352212789, 0.140416674, 1, 0.0638543731, 0.305418258, 0.0942798181, 0.0914089793, 0.120601788, 0.148224619, 0.496439013, 0.364444366;0.174283631, 0.434573779, 0.0638543731, 1, 0.246167016, 0.139332167, 0.19713561, 0.400149463, 0.0864070624, 0.31893834, 0.175243888;0.226608182, 0.160516734, 0.305418258, 0.246167016, 1, 0.221799953, 0.295212381, 0.289123862, 0.150270538, 0.412422915, 0.635707014;0.0825052742, 0.11609176, 0.0942798181, 0.139332167, 0.221799953, 1, 0.225822125, 0.152783991, 0.076670972, 0.206930533, 0.248426268;0.153557466, 0.12034509, 0.0914089793, 0.19713561, 0.295212381, 0.225822125, 1, 0.369772048, 0.141184123, 0.191926725, 0.221532121;0.234278234, 0.137449397, 0.120601788, 0.400149463, 0.289123862, 0.152783991, 0.369772048, 1, 0.0861010634, 0.250943396, 0.159642745;0.22816021, 0.182464777, 0.148224619, 0.0864070624, 0.150270538, 0.076670972, 0.141184123, 0.0861010634, 1, 0.245908498, 0.164506475;0.26610566, 0.430204045, 0.496439013, 0.31893834, 0.412422915, 0.206930533, 0.191926725, 0.250943396, 0.245908498, 1, 0.392190861;0.278456023, 0.302723142, 0.364444366, 0.175243888, 0.635707014, 0.248426268, 0.221532121, 0.159642745, 0.164506475, 0.392190861, 1]
data_train = [0.563737101, 0.204979233, 0.741995391, 0.0522791033, 0.852542645, 0.198196386, 0.874398032, 0.352529241, 0.722683574, 0.319225298, 0.905911671;0.126637126, 0.178519789, 0.493030125, 0.081938439, 0.195980185, 0.943766382, 0.976489661, 0.376259329, 0.923286021, 0.544824676, 0.269742466;0.702398721, 0.658901807, 0.989125319, 0.265047287, 0.672059503, 0.052023755, 0.113646039, 0.00391837495, 0.999460681, 0.802273697, 0.786723015;0.509726075, 0.300067083, 0.151264284, 0.284674739, 0.375971222, 0.756310097, 0.539661789, 0.0774836266, 0.018029009, 0.10233218, 0.410498714;0.933192917, 0.637402481, 0.8018259, 0.466374595, 0.361666083, 0.108400373, 0.875933022, 0.783160029, 0.168118098, 0.512260564, 0.487374808;0.625091553, 0.946186894, 0.579771442, 0.540217267, 0.0503229329, 0.062907476, 0.187346791, 0.0324707717, 0.743352896, 0.723330304, 0.136056234;0.836078901, 0.154786035, 0.301175587, 0.248976899, 0.372307099, 0.254663766, 0.488950926, 0.407407881, 0.986569491, 0.0559263501, 0.142181376;0.0528258939, 0.625841195, 0.0545092774, 0.836439737, 0.511938631, 0.527007625, 0.561594508, 0.170813706, 0.197690303, 0.318817323, 0.593496416;0.210117776, 0.116331727, 0.970116886, 0.0219818148, 0.802697405, 0.78803515, 0.297214114, 0.135626616, 0.145628647, 0.697431617, 0.642806591;0.782745674, 0.937481172, 0.691927363, 0.155851537, 0.243442617, 0.842193731, 0.209306076, 0.072522317, 0.703280054, 0.402526355, 0.920040053;0.650255071, 0.0904189778, 0.947856567, 0.258557264, 0.33721249, 0.402260414, 0.0512242964, 0.496515422, 0.123318491, 0.400970327, 0.350709788]
feature_class = 'simple'
data_test = [0.772840083, 0.803170512, 0.153412882, 0.366551187, 0.373353161, 0.151410444, 0.798453505, 0.707228328, 0.190381786, 0.366721909, 0.105805025, 0.628206597, 0.121371925, 0.985934169, 0.780682075, 0.39023855, 0.578563932;0.911341816, 0.55409928, 0.174498486, 0.378703356, 0.843144865, 0.644213016, 0.650724384, 0.866821486, 0.893973057, 0.919792572, 0.0948491933, 0.544126002, 0.740509521, 0.756926845, 0.606716202, 0.166787335, 0.797420554;0.720111334, 0.0861357715, 0.463809825, 0.1739774, 0.337477046, 0.0180810922, 0.400329868, 0.549876921, 0.619582593, 0.663490345, 0.836291313, 0.215462907, 0.120481822, 0.851537172, 0.156612815, 0.974760081, 0.842538229;0.500876606, 0.981421425, 0.0973767291, 0.303065761, 0.638224415, 0.350006868, 0.928372552, 0.0656260882, 0.549411832, 0.590866267, 0.652728124, 0.255666223, 0.364566428, 0.84368053, 0.194942769, 0.826867847, 0.562655423;0.762187511, 0.713607366, 0.207511495, 0.568812736, 0.867723153, 0.432116237, 0.96659077, 0.4522151, 0.142785637, 0.38943468, 0.951702406, 0.319720849, 0.86809816, 0.881250682, 0.350186524, 0.0832576581, 0.724557909;0.311512299, 0.782923614, 0.442654848, 0.485266742, 0.777909407, 0.382363331, 0.443127345, 0.376190469, 0.367340515, 0.525946577, 0.808799445, 0.361768312, 0.524254721, 0.670727325, 0.269439446, 0.277522805, 0.933413127;0.723534573, 0.577186676, 0.647720054, 0.0292994431, 0.618102966, 0.509508873, 0.54574968, 0.359423827, 0.0814738977, 0.193339234, 0.950744713, 0.408699562, 0.466683156, 0.0527097899, 0.0375662295, 0.717181447, 0.538094664;0.508705984, 0.24312453, 0.744750732, 0.168236579, 0.189934744, 0.460712171, 0.286279862, 0.247462981, 0.645237645, 0.650971745, 0.82451707, 0.417708567, 0.073085091, 0.273666385, 0.980005463, 0.596258575, 0.709737085;0.00735782963, 0.518205732, 0.0375286575, 0.569230212, 0.92077085, 0.968419131, 0.540552675, 0.458204805, 0.945017094, 0.673609832, 0.0648992795, 0.465725578, 0.240245018, 0.469804321, 0.455465572, 0.582144803, 0.35677049;0.164270449, 0.503719435, 0.830202884, 0.664012228, 0.338367866, 0.935523023, 0.912207571, 0.209348399, 0.0394175851, 0.741308708, 0.827610261, 0.967864566, 0.889836394, 0.600534768, 0.530052339, 0.0278410513, 0.246656447;0.459614752, 0.6285039, 0.557251833, 0.74263599, 0.279766931, 0.564952608, 0.0881422434, 0.413665524, 0.750160833, 0.693400853, 0.990642737, 0.277891126, 0.498189299, 0.329530414, 0.440603114, 0.85695013, 0.684209075]
km_test = [0.323303682, 0.399764593, 0.312417854, 0.342616269, 0.284742316, 0.195726016, 0.393884646, 0.251649856, 0.0703374287, 0.219587288, 0.452519835, 0.320349622, 0.422838654, 0.296595032, 0.115486285, 0.197270835, 0.32991912;0.157215458, 0.172079117, 0.458778107, 0.328059147, 0.181885096, 0.199233785, 0.241525969, 0.200558786, 0.0928527795, 0.289146405, 0.252650048, 0.39128892, 0.331632443, 0.242364561, 0.238863274, 0.0910610244, 0.275771341;0.174114314, 0.212335172, 0.121826752, 0.398758085, 0.279663143, 0.224147152, 0.197269015, 0.360651751, 0.198464505, 0.36290265, 0.11897095, 0.245113635, 0.205697634, 0.342518835, 0.147955279, 0.162667838, 0.298759631;0.219035295, 0.159291553, 0.507582864, 0.316447964, 0.154699499, 0.180742116, 0.113096669, 0.254788385, 0.186849071, 0.206059185, 0.176581407, 0.279010873, 0.231645609, 0.104874026, 0.357014256, 0.198812006, 0.246204214;0.305433733, 0.241176009, 0.232565822, 0.344171016, 0.249459383, 0.24738962, 0.256673028, 0.503287526, 0.329900018, 0.3213152, 0.0766118331, 0.414367234, 0.137627485, 0.284179015, 0.440766801, 0.419291164, 0.250781516;0.132798672, 0.235920023, 0.192656248, 0.358577087, 0.259000805, 0.62931606, 0.253197058, 0.249492906, 0.36917415, 0.51972758, 0.0438563323, 0.490220626, 0.301683225, 0.141840857, 0.356204909, 0.127776796, 0.125333128;0.573466653, 0.357162515, 0.119572988, 0.217576847, 0.370721271, 0.189023496, 0.44503326, 0.484169464, 0.156547603, 0.24102768, 0.0499355497, 0.351099325, 0.276269833, 0.324089964, 0.394950148, 0.0874900774, 0.278701411;0.321839747, 0.213007336, 0.256973211, 0.438268949, 0.217069284, 0.219751217, 0.154730061, 0.452742409, 0.149551251, 0.152518882, 0.0767848, 0.309830593, 0.390268632, 0.113970233, 0.286838067, 0.124587054, 0.157328102;0.329836811, 0.115351942, 0.231856404, 0.107859656, 0.165773775, 0.107421995, 0.158033673, 0.383747915, 0.0762963168, 0.198223434, 0.0800260902, 0.298632561, 0.171023187, 0.163978401, 0.112320838, 0.101169489, 0.263338571;0.259058383, 0.225614189, 0.286436398, 0.561758552, 0.420626194, 0.32846983, 0.215880635, 0.613427192, 0.44339402, 0.546748954, 0.121754575, 0.411668265, 0.32469127, 0.373983343, 0.34369507, 0.22120312, 0.449446826;0.235424598, 0.222134103, 0.282020262, 0.38628925, 0.179516706, 0.276243348, 0.386789704, 0.356740795, 0.190744798, 0.436093674, 0.110866806, 0.573563694, 0.192848229, 0.422716581, 0.476032409, 0.205789157, 0.228225984]
