name = 'GaussianKernel'
alphas = [-0.98914026, -2.37014982, -1.99195656, -1.35582918, -1.11999022, -0.618651602, 0.555819313, 3.18767216, 1.69103768, 3.0111885]
size_ = 10
support_vectors = [1, 2, 4, 8, 9, 10, 0, 5, 6, 7]
multiplier_labels = 1
width_ = 1.5
km_train = [1, 0.27674979, 0.181195094, 0.0769900009, 0.151263723, 0.25437518, 0.283319658, 0.213167803, 0.144756922, 0.138095052, 0.149238071;0.27674979, 1, 0.220324335, 0.258868405, 0.187825619, 0.13762422, 0.174641011, 0.324257171, 0.27891621, 0.385164019, 0.20903169;0.181195094, 0.220324335, 1, 0.214581896, 0.225383235, 0.608190553, 0.313076308, 0.170831262, 0.453515699, 0.20103775, 0.268750044;0.0769900009, 0.258868405, 0.214581896, 1, 0.573184716, 0.273944461, 0.211755947, 0.235345702, 0.52776169, 0.483766807, 0.246505381;0.151263723, 0.187825619, 0.225383235, 0.573184716, 1, 0.430945103, 0.349499487, 0.427199506, 0.524713705, 0.575917887, 0.366762425;0.25437518, 0.13762422, 0.608190553, 0.273944461, 0.430945103, 1, 0.408157762, 0.165384358, 0.481415074, 0.190823339, 0.282670276;0.283319658, 0.174641011, 0.313076308, 0.211755947, 0.349499487, 0.408157762, 1, 0.175496535, 0.435464867, 0.275514955, 0.207182155;0.213167803, 0.324257171, 0.170831262, 0.235345702, 0.427199506, 0.165384358, 0.175496535, 1, 0.386921944, 0.610837518, 0.207551833;0.144756922, 0.27891621, 0.453515699, 0.52776169, 0.524713705, 0.481415074, 0.435464867, 0.386921944, 1, 0.48010127, 0.302427752;0.138095052, 0.385164019, 0.20103775, 0.483766807, 0.575917887, 0.190823339, 0.275514955, 0.610837518, 0.48010127, 1, 0.282528346;0.149238071, 0.20903169, 0.268750044, 0.246505381, 0.366762425, 0.282670276, 0.207182155, 0.207551833, 0.302427752, 0.282528346, 1]
data_train = [0.374540119, 0.950714306, 0.731993942, 0.598658484, 0.15601864, 0.15599452, 0.0580836122, 0.866176146, 0.601115012, 0.708072578, 0.0205844943;0.969909852, 0.832442641, 0.212339111, 0.181824967, 0.18340451, 0.304242243, 0.524756432, 0.431945019, 0.29122914, 0.611852895, 0.139493861;0.292144649, 0.366361843, 0.456069984, 0.785175961, 0.199673782, 0.514234438, 0.592414569, 0.0464504127, 0.607544852, 0.170524124, 0.065051593;0.948885537, 0.965632033, 0.808397348, 0.304613769, 0.097672114, 0.684233027, 0.440152494, 0.122038235, 0.49517691, 0.0343885211, 0.909320402;0.258779982, 0.662522284, 0.311711076, 0.520068021, 0.546710279, 0.184854456, 0.969584628, 0.775132823, 0.939498942, 0.89482735, 0.597899979;0.921874235, 0.0884925021, 0.195982862, 0.0452272889, 0.325330331, 0.38867729, 0.271349032, 0.828737509, 0.356753327, 0.28093451, 0.542696083;0.140924225, 0.802196981, 0.0745506437, 0.986886937, 0.772244769, 0.198715682, 0.00552211712, 0.815461428, 0.706857344, 0.729007168, 0.771270347;0.0740446517, 0.358465729, 0.11586906, 0.863103426, 0.623298127, 0.330898025, 0.0635583503, 0.310982322, 0.325183322, 0.729606178, 0.637557471;0.887212743, 0.472214925, 0.119594246, 0.713244787, 0.760785049, 0.561277198, 0.77096718, 0.493795596, 0.522732829, 0.427541018, 0.0254191267;0.107891427, 0.0314291857, 0.636410411, 0.314355981, 0.508570691, 0.907566474, 0.249292229, 0.410382923, 0.755551139, 0.228798165, 0.0769799098;0.289751453, 0.161221287, 0.929697652, 0.80812038, 0.633403757, 0.87146059, 0.803672077, 0.186570059, 0.892558998, 0.539342242, 0.807440155]
labels = [1, -1, -1, -1, -1, 1, 1, 1, -1, -1, -1]
data_test = [0.8960913, 0.318003475, 0.110051925, 0.227935163, 0.427107789, 0.818014766, 0.860730583, 0.00695213053, 0.510747303, 0.417411003, 0.22210781, 0.119865367, 0.337615171, 0.942909704, 0.323202932, 0.518790622, 0.703018959;0.363629602, 0.971782083, 0.962447295, 0.251782296, 0.497248506, 0.30087831, 0.284840494, 0.0368869474, 0.609564334, 0.502679023, 0.0514787512, 0.278646464, 0.908265886, 0.239561891, 0.144894872, 0.48945276, 0.985650454;0.242055272, 0.672135547, 0.761619615, 0.237637544, 0.728216349, 0.367783133, 0.632305831, 0.633529711, 0.535774684, 0.0902897701, 0.835302496, 0.320780065, 0.18651851, 0.0407751416, 0.590892943, 0.677564362, 0.0165878289;0.512093058, 0.226495775, 0.64517279, 0.174366429, 0.690937738, 0.386735346, 0.936729989, 0.137520944, 0.341066351, 0.113473521, 0.924693618, 0.877339353, 0.257941628, 0.659984046, 0.8172222, 0.555200812, 0.529650578;0.241852291, 0.0931027678, 0.897215758, 0.900418057, 0.633101457, 0.339029791, 0.349209575, 0.725955679, 0.89711026, 0.887086424, 0.779875546, 0.642031646, 0.084139965, 0.161628714, 0.898554189, 0.60642906, 0.00919705162;0.101471543, 0.663501769, 0.00506158385, 0.160808051, 0.548733789, 0.691895198, 0.65196126, 0.224269309, 0.712179221, 0.237249087, 0.325399698, 0.746491405, 0.649632899, 0.84922341, 0.657612892, 0.568308603, 0.0936747678;0.367715803, 0.265202368, 0.243989643, 0.973010555, 0.393097725, 0.892046555, 0.631138626, 0.794811304, 0.502637093, 0.576903885, 0.492517694, 0.195242988, 0.722452115, 0.280772362, 0.0243159664, 0.645472296, 0.177110679;0.940458584, 0.953928577, 0.91486439, 0.3701587, 0.0154566165, 0.928318563, 0.428184148, 0.966654819, 0.963619977, 0.853009455, 0.294448892, 0.385097729, 0.851136672, 0.316922005, 0.169492747, 0.556801262, 0.936154774;0.696029797, 0.57006117, 0.0971764938, 0.615007227, 0.99005385, 0.140084015, 0.518329652, 0.877373072, 0.740768618, 0.697015741, 0.702484084, 0.359491151, 0.293591844, 0.809361155, 0.810113395, 0.867072319, 0.913240553;0.511342399, 0.501516295, 0.798295179, 0.649963931, 0.701966877, 0.795792669, 0.890005342, 0.337995157, 0.375582953, 0.0939819398, 0.578280141, 0.0359422738, 0.465598018, 0.542644635, 0.286541252, 0.590833261, 0.0305002499;0.0373481887, 0.822600561, 0.360190641, 0.127060513, 0.52224326, 0.769993553, 0.215821027, 0.622890476, 0.085347465, 0.0516817212, 0.531354632, 0.540635122, 0.637429901, 0.726091334, 0.975852079, 0.516300348, 0.322956473]
bias = -0.0399048603192
