functionname = 'test_svm'
kernelname = 'svm_GaussianKernel'
testdat = [0.65081583, 0.246082987, 0.0426018174, 0.530446723, 0.582199602, 0.633350637, 0.126064302, 0.0387158027, 0.768946031, 0.0306605303, 0.474166144, 0.419949859, 0.89717943, 0.363267896, 0.563001607, 0.255205595, 0.647898534;0.885590865, 0.810751154, 0.295577616, 0.301248504, 0.480629704, 0.682011734, 0.855110621, 0.645752183, 0.775630166, 0.271341086, 0.606998084, 0.264444404, 0.0460951671, 0.61149166, 0.634458128, 0.789304217, 0.436348354;0.896950355, 0.715154879, 0.28138202, 0.495179532, 0.814791084, 0.633295971, 0.920889486, 0.328821376, 0.703282596, 0.209115924, 0.773031944, 0.843074851, 0.12775418, 0.802714728, 0.22060125, 0.981366412, 0.795807429;0.239413974, 0.427352769, 0.101385809, 0.603112538, 0.70819297, 0.927559205, 0.521656627, 0.265769058, 0.591289188, 0.222445551, 0.453812607, 0.548743874, 0.303064969, 0.330633993, 0.841757183, 0.274564277, 0.527968867;0.949906781, 0.892226359, 0.692770127, 0.819492541, 0.28622716, 0.723529023, 0.642252367, 0.591920193, 0.11850567, 0.673474012, 0.702754986, 0.882680845, 0.975505723, 0.908723538, 0.93675356, 0.81397633, 0.264004793;0.560908086, 0.157539972, 0.671294513, 0.805774898, 0.476992422, 0.706991793, 0.841693293, 0.632072671, 0.117141602, 0.773654933, 0.338310347, 0.314488288, 0.235563977, 0.454945426, 0.016007863, 0.484700439, 0.218756747;0.89648891, 0.782243356, 0.674141138, 0.415170306, 0.168115067, 0.860286163, 0.912998678, 0.195057731, 0.243789834, 0.265001458, 0.0979075187, 0.0728031923, 0.637947367, 0.0881054788, 0.144939156, 0.0519937698, 0.844216675;0.939543227, 0.391293958, 0.35556204, 0.104802247, 0.235335565, 0.67434541, 0.191800943, 0.469881443, 0.960532638, 0.166997593, 0.236915983, 0.971054208, 0.504760809, 0.0811752041, 0.560955785, 0.927302324, 0.2460803;0.551264712, 0.868417676, 0.833593478, 0.840075613, 0.858671426, 0.699257569, 0.27132283, 0.678261965, 0.289086257, 0.359027035, 0.674090658, 0.535157258, 0.938432661, 0.10306181, 0.521660514, 0.222299445, 0.482351299;0.89195404, 0.37907998, 0.494202591, 0.410273948, 0.994309419, 0.15865631, 0.830780698, 0.49032671, 0.899963731, 0.439023215, 0.0525045494, 0.31991466, 0.445158894, 0.669088561, 0.982453345, 0.53848972, 0.529396909;0.32102908, 0.885561725, 0.276615264, 0.223686839, 0.29977087, 0.188691447, 0.237233426, 0.516412672, 0.76049556, 0.971232158, 0.910329304, 0.128327893, 0.651925896, 0.547958756, 0.785371182, 0.0348043467, 0.683332314]
alphas = [-2.30497332, -2.99903451, -1.22389558, -3.84054225, -3.52675, -3.00819009, 2.78448506, 1.89101851, 4.50202445, 3.33613223, 2.33807885, 1.42360439, 0.628042279]
labels = [-1, 1, 1, 1, 1, -1, 1, 1, 1, -1, -1, -1, -1]
traindat = [0.608614193, 0.978150615, 0.245225803, 0.752326965, 0.798202726, 0.225718259, 0.0319898717, 0.422851119, 0.520282192, 0.1080617, 0.568471206, 0.771174389, 0.846714851;0.89018594, 0.656056722, 0.356587421, 0.319021244, 0.739445519, 0.225411193, 0.445821786, 0.992427539, 0.916592095, 0.674496666, 0.247491816, 0.763574303, 0.12713264;0.910870785, 0.65060645, 0.0018315678, 0.827053141, 0.411227436, 0.056018762, 0.0857578682, 0.838325266, 0.1660196, 0.719884788, 0.678435706, 0.773227337, 0.112267276;0.255338137, 0.930453679, 0.810264168, 0.220242315, 0.0918287462, 0.834545053, 0.87874944, 0.754725321, 0.122310634, 0.045060549, 0.285251619, 0.37102666, 0.488237463;0.615428683, 0.278598492, 0.0769032535, 0.613017142, 0.578037235, 0.146455128, 0.56164916, 0.781751115, 0.454956081, 0.416215308, 0.622480113, 0.672254499, 0.832416155;0.199219337, 0.303574772, 0.268267046, 0.39070309, 0.695583188, 0.18298455, 0.90172203, 0.851861746, 0.686447987, 0.153640126, 0.590555628, 0.294846619, 0.930262949;0.985742418, 0.214354197, 0.305680419, 0.621764358, 0.512588891, 0.267549408, 0.486001963, 0.181367282, 0.251447794, 0.447561603, 0.424203939, 0.491844336, 0.0921953629;0.872282367, 0.72831106, 0.151814154, 0.16827961, 0.501593474, 0.998871937, 0.960428699, 0.303482577, 0.111403352, 0.633082853, 0.226418578, 0.25276162, 0.531442936;0.803369323, 0.23012283, 0.169836284, 0.727400247, 0.415608433, 0.515593214, 0.708719492, 0.530662251, 0.455228391, 0.781594382, 0.0441821181, 0.126047743, 0.909836965;0.51651101, 0.49656095, 0.162184692, 0.790601417, 0.904849285, 0.692009344, 0.263662279, 0.442730818, 0.467781861, 0.0756170934, 0.718809919, 0.353861501, 0.725739199;0.086816246, 0.413717909, 0.86399771, 0.251116888, 0.0846177485, 0.540738197, 0.537948772, 0.270185063, 0.604546473, 0.602795434, 0.268123548, 0.18720449, 0.0735425489]
size_= 10 
width_= 1.5 
