name = 'svm_Gaussian'
alphas = [-0.0141066169, -0.017, -0.00969271386, -0.017, -0.017, -0.0102006693, 0.017, 0.017, 0.017, 0.017, 0.017]
C = 0.017
support_vectors = [1, 4, 7, 8, 9, 10, 0, 2, 3, 5, 6]
width_ = 1.5
km_train = [1, 0.283695326, 0.332832082, 0.31674909, 0.206879593, 0.117747278, 0.416673352, 0.255350911, 0.146283855, 0.309509744, 0.231024258;0.283695326, 1, 0.207459903, 0.56825155, 0.431964031, 0.398891656, 0.372562724, 0.49034029, 0.371965035, 0.421576531, 0.427329908;0.332832082, 0.207459903, 1, 0.391965139, 0.285378492, 0.163441014, 0.460260237, 0.195544741, 0.301103554, 0.196059586, 0.206253916;0.31674909, 0.56825155, 0.391965139, 1, 0.372289291, 0.256173562, 0.425370854, 0.263953136, 0.381833083, 0.356035652, 0.220407452;0.206879593, 0.431964031, 0.285378492, 0.372289291, 1, 0.47470446, 0.485033211, 0.375150098, 0.536462453, 0.201001126, 0.270058473;0.117747278, 0.398891656, 0.163441014, 0.256173562, 0.47470446, 1, 0.41422547, 0.41627656, 0.472634965, 0.188011211, 0.393262217;0.416673352, 0.372562724, 0.460260237, 0.425370854, 0.485033211, 0.41422547, 1, 0.60384158, 0.67927691, 0.365266931, 0.507983681;0.255350911, 0.49034029, 0.195544741, 0.263953136, 0.375150098, 0.41627656, 0.60384158, 1, 0.497662203, 0.354925581, 0.484329923;0.146283855, 0.371965035, 0.301103554, 0.381833083, 0.536462453, 0.472634965, 0.67927691, 0.497662203, 1, 0.211397784, 0.500930969;0.309509744, 0.421576531, 0.196059586, 0.356035652, 0.201001126, 0.188011211, 0.365266931, 0.354925581, 0.211397784, 1, 0.317590984;0.231024258, 0.427329908, 0.206253916, 0.220407452, 0.270058473, 0.393262217, 0.507983681, 0.484329923, 0.500930969, 0.317590984, 1]
data_train = [0.958702407, 0.0578638978, 0.394521799, 0.106756066, 0.335660065, 0.169679904, 0.646848362, 0.388268384, 0.229394746, 0.265937925, 0.360345095;0.259949863, 0.453240847, 0.0323159511, 0.279763507, 0.411206721, 0.602781882, 0.270957643, 0.133185125, 0.0762003796, 0.940531827, 0.416639058;0.581162621, 0.919176552, 0.08274842, 0.876661486, 0.551587873, 0.164834261, 0.411255117, 0.777602284, 0.480370082, 0.985286051, 0.37673897;0.7495783, 0.392989449, 0.829164221, 0.569081469, 0.0635118296, 0.0368218676, 0.133852119, 0.0136719648, 0.0753590604, 0.691714397, 0.534346275;0.749910749, 0.913165752, 0.585149532, 0.726120844, 0.757081202, 0.377850549, 0.241084832, 0.205045329, 0.25144244, 0.274731797, 0.207227649;0.878220667, 0.756999132, 0.0468964678, 0.268672482, 0.022184742, 0.498165187, 0.476210697, 0.83137149, 0.30777724, 0.816385735, 0.967973765;0.0884082234, 0.791817839, 0.589955897, 0.480045967, 0.420535779, 0.784668264, 0.639361357, 0.805044668, 0.903151059, 0.617263712, 0.980462725;0.60808785, 0.636644322, 0.554815609, 0.0910020911, 0.726397033, 0.547446307, 0.450910447, 0.910471278, 0.297959452, 0.523602276, 0.697641871;0.796471776, 0.459346808, 0.842091415, 0.768917741, 0.0662359779, 0.0458612664, 0.620805684, 0.347413408, 0.209130791, 0.579649934, 0.34156321;0.537263417, 0.460119159, 0.584766106, 0.400300489, 0.697667574, 0.180067272, 0.696501466, 0.411661214, 0.874317605, 0.515236055, 0.973110349;0.601935396, 0.223849066, 0.821790637, 0.345082628, 0.347619214, 0.0318046815, 0.548715309, 0.534423504, 0.355991484, 0.894217263, 0.128748398]
labels = [1, -1, 1, 1, -1, 1, 1, -1, -1, -1, -1]
data_test = [0.330099513, 0.321582765, 0.0922905862, 0.481145394, 0.687784717, 0.511657014, 0.156977683, 0.377285965, 0.00259502438, 0.868301107, 0.0845170077, 0.597278082, 0.986256996, 0.536590646, 0.924041759, 0.236116533, 0.759955409;0.531265754, 0.720516061, 0.0623413625, 0.147739092, 0.133116929, 0.687165505, 0.844440673, 0.749616232, 0.0304721527, 0.867214981, 0.354146671, 0.397163833, 0.104869167, 0.737405206, 0.182283878, 0.563965092, 0.840709986;0.0892043287, 0.535335564, 0.233216412, 0.342926864, 0.473969941, 0.355104303, 0.64882284, 0.479582102, 0.584199485, 0.736822475, 0.557742266, 0.586535435, 0.564458543, 0.378772626, 0.337446834, 0.899647397, 0.607555222;0.244353155, 0.498247698, 0.330348481, 0.933691824, 0.00753436313, 0.225332798, 0.36535682, 0.487809801, 0.850817518, 0.0878876245, 0.805864887, 0.0556534894, 0.842314035, 0.0516354779, 0.0182424814, 0.696961462, 0.997255535;0.896610263, 0.575998418, 0.917395613, 0.0053000064, 0.975067163, 0.490748779, 0.722896097, 0.820861473, 0.718457271, 0.535036732, 0.476619484, 0.838582559, 0.20507756, 0.967994067, 0.710952479, 0.199506927, 0.736247184;0.529840023, 0.707230096, 0.767779501, 0.0872901796, 0.506103956, 0.932014342, 0.320642192, 0.593883098, 0.369230482, 0.454267972, 0.548603118, 0.54892198, 0.201730462, 0.684571548, 0.0878681112, 0.138824773, 0.00271089941;0.116696064, 0.473166201, 0.606101881, 0.79428945, 0.10669925, 0.85072746, 0.745974526, 0.408518293, 0.932938067, 0.990929476, 0.20500181, 0.379228585, 0.926449424, 0.721596551, 0.048094644, 0.781514482, 0.827940887;0.750501925, 0.799537131, 0.825132677, 0.186404987, 0.235691746, 0.633758564, 0.90786613, 0.316196582, 0.588306676, 0.682982063, 0.451948601, 0.713782455, 0.899667445, 0.624101544, 0.539781062, 0.438744675, 0.577486271;0.355362452, 0.39148211, 0.53185748, 0.0666191124, 0.229025391, 0.542849311, 0.431528143, 0.332815786, 0.730549137, 0.693717607, 0.16673076, 0.878629115, 0.495423626, 0.741460911, 0.573150849, 0.997692616, 0.75240312;0.706980461, 0.778571939, 0.143127986, 0.204544593, 0.714064082, 0.493981487, 0.754635292, 0.102916031, 0.536481351, 0.378821566, 0.457000219, 0.603957872, 0.502288347, 0.539860637, 0.486357482, 0.408955177, 0.771881981;0.0122030723, 0.598442701, 0.565508347, 0.716179075, 0.599029365, 0.826798828, 0.959074795, 0.342524257, 0.227350983, 0.423596862, 0.287929616, 0.614950263, 0.911852409, 0.139116194, 0.100794603, 0.256015532, 0.726095586]
bias = -0.987072649055
km_test = [0.321707964, 0.464638533, 0.328770552, 0.150183579, 0.411191471, 0.373586632, 0.218936103, 0.39294169, 0.247354006, 0.272071564, 0.3679494, 0.565739912, 0.308632934, 0.335610371, 0.358783433, 0.222521975, 0.296062706;0.385885381, 0.590583344, 0.541153861, 0.151140773, 0.300935102, 0.451988436, 0.459305723, 0.573298475, 0.58918377, 0.411373197, 0.508702383, 0.482537722, 0.167022356, 0.576967273, 0.204273677, 0.40359858, 0.239198025;0.247431786, 0.345665222, 0.386982234, 0.400687497, 0.252457476, 0.292150279, 0.31967123, 0.271685149, 0.508616248, 0.193014802, 0.342884297, 0.378637263, 0.47290117, 0.221199953, 0.274621838, 0.349913157, 0.441941372;0.285779786, 0.385811087, 0.360606703, 0.280831551, 0.351179596, 0.274455071, 0.306897115, 0.546103331, 0.612880978, 0.287301525, 0.5563793, 0.444050789, 0.187389588, 0.356648504, 0.301606901, 0.635200054, 0.320003761;0.576098893, 0.523589697, 0.355561185, 0.220022602, 0.541022811, 0.308808476, 0.493340805, 0.441724534, 0.30889724, 0.346234583, 0.459449502, 0.481551134, 0.217625742, 0.424452595, 0.517188604, 0.254522522, 0.255286482;0.446050629, 0.385604361, 0.397433385, 0.255360024, 0.240196082, 0.396889076, 0.259861766, 0.529990385, 0.266376058, 0.346907655, 0.412244051, 0.25950844, 0.129549803, 0.444433382, 0.268111534, 0.236445507, 0.115968613;0.383414897, 0.5740429, 0.388203914, 0.352264246, 0.491130338, 0.637353007, 0.403059166, 0.411765132, 0.367349076, 0.549211007, 0.399280354, 0.655424189, 0.445178642, 0.495599961, 0.486863643, 0.432722936, 0.322636065;0.243729329, 0.493600768, 0.463103999, 0.213391822, 0.275578565, 0.568818314, 0.358870301, 0.306845069, 0.311093908, 0.435440498, 0.335888733, 0.455832598, 0.32751183, 0.351533281, 0.223589336, 0.282971476, 0.131259701;0.290305724, 0.391131947, 0.291508769, 0.354337439, 0.366820155, 0.360290741, 0.310463997, 0.280437713, 0.399777026, 0.292765666, 0.383332256, 0.324396103, 0.250859258, 0.305345182, 0.279014868, 0.31888483, 0.178286337;0.153547039, 0.634150158, 0.222715738, 0.217743783, 0.161020111, 0.559063799, 0.536111653, 0.415941048, 0.254555944, 0.390217229, 0.392815259, 0.33820501, 0.255940737, 0.262192816, 0.0933600271, 0.436824149, 0.359064256;0.325949072, 0.566294656, 0.286265758, 0.205798804, 0.182041385, 0.495929637, 0.290087769, 0.278774301, 0.391659586, 0.316462071, 0.388318472, 0.27679081, 0.245201503, 0.381313407, 0.149122492, 0.282494515, 0.19889253]
classified = [-0.986908116, -0.995647562, -0.985247747, -0.982369573, -0.984331911, -0.991334276, -0.997124764, -0.983733296, -0.984725688, -0.989796544, -0.987132114, -0.981414788, -0.981177619, -0.987863142, -0.980035391, -0.983658728, -0.981780441]
