name = 'svm_Gaussian'
accuracy = 1e-06
num_threads = 1
C = 30
support_vectors = [0, 1, 4, 5, 9, 2, 3, 6, 7, 8, 10]
feature_type = 'real'
data_type = 'double'
tube_epsilon = 0.01
data_train = [0.531479246, 0.457963214, 0.396789325, 0.431210485, 0.569297934, 0.0020765176, 0.260708774, 0.518279721, 0.722216099, 0.174156692, 0.546881174;0.714459684, 0.444627658, 0.0270811337, 0.449268158, 0.296444888, 0.929649608, 0.124613386, 0.652475956, 0.0527197663, 0.446170438, 0.553979487;0.297954931, 0.455075636, 0.163553795, 0.304123849, 0.621106325, 0.301800056, 0.899743078, 0.628406958, 0.438649018, 0.0387569356, 0.499548335;0.764776242, 0.265557598, 0.80677357, 0.251806766, 0.823746388, 0.0852683416, 0.866183709, 0.499186451, 0.29653759, 0.26511325, 0.432010559;0.999049498, 0.220327393, 0.103216649, 0.585035169, 0.488542466, 0.524196271, 0.666935418, 0.26714407, 0.910664995, 0.435672066, 0.129086195;0.742298757, 0.643104353, 0.315743402, 0.621518724, 0.219861956, 0.444839359, 0.899412522, 0.133534233, 0.38669645, 0.821142425, 0.969490899;0.453926136, 0.50699962, 0.572171962, 0.932348142, 0.858206791, 0.170601125, 0.436757818, 0.464000428, 0.789096112, 0.602892883, 0.654220462;0.998199908, 0.0749600435, 0.223009824, 0.407895937, 0.347782403, 0.0216455613, 0.0917776065, 0.680953291, 0.879324463, 0.514227011, 0.53919108;0.255093433, 0.767876364, 0.751794587, 0.588365689, 0.212664287, 0.0970182182, 0.0642385759, 0.592696067, 0.825035319, 0.858330432, 0.463622074;0.784271299, 0.946880196, 0.275170112, 0.397960346, 0.931478993, 0.338230967, 0.91387629, 0.981044862, 0.661810729, 0.81689029, 0.749545564;0.699534258, 0.306931073, 0.0570943379, 0.343051733, 0.666935985, 0.102529198, 0.011917983, 0.139692373, 0.715735926, 0.972793702, 0.9830647]
feature_class = 'simple'
labels = [-1, -1, 1, 1, -1, -1, 1, 1, 1, -1, 1]
data_test = [0.493979149, 0.869352301, 0.736826456, 0.501040237, 0.572760533, 0.137227147, 0.937661461, 0.351929771, 0.446149256, 0.671660231, 0.333902472, 0.254259161, 0.631049393, 0.0249840823, 0.720725112, 0.51402337, 0.605753731;0.631880159, 0.527050156, 0.582533777, 0.683788201, 0.753118847, 0.727452391, 0.869616458, 0.189443433, 0.401147969, 0.947796066, 0.396590574, 0.124870077, 0.525445126, 0.109490973, 0.202853239, 0.998318757, 0.541362638;0.284058389, 0.994774955, 0.966558919, 0.440739041, 0.260403109, 0.838399638, 0.715620717, 0.686941435, 0.893113741, 0.689417134, 0.283797943, 0.693863162, 0.305813511, 0.75923898, 0.619747854, 0.077411552, 0.512835362;0.343300969, 0.328570633, 0.602256302, 0.322324824, 0.776893748, 0.070791436, 0.660388252, 0.809194804, 0.67283169, 0.497229195, 0.950307014, 0.29993849, 0.0191678875, 0.431989371, 0.0330119359, 0.953936753, 0.209918046;0.788927024, 0.774572083, 0.2177289, 0.62122653, 0.0480789685, 0.483574586, 0.0146471273, 0.92114388, 0.976086024, 0.222282767, 0.208106035, 0.753720177, 0.253379399, 0.895076559, 0.573929136, 0.350777623, 0.832693746;0.4934067, 0.911632914, 0.928014237, 0.165420152, 0.00232340613, 0.98393094, 0.906137536, 0.0554452357, 0.833034264, 0.457804933, 0.258961605, 0.878746524, 0.196667232, 0.947299999, 0.205621488, 0.613683188, 0.223086335;0.545668665, 0.68397513, 0.190227931, 0.520885783, 0.469059744, 0.0710374214, 0.818307818, 0.335682401, 0.574582198, 0.514784235, 0.513260505, 0.107222394, 0.423482009, 0.452366759, 0.73364284, 0.840018832, 0.544982278;0.0867829541, 0.236849471, 0.164934027, 0.124615063, 0.365899299, 0.229393502, 0.218303112, 0.0546931746, 0.0176700448, 0.102768243, 0.172197479, 0.430983729, 0.510520261, 0.140591918, 0.424783342, 0.341748842, 0.183423643;0.00684074815, 0.467017867, 0.685651749, 0.226277334, 0.13180683, 0.887042744, 0.275024772, 0.22361262, 0.85709694, 0.817107099, 0.448346471, 0.489238861, 0.217748705, 0.0783016705, 0.573431825, 0.0983449216, 0.449274547;0.940497199, 0.952834389, 0.239332287, 0.62411342, 0.474076264, 0.875685128, 0.271430864, 0.00370240683, 0.162561206, 0.349522801, 0.31572113, 0.791362919, 0.680560666, 0.29955632, 0.457743817, 0.095559104, 0.898146445;0.935424824, 0.979803535, 0.868552831, 0.173960888, 0.0461964832, 0.579596727, 0.912605027, 0.177351362, 0.00704291462, 0.805496046, 0.0767956843, 0.413706032, 0.678887337, 0.236797585, 0.0839625634, 0.770021228, 0.630175085]
bias = 0.131283057203
kparam0_width = 1.5
epsilon = 1e-05
classified = [-1.28973702, 0.224340192, 0.794598982, -0.340865324, 0.47540574, -0.661722799, 1.15887876, 0.350693801, 0.795611573, 0.273777366, 0.630323486, 0.081618961, 0.111554508, 0.723009835, 1.22432568, 0.168331048, -0.837327367]
alphas = [-2.46078716, -4.35879287, -3.87397516, -1.48738039, -2.81908908, 1.1512714, 2.67941563, 2.15069245, 3.21220048, 1.59129956, 4.21514514]
data_class = 'rand'
