name = 'WeightedCommWordStringKernel'
reverse = 'False'
km_train = [1, 0.819128457, 0.854485242, 0.721824196, 0.903242099, 0.915783178, 0.875365576, 0.869350538, 0.740396333, 0.868182043, 0.801106078;0.819128457, 1, 0.939393331, 0.920937257, 0.941052578, 0.868830377, 0.892050431, 0.899055442, 0.93909965, 0.93165771, 0.96125038;0.854485242, 0.939393331, 1, 0.857072357, 0.964929505, 0.874113046, 0.930300106, 0.915610554, 0.908725748, 0.955179565, 0.939759081;0.721824196, 0.920937257, 0.857072357, 1, 0.848491763, 0.832356174, 0.867517641, 0.883955451, 0.864817971, 0.886586097, 0.933397046;0.903242099, 0.941052578, 0.964929505, 0.848491763, 1, 0.925504364, 0.922447696, 0.911429277, 0.914566086, 0.963508323, 0.940106929;0.915783178, 0.868830377, 0.874113046, 0.832356174, 0.925504364, 1, 0.92600762, 0.924952253, 0.795406453, 0.920515122, 0.87751852;0.875365576, 0.892050431, 0.930300106, 0.867517641, 0.922447696, 0.92600762, 1, 0.945027348, 0.83501412, 0.959645688, 0.894396551;0.869350538, 0.899055442, 0.915610554, 0.883955451, 0.911429277, 0.924952253, 0.945027348, 1, 0.825369977, 0.94760959, 0.92058114;0.740396333, 0.93909965, 0.908725748, 0.864817971, 0.914566086, 0.795406453, 0.83501412, 0.825369977, 1, 0.896310098, 0.943440875;0.868182043, 0.93165771, 0.955179565, 0.886586097, 0.963508323, 0.920515122, 0.959645688, 0.94760959, 0.896310098, 1, 0.939163678;0.801106078, 0.96125038, 0.939759081, 0.933397046, 0.940106929, 0.87751852, 0.894396551, 0.92058114, 0.943440875, 0.939163678, 1]
data_train = ['ATGCATTCGCACGAATGTAGCATCGATAAATATATACGATTACGTTATTCAAGCATTTGT', 'AGGAATGCCCCGAACGCCGGGAACGCAGTTCGACGTCGCCTAGTTGAACCGTGTATGTAG', 'AGTGCTTGGAACTGGCCATCGAAAATGTAAGCTCCTGTTGCGACATATGGGGGTGACGAC', 'GGGCCTTCCGCCTAGCCGCTGCGCAATCACGTTCGGTCCACGGCCTGGCCATGAACTCCG', 'CTGGTTGATTACGAGGCTAAGCGGTGTAACCTAGATACATCCATCAGGAATGACCGGAAG', 'TACCTTCCACGAGTTCTATCACTTACAGAGGGTCACACACGATGTGATAATCAGTTTCAA', 'GATTTCAGGTCCTCGAGAGGATGACATTTTGGCATTTGTCAGGCATGCGCCACTTCTGTG', 'GAAAATTCGCTTTCGCAAGTCTAGCAAGTCAGAGCCTCTTGAGTTCCTGCTGTGCACTGT', 'CTCTGCGGAGAGAACGCGTGGCGGACGATGATCCAAAGCCACGGACGGACGCGTAGAGCG', 'CCATAATCGGGGAGACAGGTTTAGGCGCTTGGCTTCCATTGAAGTACGCTCTCTAGAGTC', 'AAAAGGAAAAGACAGCGGGTGGCGCACTCGCGTTCCTCCTACTGCCGACCGGACTGTTTA']
size_ = 10
data_test = ['GGAAGAATCAGAATGCGACGAAAATGAAGGAGTCTATATATGAATTCCACGAGATAGTGG', 'TACCACTACAATCCTACCGTTCTAAACGGTGGAAGCTAACAAGAGCACTCTATAGGTCAA']
gap = 0
km_test = [0.896186612, 0.887331821;0.845970261, 0.883235208;0.891860854, 0.87482985;0.677035742, 0.842268016;0.93530164, 0.940426162;0.848307002, 0.946097615;0.817472904, 0.851257397;0.827331786, 0.909933222;0.845924106, 0.829033739;0.864718317, 0.908094155;0.834809219, 0.914867548]
alphabet = 'DNA'
order = 3
normalization = 2
use_sign = 'False'
