name = 'WeightedCommWordString'
accuracy = 1e-09
reverse = 'False'
data_type = ''
km_train = [1, 0.876506992, 0.939513222, 0.939715689, 0.929849206, 0.829235089, 0.882600839, 0.936014451, 0.905306817, 0.959682522, 0.921403758;0.876506992, 1, 0.893503962, 0.90087826, 0.944511265, 0.947171063, 0.938211557, 0.912473049, 0.939726822, 0.910297917, 0.931792818;0.939513222, 0.893503962, 1, 0.907488796, 0.943937992, 0.831835145, 0.868180852, 0.943333774, 0.915147104, 0.920363033, 0.940652642;0.939715689, 0.90087826, 0.907488796, 1, 0.951416082, 0.91793116, 0.94195845, 0.960717213, 0.887437606, 0.961374113, 0.924441008;0.929849206, 0.944511265, 0.943937992, 0.951416082, 1, 0.933198178, 0.923129933, 0.960330057, 0.945576965, 0.961796684, 0.941368638;0.829235089, 0.947171063, 0.831835145, 0.91793116, 0.933198178, 1, 0.942954084, 0.905867149, 0.907144792, 0.895744072, 0.875552857;0.882600839, 0.938211557, 0.868180852, 0.94195845, 0.923129933, 0.942954084, 1, 0.930612894, 0.903195586, 0.903607399, 0.895959233;0.936014451, 0.912473049, 0.943333774, 0.960717213, 0.960330057, 0.905867149, 0.930612894, 1, 0.935725839, 0.944078376, 0.930605323;0.905306817, 0.939726822, 0.915147104, 0.887437606, 0.945576965, 0.907144792, 0.903195586, 0.935725839, 1, 0.90859377, 0.938834313;0.959682522, 0.910297917, 0.920363033, 0.961374113, 0.961796684, 0.895744072, 0.903607399, 0.944078376, 0.90859377, 1, 0.924863028;0.921403758, 0.931792818, 0.940652642, 0.924441008, 0.941368638, 0.875552857, 0.895959233, 0.930605323, 0.938834313, 0.924863028, 1]
data_train = ['CGCCCTGCTAGAGCGAACTTACGCACATCCAAGGCTTGAACTCAGACACTAGTAACACGT', 'TACACCTTCGACAGGTATTGAATTGCCTGGCGGCTTCCATGATCTTGGGCAACGGTTTGT', 'CCCAAATACTGATGCGGACATTATAAATGTGACTCGCCCAACGCATCCGATAACGATGGA', 'AGAGGGTAGGGCCTGCTCGACGCTAGCAGAAAATCCGTTAACCAACTGCGGAGCGCCTTT', 'ACCGCCTACCCCGAGATTGGACGAAGTGGGCAAACACCGGATCAGTTTGGTTACTGATGA', 'TAGGTCCTTTGTGCTTGAGGAGAGGCGGGTGACGTTGCCGGCAATGTCCACGTGTACCAG', 'GGCTAATCCGATGGTACTATGAGTACTGCTGGCCTTCTTGTGCGCGAGCCGCCAGCGCTA', 'CTAATACGGATATATGCCAGGTCCTAGCTTGACCAGGGTCCGCCAAGGACCGCCGATAGT', 'AGGTTACGAGCCCACGTCTATTGATCGTTTTCATAGTAGTGATACCCCTCGTGACACCCG', 'GGAACGGCTTTACCAGACAGCGACTCACTTCGATTACTGACAACCAGTCGAGGAGCGGCA', 'TTTCTGCCAATTGTGGAGCTTAACGAGATCTACCCCTATCGAATTAAGCTCGGAAAGAGG']
feature_class = 'wordstring'
seqlen = 60
data_test = ['ACCGAACCACAGGAGTGCGCCACGACATACGGCCAAAGTAGTTGGCCCGAAACTCCCCTG', 'CGGCCACGTGAGGCGCGGAGAATTACACTTGCGCTTGCCATCCCTATTTCACCAGCTAGT']
gap = 0
kparam1_normalization = 2
kparam0_use_sign = 'False'
km_test = [0.956229944, 0.948515344;0.840299284, 0.94781324;0.923831807, 0.915411199;0.941727666, 0.950203404;0.940127219, 0.948057472;0.837315985, 0.917735793;0.868479722, 0.957801561;0.94430257, 0.956915438;0.883679064, 0.942607794;0.940573588, 0.949657205;0.872254698, 0.925919144]
alphabet = 'DNA'
data_class = 'dna'
order = 3
feature_type = 'char'
