functionname = 'test_wds_kernel'
kernelname = 'WeightedDegreePositionStringKernel'
testdat = ['TCAGACGTGATCTGAGGCGGAGCAAATGGTTCGATAGACATCAAGCAGCGACGTGAGACC', 'GCCTATGCTAGTACCTTCGACGCAAACCACTAGAGACGCAGTGCCGTGCAACCAGATCGG', 'CTAAAAAGGTACAACCCCGAATGCCGATATTTATTCATAACAGGTCCTGCGATACTGCCG', 'CGAATTGGTACGTTTGGAAGACGACTTCTTACCCATCCGCATCCCGACACGTAACGCCTC', 'CTAGGTGATCGAGGGCCATTGGGGCGTCGTAACCTCGCGTGCAACATCCGTGGAGGAGGG', 'GCTCCTCTCACACGATCCACGGTTATATATTCCCTGATCACTCGTTTTCCTGGTAAGGGC', 'AGAAACATCCTGAGAGAACAATTTGTTCACGGTGTGTCCACTGGTCTTAGGCTACGAAAG', 'GTGCGTTGACGTCCACAGTCTAGGCAGCTGAATCGGACCCAGTTCAGCGAAAAACCTAGT', 'CACGCTTCCAGTTTTTTGATAGCCGGTGGGCCGTGTGGTGCGCAATGTGCGGCTCCTGTC', 'ATCCAATGTTAGCACGTTACACGCGCGTCTCTCGCCTATCGTCTGTTTTCTCTAACCCCG', 'TACATGGTGCAGGAGCAGATCTTTGTGGCTTAGCCGTCTCCCGTTCGCCGGCCGCTATCC', 'AAATAGGGGCTGAGATGCTCTAAGATTTAATTAATAGCCGTTAGACGGCCGGGCGGATTC', 'ACCTCGAATGACGACATGTCTTCATTGGGGGTTGGTTCTACCGTAATACGTGGACGTGGC', 'TCCTTATTATGCGAGTGGGGATGAAGCATTGATTGTCTACTGCAGGTTCCGCGGTGGAAA', 'AAGTACTACGAACAATTTATGTTGGGGCTCGCGTGGTCCACGCTCGTGGCCTATCACAAG', 'GCCCTCCCCCTTTCTTCTTAGAATATCGTCCAGAAGGCTTTGTGTAGGGCTTTGATGGAA', 'GTGAAAAATAGGATCCCAGAGTCGGCGAGGGGACGGTAGGGAGCCCGCTCGATGTTTCGA']
km_test = [0.100401092, 0.068057689, 0.0721966206, 0.0739033965, 0.0704471753, 0.058286397, 0.0750981396, 0.0616572794, 0.0596091483, 0.0710018775, 0.0565796211, 0.0894777266, 0.0568356375, 0.0989503328, 0.0759088582, 0.0517153098, 0.0549155146;0.0841440519, 0.0822665984, 0.068271036, 0.0692097628, 0.0515446322, 0.044973545, 0.0549155146, 0.07223929, 0.0509045912, 0.0407492746, 0.0737327189, 0.0829493088, 0.0665642601, 0.058926438, 0.0481737498, 0.0827359618, 0.0668202765;0.0729646697, 0.0689964158, 0.0589691074, 0.0783836832, 0.0746287762, 0.0675456563, 0.0599078341, 0.0664789213, 0.0495391705, 0.0583290664, 0.071599249, 0.0704898447, 0.0573476703, 0.0799624509, 0.0523553507, 0.0501365421, 0.0680150196;0.0635774023, 0.0590971155, 0.0608038914, 0.0623399898, 0.0683137054, 0.044973545, 0.0683990442, 0.0713005632, 0.0633213859, 0.0700631507, 0.0879842977, 0.104284008, 0.0881549753, 0.0603345281, 0.0757381806, 0.0575183478, 0.0540621266;0.0896057348, 0.0760795358, 0.0532514081, 0.0608038914, 0.0772742789, 0.074714115, 0.0639187575, 0.0686123912, 0.0685270524, 0.0576036866, 0.0668629459, 0.0787250384, 0.0734767025, 0.0637480799, 0.0608038914, 0.0801757979, 0.0433094385;0.0748847926, 0.0679723502, 0.0898190818, 0.0584144052, 0.0716419184, 0.132019116, 0.0507339136, 0.0506912442, 0.0660095579, 0.0664789213, 0.041858679, 0.0724099676, 0.0707885305, 0.0814132104, 0.0599505035, 0.0566649599, 0.0606332139;0.081797235, 0.0697217955, 0.0835040109, 0.0548728452, 0.0785543608, 0.0525260283, 0.0483444274, 0.0683137054, 0.0567076293, 0.0606758833, 0.07223929, 0.0774876259, 0.064302782, 0.0954087728, 0.0570063151, 0.0473203618, 0.0542328042;0.0657535416, 0.075354156, 0.0550861922, 0.0742447517, 0.0559395801, 0.0637480799, 0.0497098481, 0.092421915, 0.0539767878, 0.0787250384, 0.0746714456, 0.0456989247, 0.0898617512, 0.0915685271, 0.081583888, 0.0550008534, 0.0703191671;0.101766513, 0.0612732548, 0.0449308756, 0.0818399044, 0.062467998, 0.0492404847, 0.0701058201, 0.0649001536, 0.0713005632, 0.06869773, 0.0869175627, 0.0648574842, 0.0638334187, 0.0732206861, 0.0556408944, 0.065582864, 0.0683990442;0.0660522273, 0.0776583035, 0.0612732548, 0.0573903396, 0.071385902, 0.0623399898, 0.0656682028, 0.0769329237, 0.0685270524, 0.048301758, 0.064942823, 0.0616999488, 0.0615719406, 0.0550435228, 0.0914405189, 0.0658388804, 0.0773169483;0.0829066394, 0.0632360471, 0.0735620413, 0.0579023724, 0.0940006827, 0.0839733743, 0.0650708312, 0.0572623315, 0.0638760881, 0.0500085339, 0.0597371565, 0.0704471753, 0.06161461, 0.0548728452, 0.0539341185, 0.0620839734, 0.0625106673]
traindat = ['CAAGCAAGATCCAGAGGGGGTAGAAATTCCGACATCTCGTCGCTACTGCCACTAAATTAT', 'GTATATAACCTCGTCTGCGGCAAATCTGCGATAGAGCGGACAAGTAAGCACAAATTATCC', 'CGCAAGCAAGCATGATGATGCCAGCCTCCTATCACGGTACTCGGCATCAAACGGTGCTCT', 'AACATAGACTAAAGAGTCTCCAGCAGGGAGACGGCTCTCCGATGAACGCGTTACGGTTTT', 'TTAGATTTCCAACGAGTGCTGCTCATTGTCCATACAAGCGCTTGCAACGCACGAGATGCT', 'ACATCCTAGCACTATACCGTAAGCACCAGTCTTTTACATAGAACCCTTCCTGGTAGCGTG', 'TGTATCAGGTCGACACGGATCTGCAGAACCTTTCAAAGTTGCAAGGTGAAAGGGTGACAC', 'CCTCGTTGTTGCGACTAGAGTTCAGAGCTTCGTGGGAATTAAATCGACCTCCAGAAACTA', 'TGGCGCGTTTGCTTCGAACTGCTGTCTGGTCGAAAACGCCCGTCAGCACCGCTGTGACCC', 'GCAAGGAAACGTAATAACATGGAGTCGATCGCGGAGACACGCCGGGCGCTACAGGCTGTG', 'GGCAGACCCGTGGGGCGAAGGTCCCTAACATTAGGCATCAACAACAGTGATGGTGACGTT']
km_train = [1, 0.0759088582, 0.062467998, 0.0856374808, 0.0772316095, 0.0608892302, 0.0641747739, 0.0617852876, 0.0540621266, 0.0638334187, 0.0465949821;0.0759088582, 0.985492405, 0.0710445469, 0.064942823, 0.0805171531, 0.0517153098, 0.064516129, 0.057646356, 0.065369517, 0.0681003584, 0.0646868066;0.062467998, 0.0710445469, 0.980457416, 0.0612305854, 0.0729646697, 0.0603771975, 0.0833760027, 0.0507339136, 0.0656682028, 0.082650623, 0.0781703362;0.0856374808, 0.064942823, 0.0612305854, 0.993684929, 0.0831626557, 0.064302782, 0.0484724356, 0.0448028674, 0.0465096433, 0.0748847926, 0.0558542413;0.0772316095, 0.0805171531, 0.0729646697, 0.0831626557, 0.980457416, 0.0533367469, 0.0639614269, 0.0656682028, 0.0856374808, 0.0606758833, 0.0583717358;0.0608892302, 0.0517153098, 0.0603771975, 0.064302782, 0.0533367469, 0.990356716, 0.0762502133, 0.0658815498, 0.0522700119, 0.0687830688, 0.0700631507;0.0641747739, 0.064516129, 0.0833760027, 0.0484724356, 0.0639614269, 0.0762502133, 0.993855607, 0.0720686124, 0.0736473801, 0.0550435228, 0.0960061444;0.0617852876, 0.057646356, 0.0507339136, 0.0448028674, 0.0656682028, 0.0658815498, 0.0720686124, 0.99223417, 0.0733486943, 0.0648574842, 0.0667776071;0.0540621266, 0.065369517, 0.0656682028, 0.0465096433, 0.0856374808, 0.0522700119, 0.0736473801, 0.0733486943, 0.995306366, 0.0664362519, 0.0605478751;0.0638334187, 0.0681003584, 0.082650623, 0.0748847926, 0.0606758833, 0.0687830688, 0.0550435228, 0.0648574842, 0.0664362519, 0.985492405, 0.0599078341;0.0465949821, 0.0646868066, 0.0781703362, 0.0558542413, 0.0583717358, 0.0700631507, 0.0960061444, 0.0667776071, 0.0605478751, 0.0599078341, 0.998805257]
alphabet= 'DNA' 
seqlen= 60 
degree= 20 
