name = 'WeightedDegreeString'
feature_type = 'char'
data_type = ''
km_train = [1, 0.0351375333, 0.034960071, 0.0332741792, 0.0316770186, 0.0348713398, 0.043566992, 0.0488021295, 0.0513753327, 0.0315882875, 0.015971606;0.0351375333, 1, 0.0378881988, 0.0334516415, 0.014108252, 0.0247559894, 0.0470275067, 0.0419698314, 0.0485359361, 0.0591836735, 0.0314995563;0.034960071, 0.0378881988, 1, 0.0194321207, 0.0552795031, 0.0369121562, 0.0211180124, 0.0316770186, 0.0299023957, 0.014108252, 0.0226264419;0.0332741792, 0.0334516415, 0.0194321207, 1, 0.0331854481, 0.0470275067, 0.0314995563, 0.0364685004, 0.0366459627, 0.0370008873, 0.0398402839;0.0316770186, 0.014108252, 0.0552795031, 0.0331854481, 1, 0.028216504, 0.0279503106, 0.02635315, 0.0470275067, 0.0264418811, 0.0297249335;0.0348713398, 0.0247559894, 0.0369121562, 0.0470275067, 0.028216504, 1, 0.028216504, 0.0123336291, 0.0396628217, 0.0229813665, 0.0377994676;0.043566992, 0.0470275067, 0.0211180124, 0.0314995563, 0.0279503106, 0.028216504, 1, 0.0437444543, 0.0554569654, 0.040461402, 0.0264418811;0.0488021295, 0.0419698314, 0.0316770186, 0.0364685004, 0.02635315, 0.0123336291, 0.0437444543, 1, 0.0575865129, 0.0450754215, 0.0318544809;0.0513753327, 0.0485359361, 0.0299023957, 0.0366459627, 0.0470275067, 0.0396628217, 0.0554569654, 0.0575865129, 1, 0.0686779059, 0.0353149956;0.0315882875, 0.0591836735, 0.014108252, 0.0370008873, 0.0264418811, 0.0229813665, 0.040461402, 0.0450754215, 0.0686779059, 1, 0.038065661;0.015971606, 0.0314995563, 0.0226264419, 0.0398402839, 0.0297249335, 0.0377994676, 0.0264418811, 0.0318544809, 0.0353149956, 0.038065661, 1]
data_train = ['TATCCGGGCATGAGTTGCCAAACATTGAGCCCCCCATTTCCACAGATCGGCCGTGTGTTC', 'CCTAGATGGCAACATTAGTTTAATATCTCAGCCGCAGCCGCGAAAGGTTTAGGCCAGATC', 'GCGTCTCGAACGGCGTATCAGGTGGGTCTGACATCATAGGCTTTTATATTAGAAATTGCG', 'TAAGTACTGTGATACAACAATTAATGTTCCCTCGTCACCAGCTCCAATGGTTGTAATCGG', 'TGATTCCTAATTCTACTGAAGTCCCTAGTGACATTCAGTATACGTCAACTCAGCGTCTAT', 'GTAGGTAAAGGATTGAGTGGCAGGGCCCCTACCTCCTGCTGAGCACAGGGACGTATGGGT', 'CGCCGATCTATTGAGGGCGCCTTTTCTCCCTGCCATGTGGAGAAGCGTCACCGCAATTTT', 'AACACCGCAAATAATTGTTAGAAATTTTACTGTCAGCGAGATCGCGCATGCGTACATCTC', 'CGGTAGCTAGCGCGAGGAGCGCTTCTTTACCCCGTGATATCGACACAATGCCGCTGTATC', 'CCACAATACGATATTACGACGCACTACTACCACCTTGCCCCGACTCCATATGGTTACATA', 'GTAAACATTCCGTACATACCACACTCGTCTACAGATCTAATCAGAGGAACTCTATAACAC']
feature_class = 'string'
data_test = ['ATATCGATAGTATGCGGGTATTCTAACTCTCAACATCACCGTAGCGCCTCCTGGATTCTG', 'AGCCAGATAACCCCTGACTCATGGAAGAGGCTTGAACATACCGACCTATTCTATGCCATA']
kparam0_degree = 20
km_test = [0.0283052351, 0.0403726708;0.034960071, 0.0264418811;0.0279503106, 0.0413487134;0.0472049689, 0.0246672582;0.0299023957, 0.034960071;0.036823425, 0.014108252;0.0332741792, 0.0280390417;0.0535936114, 0.028216504;0.036823425, 0.0386867791;0.0385093168, 0.0397515528;0.0469387755, 0.0281277728]
alphabet = 'DNA'
kparam1_max_mismatch = 0
accuracy = 1e-10
len_seq = 60
data_class = 'dna'
