name = 'WeightedDegreePositionString'
feature_type = 'char'
data_type = ''
km_train = [1, 0.0657480315, 0.0703849519, 0.0688976378, 0.099343832, 0.075328084, 0.0604986877, 0.0608048994, 0.0602362205, 0.0695100612, 0.0552055993;0.0657480315, 1.01881015, 0.0615048119, 0.0679790026, 0.0621609799, 0.0788713911, 0.0618985127, 0.0578302712, 0.0538495188, 0.0632108486, 0.0494750656;0.0703849519, 0.0615048119, 1.02064742, 0.0383639545, 0.083552056, 0.0722659668, 0.0621172353, 0.0606299213, 0.0785214348, 0.0713473316, 0.0708223972;0.0688976378, 0.0679790026, 0.0383639545, 1.01898513, 0.0646544182, 0.0521434821, 0.078127734, 0.104024497, 0.0802274716, 0.0607174103, 0.0417322835;0.099343832, 0.0621609799, 0.083552056, 0.0646544182, 1.02388451, 0.0458005249, 0.0598862642, 0.0688538933, 0.0571741032, 0.0817585302, 0.0795713036;0.075328084, 0.0788713911, 0.0722659668, 0.0521434821, 0.0458005249, 1.01539808, 0.0667541557, 0.0838145232, 0.0621172353, 0.0966754156, 0.0698600175;0.0604986877, 0.0618985127, 0.0621172353, 0.078127734, 0.0598862642, 0.0667541557, 1.023972, 0.0887139108, 0.0689413823, 0.0743657043, 0.0632108486;0.0608048994, 0.0578302712, 0.0606299213, 0.104024497, 0.0688538933, 0.0838145232, 0.0887139108, 1.02747157, 0.0790901137, 0.0588363955, 0.0496062992;0.0602362205, 0.0538495188, 0.0785214348, 0.0802274716, 0.0571741032, 0.0621172353, 0.0689413823, 0.0790901137, 1.00349956, 0.0562117235, 0.067191601;0.0695100612, 0.0632108486, 0.0713473316, 0.0607174103, 0.0817585302, 0.0966754156, 0.0743657043, 0.0588363955, 0.0562117235, 1.01373578, 0.0747156605;0.0552055993, 0.0494750656, 0.0708223972, 0.0417322835, 0.0795713036, 0.0698600175, 0.0632108486, 0.0496062992, 0.067191601, 0.0747156605, 1.03070866]
data_train = ['ATGGTTGTATCTATGTGTAGGTAGTGCCGAGCCTTGCGAATGCAGGTACAGTGCATCGAC', 'AATTCTCGCGTGGCTCTCGCTATTACCTTAGAGCGGATAATAGGGGATCCCATGGTGGCG', 'TCGTGCCCGCTTCTGCTAGGGCCGTCCCGTCCGGACACCCGAGTTACCTTGTCTGCGTCC', 'GGCACTACCAAAGTATGCAAGTATTTGGGAATAGTGGCTGACAGCTTCAGCAAGGTTAAT', 'ATTTGAACCTCGGGGTGTCGGTCTAGCCGCCCAATTTGCTATCTTCTTAGTGTATGCTGA', 'ACCGATGTTCGCGTTGTAGTACGGCTTTCACGACGCAAAGAAACGAGACCTACGTGTCCC', 'TGCCGCAGAAATACCGCTTACGTTACGGAACAACGTCTGTTTTCAGGCATGGGTCGTTCC', 'TCCACCATTTCCGTTCTTTTAAGCTTGGTTAATAGAGCTGCTTTCACTAAGTGAGTTCGG', 'TCTCGCCATATATGAGAGAATAATCAGGATGGAGAAGGCCACGTGCAGAGTACAGGCACC', 'TAGAAGAGATGATCTTAACCCTTGTTTCCGTGAGGTTTGCGTCTTGTACTCGCGTGTCTC', 'ATCTGCTAGGGATGCCCAGCACGGGCTCATTACTTTTGTCGTAACCCGGTTATAAGCTTT']
feature_class = 'string'
seqlen = 60
data_test = ['ATTCTAGGTCGGACCTGTGCTGCGCAGTTTCGACTTTCTAATGGGAAATTAGTCTAGAGT', 'TTTATGCTTAAGGTAACAATCCACTGTCCCCTCGAGTGGTGCCGGCCTACATAGAGTCGC']
kparam0_degree = 20
km_test = [0.0720909886, 0.0680664917;0.104724409, 0.062335958;0.0560367454, 0.0604549431;0.0407699038, 0.0750218723;0.0898512686, 0.0768153981;0.0795713036, 0.0725284339;0.0664916885, 0.0537182852;0.0587926509, 0.0864391951;0.05279965, 0.0753718285;0.0597987752, 0.0758967629;0.083552056, 0.07055993]
alphabet = 'DNA'
accuracy = 1e-08
data_class = 'dna'
