name = 'WeightedCommWordString'
reverse = 'False'
km_train = [1, 0.926585575, 0.848044371, 0.843394326, 0.958131642, 0.844673102, 0.91858448, 0.889602061, 0.942992104, 0.894678511, 0.954785357;0.926585575, 1, 0.919235889, 0.830435567, 0.888638438, 0.891886349, 0.941367203, 0.943417249, 0.853158655, 0.956833776, 0.88337068;0.848044371, 0.919235889, 1, 0.845028909, 0.826166786, 0.908800499, 0.945092926, 0.934606575, 0.817149455, 0.921261604, 0.840834211;0.843394326, 0.830435567, 0.845028909, 1, 0.840436974, 0.930508424, 0.836309154, 0.747573095, 0.904723394, 0.755571852, 0.889636694;0.958131642, 0.888638438, 0.826166786, 0.840436974, 1, 0.837343968, 0.901214959, 0.872541774, 0.952652468, 0.855096386, 0.947271696;0.844673102, 0.891886349, 0.908800499, 0.930508424, 0.837343968, 1, 0.900250715, 0.835962667, 0.851102315, 0.833486142, 0.868043061;0.91858448, 0.941367203, 0.945092926, 0.836309154, 0.901214959, 0.900250715, 1, 0.966408415, 0.875995629, 0.954409505, 0.906413885;0.889602061, 0.943417249, 0.934606575, 0.747573095, 0.872541774, 0.835962667, 0.966408415, 1, 0.818003206, 0.977249401, 0.834149274;0.942992104, 0.853158655, 0.817149455, 0.904723394, 0.952652468, 0.851102315, 0.875995629, 0.818003206, 1, 0.816144105, 0.965518642;0.894678511, 0.956833776, 0.921261604, 0.755571852, 0.855096386, 0.833486142, 0.954409505, 0.977249401, 0.816144105, 1, 0.844648742;0.954785357, 0.88337068, 0.840834211, 0.889636694, 0.947271696, 0.868043061, 0.906413885, 0.834149274, 0.965518642, 0.844648742, 1]
data_train = ['TCGCAGACTGTTGTGTAAAGATTAGGCGGAGTCGACAATAATGCGGACAGATCATGGCAT', 'GGTCGATGCAATCTCTATTGGTGTCATGGATGGTGACCTCCATACCCAGGTGGATTCGTG', 'GTGTCTTGTGAGCACCTTGCTTAGGGCGCAATCCTTCCTTTCTTGCCAATGGACGCCTTT', 'AAAGCTCTTTACACTAATTCCCGAGACACGTTCATAGCTCCCTATACATACAAATCCGTT', 'TTGGGCAGATGTATTAACCCGCCACTATTTATGGGGGGGAAAGAGCCGAACAAGACGAGA', 'CCATGTGGGAAATCGCTCTGTTACTACGCACTACACATGTGCACCATTGCCACTCCCCCC', 'TTGCTGACACGCTCAGAGTTAGTGGTGGTTAGTCCAACGGCTTCGGCCCTGAGGCTACCA', 'GTGCGGGTGGCTGGATCTTCTGACTGTAGGGGTTGCCTTACAGAACCGGGTCGCTTTCAG', 'GAGCACAACGGTTAAGAGGGGTAAGTACGCTAAAGAAAATCTTACTGCCATTGCCTAATA', 'CGGTGGTGGCTCTTCGGTTCGTCGTGCCAATTGTGGTGGAACACTTACTTGAGGTCGACC', 'AGAGGTCGCCCAGTAACCAAGAATTGCCAGGTCGAGCAAAGCTCACGTGTTGATTAAAGG']
seqlen = 60
data_test = ['GGCGCCGCTATTTCAGCTATCCTCATTCCTTAATGGCAGTGGATAAATGATGCAAAGTAT', 'ATTGTTGCTGGCTATCACAGTTAATTCCCTGCCTACGAATTTTGTCGTACCAATTCAATC']
gap = 0
km_test = [0.936435089, 0.869144561;0.936085779, 0.90865218;0.922487713, 0.930692933;0.915120713, 0.926439537;0.912632147, 0.839161787;0.902180013, 0.912581342;0.920765375, 0.890208497;0.884311149, 0.852644331;0.929949915, 0.87561075;0.87721345, 0.866063259;0.924771688, 0.871192648]
alphabet = 'DNA'
order = 3
normalization = 2
use_sign = 'False'
