name = 'WeightedDegreeString'
feature_type = 'char'
data_type = ''
km_train = [1, 0.0384205856, 0.0535936114, 0.0334516415, 0.0246672582, 0.0314995563, 0.0314995563, 0.0314995563, 0.0279503106, 0.0315882875, 0.0176574978;0.0384205856, 1, 0.071162378, 0.0453416149, 0.0318544809, 0.0418811003, 0.0264418811, 0.0504880213, 0.0314995563, 0.0522626442, 0.0229813665;0.0535936114, 0.071162378, 1, 0.061934339, 0.0283052351, 0.0534161491, 0.0607808341, 0.0382431233, 0.0333629104, 0.0346938776, 0.0229813665;0.0334516415, 0.0453416149, 0.061934339, 1, 0.0401952085, 0.0421472937, 0.0565217391, 0.0385980479, 0.0384205856, 0.0298136646, 0.0264418811;0.0246672582, 0.0318544809, 0.0283052351, 0.0401952085, 1, 0.0279503106, 0.0315882875, 0.0539485359, 0.0315882875, 0.034960071, 0.0176574978;0.0314995563, 0.0418811003, 0.0534161491, 0.0421472937, 0.0279503106, 1, 0.0517302573, 0.0264418811, 0.0281277728, 0.0264418811, 0.0212067436;0.0314995563, 0.0264418811, 0.0607808341, 0.0565217391, 0.0315882875, 0.0517302573, 1, 0.0479148181, 0.050310559, 0.0314995563, 0.0401952085;0.0314995563, 0.0504880213, 0.0382431233, 0.0385980479, 0.0539485359, 0.0264418811, 0.0479148181, 1, 0.0314995563, 0.0688553682, 0.0332741792;0.0279503106, 0.0314995563, 0.0333629104, 0.0384205856, 0.0315882875, 0.0281277728, 0.050310559, 0.0314995563, 1, 0.0384205856, 0.030079858;0.0315882875, 0.0522626442, 0.0346938776, 0.0298136646, 0.034960071, 0.0264418811, 0.0314995563, 0.0688553682, 0.0384205856, 1, 0.0229813665;0.0176574978, 0.0229813665, 0.0229813665, 0.0264418811, 0.0176574978, 0.0212067436, 0.0401952085, 0.0332741792, 0.030079858, 0.0229813665, 1]
data_train = ['TTTCTCCCTGCCATGTGGAGAAGCGTCACCGCAATTTTAACACCGCAAATAATTGTTAGA', 'AATTTTACTGTCAGCGAGATCGCGCATGCGTACATCTCCGGTAGCTAGCGCGAGGAGCGC', 'TTCTTTACCCCGTGATATCGACACAATGCCGCTGTATCCCACAATACGATATTACGACGC', 'ACTACTACCACCTTGCCCCGACTCCATATGGTTACATAGTAAACATTCCGTACATACCAC', 'ACTCGTCTACAGATCTAATCAGAGGAACTCTATAACACGTCGACCGCCTAGTCCAAAGTG', 'ATCAATATAGTTCTACGTCGCACACGCAATGTGCACAAGGTCAGATAGATAGAACTATAG', 'ATCCTCAGGAACGAGATTCGCGACATGCTGCTTCGCAGTTAAACTAGGGTACTACCGCTC', 'TGATTTTGACAAACCTATAGAGGCTACTCGCTTCAGCTGTGGAGGTGACGCCCCTAGTTT', 'CTCGTGGACAAGCTCAGATAGCATGCTGAGGCCCGCATAAAGGCACGTCCCCCGCAGCAC', 'ACGTTCGATGTATCTTATAAGGGGCAGGCCATACGCCCGTGGTAAGGAGGCAGGATTTAC', 'ATGGAACCGCGGGCTGTAGACCGAGATTGGGGCGCGGGTAGCTCTTGGGCTCATTCCTTT']
feature_class = 'string'
seqlen = 60
data_test = ['GCACCTACTTAGTTCCGCACCAGCAATGCATCGTTTGGATGAGCACTCCTGAGGAAAACG', 'TTCACTAGTCGAATACTCTTCAGCAGATAAATGTCCACGGCTATACCCGCCGGTAGGCCC']
kparam0_degree = 20
km_test = [0.0438331854, 0.0278615794;0.049689441, 0.036823425;0.0567879326, 0.034960071;0.057054126, 0.0381543922;0.0402839397, 0.0397515528;0.02635315, 0.0556344277;0.0212067436, 0.036823425;0.0264418811, 0.028216504;0.0432120674, 0.0332741792;0.0397515528, 0.028216504;0.0211180124, 0.0228926353]
alphabet = 'DNA'
kparam1_max_mismatch = 0
accuracy = 1e-10
data_class = 'dna'
