name = 'WeightedDegreeString'
feature_type = 'Char'
data_type = ''
km_train = [1, 0.0247559894, 0.034960071, 0.0512866016, 0.0512866016, 0.0226264419, 0.0314995563, 0.0385980479, 0.015971606, 0.0454303461, 0.0247559894;0.0247559894, 1, 0.0230700976, 0.040461402, 0.0298136646, 0.0264418811, 0.0317657498, 0.0350488021, 0.0333629104, 0.0347826087, 0.0334516415;0.034960071, 0.0230700976, 1, 0.0365572316, 0.0567879326, 0.0403726708, 0.0385093168, 0.0264418811, 0.0331854481, 0.0283052351, 0.0264418811;0.0512866016, 0.040461402, 0.0365572316, 1, 0.0279503106, 0.0176574978, 0.0314108252, 0.0470275067, 0.0365572316, 0.0352262644, 0.0400177462;0.0512866016, 0.0298136646, 0.0567879326, 0.0279503106, 1, 0.0505767524, 0.0333629104, 0.0352262644, 0.0194321207, 0.0211180124, 0.0247559894;0.0226264419, 0.0264418811, 0.0403726708, 0.0176574978, 0.0505767524, 1, 0.0647737356, 0.0316770186, 0.0297249335, 0.0229813665, 0.0451641526;0.0314995563, 0.0317657498, 0.0385093168, 0.0314108252, 0.0333629104, 0.0647737356, 1, 0.0209405501, 0.0438331854, 0.0176574978, 0.0332741792;0.0385980479, 0.0350488021, 0.0264418811, 0.0470275067, 0.0352262644, 0.0316770186, 0.0209405501, 1, 0.0314995563, 0.0248447205, 0.0246672582;0.015971606, 0.0333629104, 0.0331854481, 0.0365572316, 0.0194321207, 0.0297249335, 0.0438331854, 0.0314995563, 1, 0.02635315, 0.034960071;0.0454303461, 0.0347826087, 0.0283052351, 0.0352262644, 0.0211180124, 0.0229813665, 0.0176574978, 0.0248447205, 0.02635315, 1, 0.0651286602;0.0247559894, 0.0334516415, 0.0264418811, 0.0400177462, 0.0247559894, 0.0451641526, 0.0332741792, 0.0246672582, 0.034960071, 0.0651286602, 1]
data_train = ['GACGTGACGGCCGTGTGATTCTTTGAAACGGGGCCGGCAGCTAATCATGCGTGTGCACCG', 'CTGTTTTCTTCGCGGGTCCCATAATAGGGGTATCGTCCCCAGTTATTTAACGGTACGATC', 'CAGCGTACCGCCTGAAGTGAAACACATTTCAACACAAAATCAGTGGCGCCATAGGCCAGA', 'AGGCTGACGTCAGAGCGACCCCAACCAGCAAACGACGGGCTGACTCTGTTCGTCCCCGAC', 'TAAGAGCGTAGCTCGCGGAATTCAGATTTGGAGGAGTTCAAGTGAGCGAGAATGGCACCT', 'ACTTAGTTCCGCACCAGCAATGCATCGTTTGGATGAGCACTCCTGAGGAAAACGATATGA', 'ATGGGCACAAACTGCGCAGACCTCTTCAGCGTAATAGCAAACTCCCTGAAAGCGATTACT', 'CCAAACACTTGGGAGAACATCGCGCAACTGAGAGATTTTGCGCCTCGTTGTGATAGCCTA', 'GTGAGCTTGCAATGAGTGTGGCCCTATGCATCCTACGTATTCCGTTCCCGTGCCAGTATG', 'GACTCTAGCTCGACACATTTGCGAGTCCGATGCTCCACTCGAAAACAGTCCGGATGACAA', 'CGCTACCGATAGGGACATTACCGATTGGCAGGCCTGCATATGATGAACCACTTAAAATGT']
feature_class = 'string'
seqlen = 60
data_test = ['GCGATGAGCGGTAGCGGTTGTTTAAACGAGGCATCTAGGATGTCAACGCGCGCGCTTCGC', 'CTTCGGTCCCGCCAGAACAGCCGAATCCACGGGACTTACAACAGGAATAGCGCAAACGCA']
kparam0_degree = 20
km_test = [0.0331854481, 0.0297249335;0.0317657498, 0.0351375333;0.0367346939, 0.0316770186;0.0401952085, 0.0298136646;0.040461402, 0.0367346939;0.0370896185, 0.0519964508;0.0452528838, 0.0454303461;0.0230700976, 0.0606921029;0.0386867791, 0.0229813665;0.0401952085, 0.0400177462;0.0314995563, 0.0551020408]
alphabet = 'DNA'
kparam1_max_mismatch = 0
accuracy = 1e-10
data_class = 'dna'
