name = 'WeightedDegreePositionString'
feature_type = 'char'
data_type = ''
km_train = [1, 0.0695825895, 0.0953413245, 0.059041061, 0.0649494177, 0.0595936411, 0.0521550625, 0.0520700502, 0.0512624331, 0.058020913, 0.0569582589;0.0695825895, 0.974751339, 0.0975091388, 0.0646093684, 0.0574258267, 0.0635467143, 0.0630366403, 0.0838221542, 0.0652469608, 0.0972115957, 0.0597211596;0.0953413245, 0.0975091388, 0.98648304, 0.0904106095, 0.0599336904, 0.0832695741, 0.0997194593, 0.0665646519, 0.058020913, 0.058530987, 0.0589135425;0.059041061, 0.0646093684, 0.0904106095, 0.988268299, 0.0687324662, 0.0788914393, 0.0956813738, 0.0598061719, 0.0726005271, 0.0479044461, 0.0668196889;0.0649494177, 0.0574258267, 0.0599336904, 0.0687324662, 0.975006376, 0.0594661226, 0.0614214061, 0.0917708068, 0.0689875032, 0.0743432798, 0.0471818414;0.0595936411, 0.0635467143, 0.0832695741, 0.0788914393, 0.0594661226, 0.968290402, 0.0830570433, 0.0497322112, 0.0504973221, 0.0555555556, 0.0498597297;0.0521550625, 0.0630366403, 0.0997194593, 0.0956813738, 0.0614214061, 0.0830570433, 0.980022103, 0.0788064269, 0.0718354161, 0.062951628, 0.0811867721;0.0520700502, 0.0838221542, 0.0665646519, 0.0598061719, 0.0917708068, 0.0497322112, 0.0788064269, 0.99634447, 0.0843322282, 0.105330273, 0.0719629346;0.0512624331, 0.0652469608, 0.058020913, 0.0726005271, 0.0689875032, 0.0504973221, 0.0718354161, 0.0843322282, 0.991073706, 0.069455071, 0.0689024909;0.058020913, 0.0972115957, 0.058530987, 0.0479044461, 0.0743432798, 0.0555555556, 0.062951628, 0.105330273, 0.069455071, 0.994984273, 0.0596361472;0.0569582589, 0.0597211596, 0.0589135425, 0.0668196889, 0.0471818414, 0.0498597297, 0.0811867721, 0.0719629346, 0.0689024909, 0.0596361472, 1.00161523]
data_train = ['TTTCTCCCTGCCATGTGGAGAAGCGTCACCGCAATTTTAACACCGCAAATAATTGTTAGA', 'AATTTTACTGTCAGCGAGATCGCGCATGCGTACATCTCCGGTAGCTAGCGCGAGGAGCGC', 'TTCTTTACCCCGTGATATCGACACAATGCCGCTGTATCCCACAATACGATATTACGACGC', 'ACTACTACCACCTTGCCCCGACTCCATATGGTTACATAGTAAACATTCCGTACATACCAC', 'ACTCGTCTACAGATCTAATCAGAGGAACTCTATAACACGTCGACCGCCTAGTCCAAAGTG', 'ATCAATATAGTTCTACGTCGCACACGCAATGTGCACAAGGTCAGATAGATAGAACTATAG', 'ATCCTCAGGAACGAGATTCGCGACATGCTGCTTCGCAGTTAAACTAGGGTACTACCGCTC', 'TGATTTTGACAAACCTATAGAGGCTACTCGCTTCAGCTGTGGAGGTGACGCCCCTAGTTT', 'CTCGTGGACAAGCTCAGATAGCATGCTGAGGCCCGCATAAAGGCACGTCCCCCGCAGCAC', 'ACGTTCGATGTATCTTATAAGGGGCAGGCCATACGCCCGTGGTAAGGAGGCAGGATTTAC', 'ATGGAACCGCGGGCTGTAGACCGAGATTGGGGCGCGGGTAGCTCTTGGGCTCATTCCTTT']
feature_class = 'string'
seqlen = 60
data_test = ['GCACCTACTTAGTTCCGCACCAGCAATGCATCGTTTGGATGAGCACTCCTGAGGAAAACG', 'TTCACTAGTCGAATACTCTTCAGCAGATAAATGTCCACGGCTATACCCGCCGGTAGGCCC']
kparam0_degree = 20
km_test = [0.062186517, 0.0468842982;0.0930034855, 0.0745133044;0.0855649069, 0.0768511434;0.0859474624, 0.0742582674;0.0761285386, 0.0764685879;0.0572983083, 0.0752784154;0.0511774207, 0.0665221457;0.0497322112, 0.0628241095;0.0708152682, 0.0589135425;0.0690725155, 0.0654594916;0.0496046927, 0.0510924084]
alphabet = 'DNA'
accuracy = 1e-08
data_class = 'dna'
