name = 'WeightedDegreePositionString'
alphabet = 'DNA'
km_test = [0.0754708904, 0.0507705479;0.0782962329, 0.0765410959;0.0689212329, 0.0731164384;0.0459332192, 0.0843321918;0.0718321918, 0.0742722603;0.0857876712, 0.0736729452;0.0569349315, 0.0460616438;0.0516695205, 0.062885274;0.0648972603, 0.0798373288;0.0355736301, 0.0525684932;0.0550941781, 0.0717893836]
degree = 20
km_train = [1, 0.0569777397, 0.0735873288, 0.0553082192, 0.0562928082, 0.102910959, 0.0635273973, 0.0547517123, 0.0603167808, 0.0458047945, 0.0662671233;0.0569777397, 0.992123288, 0.0915239726, 0.0601883562, 0.0659674658, 0.0456763699, 0.0713613014, 0.0525256849, 0.0535530822, 0.0569349315, 0.0756849315;0.0735873288, 0.0915239726, 1.00984589, 0.0382705479, 0.0581763699, 0.0812928082, 0.0634417808, 0.0579195205, 0.0797945205, 0.0707619863, 0.0604023973;0.0553082192, 0.0601883562, 0.0382705479, 0.998715753, 0.0770547945, 0.0696489726, 0.0537671233, 0.0919520548, 0.0625428082, 0.0592037671, 0.0692636986;0.0562928082, 0.0659674658, 0.0581763699, 0.0770547945, 1.01027397, 0.0534246575, 0.0837328767, 0.0619434932, 0.0742294521, 0.0567208904, 0.0751712329;0.102910959, 0.0456763699, 0.0812928082, 0.0696489726, 0.0534246575, 0.99880137, 0.0498287671, 0.0851883562, 0.0494006849, 0.0622003425, 0.0687928082;0.0635273973, 0.0713613014, 0.0634417808, 0.0537671233, 0.0837328767, 0.0498287671, 0.985359589, 0.0627568493, 0.0653681507, 0.0596318493, 0.0519691781;0.0547517123, 0.0525256849, 0.0579195205, 0.0919520548, 0.0619434932, 0.0851883562, 0.0627568493, 0.997003425, 0.0483304795, 0.0733732877, 0.0485873288;0.0603167808, 0.0535530822, 0.0797945205, 0.0625428082, 0.0742294521, 0.0494006849, 0.0653681507, 0.0483304795, 0.998630137, 0.0562928082, 0.0525256849;0.0458047945, 0.0569349315, 0.0707619863, 0.0592037671, 0.0567208904, 0.0622003425, 0.0596318493, 0.0733732877, 0.0562928082, 0.998630137, 0.0931078767;0.0662671233, 0.0756849315, 0.0604023973, 0.0692636986, 0.0751712329, 0.0687928082, 0.0519691781, 0.0485873288, 0.0525256849, 0.0931078767, 0.98869863]
data_train = ['CAGCTCGTGATAGCTACCCGTCGCTCTTTTCCGCTGTTTCAGAGTCCTTTTATAGGACTG', 'GCCGACCCTTCATTTGCACATACCGCATATTGTGGTGAATCAACGCGCCGCTGGTCACAA', 'AGCCGCTGTAATGTTGCAACTTAGCCTGATCCTCGCGGATTTGTGAAAAATTTTGCAGCT', 'CCCTATTCATCGACCATTTTATATTCCGTGGAAGTTAAGGACCAGTGTGAGCCTGACTGA', 'TTGCTTCGTACGCCGCAGGAAAACGTGGCGGCCTTGCCCCGACTGCACCAGCCCTCGAAA', 'AAGCGCGGGATAGACTATTTGTGACTAATCTTCCGCGCGGGTTAGCGGTTTCCAGTGGTG', 'TATTACAGGGCTCGGTCACAAGGAGCGCGTCGCGTACGCACCGTTCTCCAATGCTGAACA', 'TTAGCCGGATAAGGCATTGCATGTTACGATCATAGAAGGCCCCACGACGACGCAATTTAT', 'ATTCCTTTAGTACTTCGAATAGCACCCCGAAAGATCTCCGTGATGAACCTGAGCGGCTCT', 'GGTTGGTGCTAAAACGAGCGCAGAGAAATCGATGATGGTAACCGATAACCCACTCCTGCT', 'AGTTGTGCTAGAGAGGACGACCATCTTAGCGGACTCAAATCAGGGTGAGCTACCGTGGAA']
seqlen = 60
data_test = ['GACTCAACTACGTCTGTAATGTCTCGTAATTGCCCCCACCGTCACAGCTTTGTACTAATC', 'TTCGAATCTGAGGATGAGTATATGCCTCGATGTAGGCCAGGAGCATTGATCCCGGCGTCG']
