name = 'WeightedDegreeString'
feature_type = 'char'
data_type = ''
km_train = [1, 0.0331854481, 0.0383318545, 0.0384205856, 0.0651286602, 0.0297249335, 0.0212067436, 0.0309671695, 0.0124223602, 0.0379769299, 0.0261756877;0.0331854481, 1, 0.0316770186, 0.0331854481, 0.0245785271, 0.0370896185, 0.0362910382, 0.0297249335, 0.0247559894, 0.0229813665, 0.0211180124;0.0383318545, 0.0316770186, 1, 0.015971606, 0.0401064774, 0.0367346939, 0.0314108252, 0.0333629104, 0.043566992, 0.0299023957, 0.0385093168;0.0384205856, 0.0331854481, 0.015971606, 1, 0.0384205856, 0.0264418811, 0.0315882875, 0.0666370896, 0.0438331854, 0.0264418811, 0.0141969831;0.0651286602, 0.0245785271, 0.0401064774, 0.0384205856, 1, 0.0158828749, 0.0265306122, 0.0246672582, 0.0367346939, 0.0433007986, 0.0517302573;0.0297249335, 0.0370896185, 0.0367346939, 0.0264418811, 0.0158828749, 1, 0.0330967169, 0.048447205, 0.0331854481, 0.0640638864, 0.0379769299;0.0212067436, 0.0362910382, 0.0314108252, 0.0315882875, 0.0265306122, 0.0330967169, 1, 0.0351375333, 0.0400177462, 0.0437444543, 0.0247559894;0.0309671695, 0.0297249335, 0.0333629104, 0.0666370896, 0.0246672582, 0.048447205, 0.0351375333, 1, 0.0315882875, 0.0246672582, 0.0212954747;0.0124223602, 0.0247559894, 0.043566992, 0.0438331854, 0.0367346939, 0.0331854481, 0.0400177462, 0.0315882875, 1, 0.0279503106, 0.0418811003;0.0379769299, 0.0229813665, 0.0299023957, 0.0264418811, 0.0433007986, 0.0640638864, 0.0437444543, 0.0246672582, 0.0279503106, 1, 0.0434782609;0.0261756877, 0.0211180124, 0.0385093168, 0.0141969831, 0.0517302573, 0.0379769299, 0.0247559894, 0.0212954747, 0.0418811003, 0.0434782609, 1]
data_train = ['ATGGTTGTATCTATGTGTAGGTAGTGCCGAGCCTTGCGAATGCAGGTACAGTGCATCGAC', 'AATTCTCGCGTGGCTCTCGCTATTACCTTAGAGCGGATAATAGGGGATCCCATGGTGGCG', 'TCGTGCCCGCTTCTGCTAGGGCCGTCCCGTCCGGACACCCGAGTTACCTTGTCTGCGTCC', 'GGCACTACCAAAGTATGCAAGTATTTGGGAATAGTGGCTGACAGCTTCAGCAAGGTTAAT', 'ATTTGAACCTCGGGGTGTCGGTCTAGCCGCCCAATTTGCTATCTTCTTAGTGTATGCTGA', 'ACCGATGTTCGCGTTGTAGTACGGCTTTCACGACGCAAAGAAACGAGACCTACGTGTCCC', 'TGCCGCAGAAATACCGCTTACGTTACGGAACAACGTCTGTTTTCAGGCATGGGTCGTTCC', 'TCCACCATTTCCGTTCTTTTAAGCTTGGTTAATAGAGCTGCTTTCACTAAGTGAGTTCGG', 'TCTCGCCATATATGAGAGAATAATCAGGATGGAGAAGGCCACGTGCAGAGTACAGGCACC', 'TAGAAGAGATGATCTTAACCCTTGTTTCCGTGAGGTTTGCGTCTTGTACTCGCGTGTCTC', 'ATCTGCTAGGGATGCCCAGCACGGGCTCATTACTTTTGTCGTAACCCGGTTATAAGCTTT']
feature_class = 'string'
seqlen = 60
data_test = ['ATTCTAGGTCGGACCTGTGCTGCGCAGTTTCGACTTTCTAATGGGAAATTAGTCTAGAGT', 'TTTATGCTTAAGGTAACAATCCACTGTCCCCTCGAGTGGTGCCGGCCTACATAGAGTCGC']
kparam0_degree = 20
km_test = [0.0314995563, 0.0318544809;0.043566992, 0.0211180124;0.02635315, 0.0265306122;0.0228926353, 0.0402839397;0.0537710736, 0.0385980479;0.0500443656, 0.0385093168;0.0332741792, 0.02635315;0.0211180124, 0.0433895297;0.034960071, 0.0352262644;0.0299911269, 0.0436557232;0.0367346939, 0.0332741792]
alphabet = 'DNA'
kparam1_max_mismatch = 0
accuracy = 1e-10
data_class = 'dna'
