name = 'WeightedCommWordString'
accuracy = 1e-09
reverse = 'False'
data_type = ''
km_train = [1, 0.943935471, 0.92531738, 0.948133756, 0.884527451, 0.883151275, 0.929732807, 0.932071833, 0.934370735, 0.9120777, 0.889508957;0.943935471, 1, 0.876160595, 0.908981917, 0.93429515, 0.930466349, 0.945094582, 0.959521938, 0.957693065, 0.925509166, 0.888007042;0.92531738, 0.876160595, 1, 0.938048661, 0.732327409, 0.783441362, 0.881161093, 0.881384691, 0.828473519, 0.843112216, 0.84728165;0.948133756, 0.908981917, 0.938048661, 1, 0.855336456, 0.87429187, 0.9220999, 0.929127997, 0.902151106, 0.936744236, 0.94337932;0.884527451, 0.93429515, 0.732327409, 0.855336456, 1, 0.938175165, 0.893604314, 0.918741784, 0.955497998, 0.929454057, 0.881678767;0.883151275, 0.930466349, 0.783441362, 0.87429187, 0.938175165, 1, 0.908304925, 0.95745006, 0.923147804, 0.946922765, 0.932024371;0.929732807, 0.945094582, 0.881161093, 0.9220999, 0.893604314, 0.908304925, 1, 0.92747585, 0.942474155, 0.906213885, 0.879915479;0.932071833, 0.959521938, 0.881384691, 0.929127997, 0.918741784, 0.95745006, 0.92747585, 1, 0.945463078, 0.948840596, 0.93634132;0.934370735, 0.957693065, 0.828473519, 0.902151106, 0.955497998, 0.923147804, 0.942474155, 0.945463078, 1, 0.927219427, 0.871246986;0.9120777, 0.925509166, 0.843112216, 0.936744236, 0.929454057, 0.946922765, 0.906213885, 0.948840596, 0.927219427, 1, 0.947055989;0.889508957, 0.888007042, 0.84728165, 0.94337932, 0.881678767, 0.932024371, 0.879915479, 0.93634132, 0.871246986, 0.947055989, 1]
data_train = ['GTGGAGGTGACGCCCCTAGTTTCTCGTGGACAAGCTCAGATAGCATGCTGAGGCCCGCAT', 'AAAGGCACGTCCCCCGCAGCACACGTTCGATGTATCTTATAAGGGGCAGGCCATACGCCC', 'GTGGTAAGGAGGCAGGATTTACATGGAACCGCGGGCTGTAGACCGAGATTGGGGCGCGGG', 'TAGCTCTTGGGCTCATTCCTTTTGACGATGAAACGGGGCGTAAGGCGGCATGAACTGAGA', 'ACACATAACGTGCGTCACTCGTCCGCAGCCAAAGTCAATGCACTTCCGCTCTATTTCCAA', 'ACGACTATCAGCGAAGCAAGTACCAATGTATGAATCTACCCAGTCCACATGTTCCATGAA', 'TTCGAAAAGCAGCAACGCGAGCAAGGTCTTAGTAGCTCGCAGGGATAGCATCGCATCTTA', 'CTACCGATCCGAATATCCACCACCCAATGGCGATGAGCGGTAGCGGTTGTTTAAACGAGG', 'CATCTAGGATGTCAACGCGCGCGCTTCGCCCTGCTAGAGCGAACTTACGCACATCCAAGG', 'CTTGAACTCAGACACTAGTAACACGTTACACCTTCGACAGGTATTGAATTGCCTGGCGGC', 'TTCCATGATCTTGGGCAACGGTTTGTCCCAAATACTGATGCGGACATTATAAATGTGACT']
len_seq = 60
kparam1_normalization = 2
data_test = ['CCAGCGTGGACGTCTCTGCATAGCTCCCTGCCTCTGTCGGGCTCGGCTATATGACCGACT', 'TCCCCTTCTTTAGCTAGCCGTGTCGCAGGGGGAAGCACGCGGCTGGGAGCTTGCACCCGA']
gap = 0
order = 3
kparam0_use_sign = 'False'
km_test = [0.952910216, 0.966927355;0.914029067, 0.935111816;0.837810535, 0.898071322;0.913547473, 0.924674324;0.911352292, 0.876630239;0.857921734, 0.824009704;0.869748988, 0.901436474;0.90242359, 0.901393304;0.932392861, 0.928927136;0.893949171, 0.876350889;0.861385279, 0.833108232]
alphabet = 'DNA'
data_class = 'dna'
feature_class = 'wordstring'
feature_type = 'char'
