name = 'WeightedDegreePositionString'
feature_type = 'char'
data_type = ''
km_train = [1, 0.0696559266, 0.0548918987, 0.0679313536, 0.05674266, 0.0638933288, 0.0888365441, 0.0868175318, 0.0971229074, 0.0665853453, 0.0587616724;0.0696559266, 0.979809876, 0.0634306385, 0.0685202322, 0.0366787247, 0.0567005973, 0.0840834525, 0.0784891057, 0.0751661479, 0.0925380668, 0.0566164718;0.0548918987, 0.0634306385, 0.977874989, 0.060570371, 0.083999327, 0.0624631951, 0.0546395222, 0.0591402372, 0.0599394296, 0.0409270632, 0.0569529738;0.0679313536, 0.0685202322, 0.060570371, 0.974930596, 0.0596870531, 0.0777319761, 0.0608648103, 0.0800454278, 0.0755447127, 0.0739042652, 0.0742407672;0.05674266, 0.0366787247, 0.083999327, 0.0596870531, 0.964835535, 0.0493396147, 0.0531673256, 0.0623370068, 0.078615294, 0.064734584, 0.0699083032;0.0638933288, 0.0567005973, 0.0624631951, 0.0777319761, 0.0493396147, 0.9878018, 0.0687726087, 0.0504753092, 0.0708757466, 0.0726844452, 0.0632203247;0.0888365441, 0.0840834525, 0.0546395222, 0.0608648103, 0.0531673256, 0.0687726087, 0.99099857, 0.0739042652, 0.100908556, 0.065954404, 0.0567005973;0.0868175318, 0.0784891057, 0.0591402372, 0.0800454278, 0.0623370068, 0.0504753092, 0.0739042652, 0.976192479, 0.0794986119, 0.0766383444, 0.0559855304;0.0971229074, 0.0751661479, 0.0599394296, 0.0755447127, 0.078615294, 0.0708757466, 0.100908556, 0.0794986119, 0.971229074, 0.0908976192, 0.0601076807;0.0665853453, 0.0925380668, 0.0409270632, 0.0739042652, 0.064734584, 0.0726844452, 0.065954404, 0.0766383444, 0.0908976192, 0.97299571, 0.0684781694;0.0587616724, 0.0566164718, 0.0569529738, 0.0742407672, 0.0699083032, 0.0632203247, 0.0567005973, 0.0559855304, 0.0601076807, 0.0684781694, 0.964835535]
data_train = ['TATCCGGGCATGAGTTGCCAAACATTGAGCCCCCCATTTCCACAGATCGGCCGTGTGTTC', 'CCTAGATGGCAACATTAGTTTAATATCTCAGCCGCAGCCGCGAAAGGTTTAGGCCAGATC', 'GCGTCTCGAACGGCGTATCAGGTGGGTCTGACATCATAGGCTTTTATATTAGAAATTGCG', 'TAAGTACTGTGATACAACAATTAATGTTCCCTCGTCACCAGCTCCAATGGTTGTAATCGG', 'TGATTCCTAATTCTACTGAAGTCCCTAGTGACATTCAGTATACGTCAACTCAGCGTCTAT', 'GTAGGTAAAGGATTGAGTGGCAGGGCCCCTACCTCCTGCTGAGCACAGGGACGTATGGGT', 'CGCCGATCTATTGAGGGCGCCTTTTCTCCCTGCCATGTGGAGAAGCGTCACCGCAATTTT', 'AACACCGCAAATAATTGTTAGAAATTTTACTGTCAGCGAGATCGCGCATGCGTACATCTC', 'CGGTAGCTAGCGCGAGGAGCGCTTCTTTACCCCGTGATATCGACACAATGCCGCTGTATC', 'CCACAATACGATATTACGACGCACTACTACCACCTTGCCCCGACTCCATATGGTTACATA', 'GTAAACATTCCGTACATACCACACTCGTCTACAGATCTAATCAGAGGAACTCTATAACAC']
feature_class = 'string'
data_test = ['ATATCGATAGTATGCGGGTATTCTAACTCTCAACATCACCGTAGCGCCTCCTGGATTCTG', 'AGCCAGATAACCCCTGACTCATGGAAGAGGCTTGAACATACCGACCTATTCTATGCCATA']
kparam0_degree = 20
km_test = [0.0664591571, 0.0607806848;0.0670900984, 0.0572053504;0.0587196097, 0.0674266005;0.0808025574, 0.0475729789;0.0680996046, 0.0614536889;0.0649448978, 0.0399596198;0.092159502, 0.0523681333;0.0791621099, 0.0584672331;0.0591402372, 0.0704130563;0.082611256, 0.0719273156;0.0661647178, 0.065954404]
alphabet = 'DNA'
accuracy = 1e-08
len_seq = 60
data_class = 'dna'
