name = 'WeightedDegreePositionStringKernel'
degree = 20
km_train = [1, 0.0642832735, 0.0609516487, 0.0803434136, 0.0766700837, 0.0903382881, 0.0591576969, 0.0615069195, 0.0999060311, 0.0913634034, 0.0497608064;0.0642832735, 1.00281907, 0.0589868444, 0.0641978473, 0.0682555954, 0.0615496327, 0.0687681531, 0.0733384589, 0.0622330429, 0.0852554246, 0.0725269093;0.0609516487, 0.0589868444, 1.02033145, 0.0766273706, 0.123141978, 0.0888860413, 0.0639842816, 0.0515547582, 0.0823936443, 0.0511276269, 0.120152059;0.0803434136, 0.0641978473, 0.0766273706, 0.994618145, 0.0681701691, 0.0685545874, 0.0534768495, 0.0715445071, 0.0492482488, 0.0639415684, 0.0771826414;0.0766700837, 0.0682555954, 0.123141978, 0.0681701691, 1.00615069, 0.077054502, 0.0781223304, 0.0700922604, 0.0675721852, 0.0414744575, 0.0701349735;0.0903382881, 0.0615496327, 0.0888860413, 0.0685545874, 0.077054502, 1.00478387, 0.0556979327, 0.0722706304, 0.102554246, 0.0676148983, 0.0868358107;0.0591576969, 0.0687681531, 0.0639842816, 0.0534768495, 0.0781223304, 0.0556979327, 0.991371946, 0.0741500085, 0.0576200239, 0.0763710917, 0.064112421;0.0615069195, 0.0733384589, 0.0515547582, 0.0715445071, 0.0700922604, 0.0722706304, 0.0741500085, 1.00948232, 0.0645822655, 0.0833760465, 0.05920041;0.0999060311, 0.0622330429, 0.0823936443, 0.0492482488, 0.0675721852, 0.102554246, 0.0576200239, 0.0645822655, 0.991713651, 0.0633862976, 0.0624038954;0.0913634034, 0.0852554246, 0.0511276269, 0.0639415684, 0.0414744575, 0.0676148983, 0.0763710917, 0.0833760465, 0.0633862976, 0.994874423, 0.049632667;0.0497608064, 0.0725269093, 0.120152059, 0.0771826414, 0.0701349735, 0.0868358107, 0.064112421, 0.05920041, 0.0624038954, 0.049632667, 1.0152913]
data_train = ['CAATCCACGCGGAATCCTTAAAATTAGGCTTCCTTAGCCTCTGCGTAACCAGAAGACTTC', 'TCAAAAGTCAAAGATGCGATCCCGTGCGTTGTACTGTTCATTTTCTAGAGGGTATGACCT', 'GCTACCCGAAAATGAAAAAGAGTATACGCAGGAGCAAAGTAGCCGCGAAAAACATTATGT', 'CGACAGCACCTCCTATAGAAAGCCCCGACTAGAGTAAATCAATAGGCAGCAGATGGGCTC', 'TATGATCGCGAACTGAAAAGAAAAGTGCATCGAGAAATGAGTGCAAACTCGGGCTTTCCG', 'ATAAACGAATGACGAAACGGGGAGCCAGGATCCTTATTGAATGATGTTTCAAACAGCTAT', 'TTTTCTTCACCATCATCTGTTGAATATTCGTAGACTTGACGAGTCTGCTTGGGATTCATA', 'GGGTTTGAGCACATGTACGCCAGAGTCCCTTAGTTTTTATTAGAACCACGGTCAAGGCAA', 'CGTAGAAGGCAGCGAATTAGGATAACTGCTTCCTCTGGGATTACCATGTTAACCGAAGTG', 'ACGACCATAGCCACATGTGTCTAGACATTTGTCTTTGCCCAAGGCGACGGTTAGAACCCT', 'CGCAAGGTTATTAGTCTTGGGGAAGAGTGCGAGCAAAAAATGCTGCGAAATGTCTGGAAT']
size_ = 10
seqlen = 60
data_test = ['GCAGGACCGGGTACTACCACATAGGCCACGTAGATCCGTGGCGGGATGGCCTAATTGTTG', 'AAGGTTGCGTACTCGGACCAATCGCTCCTTATCCAAGCCGTAGATGTAACCATACTCTAC']
max_mismatch = 0
km_test = [0.0678711772, 0.0926020844;0.049931659, 0.0518110371;0.0640697078, 0.0556125064;0.065650094, 0.0618486246;0.0709892363, 0.0684691611;0.0582180079, 0.0860242611;0.0726550487, 0.0473688707;0.0624893217, 0.0943533231;0.059798394, 0.0464718948;0.0632581582, 0.0607807962;0.0464718948, 0.0463437553]
mkl_stepsize = 1
alphabet = 'DNA'
use_normalization = 'True'
