name = 'WeightedCommWordString'
reverse = 'False'
km_train = [1, 0.951518933, 0.905789518, 0.919601166, 0.935387115, 0.916762027, 0.85303833, 0.951269572, 0.947906673, 0.917397675, 0.82985364;0.951518933, 1, 0.847072005, 0.923417974, 0.952750696, 0.872795239, 0.879480612, 0.93621061, 0.914276792, 0.912264763, 0.83993493;0.905789518, 0.847072005, 1, 0.902504951, 0.80783468, 0.970742251, 0.849470437, 0.885275862, 0.883568186, 0.949396288, 0.823933204;0.919601166, 0.923417974, 0.902504951, 1, 0.889786605, 0.919782795, 0.910669408, 0.949714864, 0.903206208, 0.94412224, 0.868763039;0.935387115, 0.952750696, 0.80783468, 0.889786605, 1, 0.831492827, 0.849162148, 0.915663477, 0.927538623, 0.839816062, 0.767596496;0.916762027, 0.872795239, 0.970742251, 0.919782795, 0.831492827, 1, 0.823687663, 0.895408114, 0.909075572, 0.933122682, 0.784539138;0.85303833, 0.879480612, 0.849470437, 0.910669408, 0.849162148, 0.823687663, 1, 0.898582939, 0.853510085, 0.90816572, 0.909060267;0.951269572, 0.93621061, 0.885275862, 0.949714864, 0.915663477, 0.895408114, 0.898582939, 1, 0.91449747, 0.929547655, 0.900174892;0.947906673, 0.914276792, 0.883568186, 0.903206208, 0.927538623, 0.909075572, 0.853510085, 0.91449747, 1, 0.863700386, 0.750741915;0.917397675, 0.912264763, 0.949396288, 0.94412224, 0.839816062, 0.933122682, 0.90816572, 0.929547655, 0.863700386, 1, 0.91686878;0.82985364, 0.83993493, 0.823933204, 0.868763039, 0.767596496, 0.784539138, 0.909060267, 0.900174892, 0.750741915, 0.91686878, 1]
data_train = ['CAATTCAACTGGACTGGTCACGAGGACTGCGGCTCCGTTCTATCGCTGTGCGGCTTATAG', 'TGCGACAGTGTGCTCTATACGGTTACATTGGACTTGTGCTCAATTTTTCCAGACGCATGA', 'AATGTATTGCCGCGGGCGGGACACCACGAACGCCGCTGACCGCTAAAGCCCACGCATTAA', 'ACCAGGTCCTTTCGGGAACAGACGACAATACACTTTTCCCAGTCACTCAGCTGAAGTGTT', 'TTATTCACCTCTTACTTGTCGACCTTTATATTGCCAATTCGGACCTTCGGGTCGGGTGTC', 'AACGCAAGACCTTTGCGAGTGAGCGCCACTGTGCGCCACAGTCACCGCGCTTATCCGCCT', 'ATCCACCTTGAAATAGGCCTAACTAGCCCAATTAATTCGGATTTAGGATACAATAAGCTA', 'CTTCCCATGAACGGTCTCCAATATCTGGTCATCAACATGTCGATTCGGAGAGGAGTGCGT', 'TCTGGCAGAATATTGTTCTCTTGTAACCCCTCCCGGCACTGTCGCCCCTATAGCTGGCTA', 'TTGGACTTGACGCCAGAATAAACGATTGGGATGCGCACGACAGCACCAATGCAGCTTCGT', 'CGTTGGGGAAGAATCAGAATGCGACGAAAATGAAGGAGTCTATATATGAATTCCACGAGA']
seqlen = 60
data_test = ['GAGTCAAAAGGAAAAGACAGCGGGTGGCGCACTCGCGTTCCTCCTACTGCCGACCGGACT', 'AGAATACATTGTACCACTACAATCCTACCGTTCTAAACGGTGGAAGCTAACAAGAGCACT']
gap = 0
km_test = [0.921543141, 0.853931864;0.85081605, 0.869940958;0.955956136, 0.877454535;0.931349453, 0.939757362;0.810684177, 0.80903104;0.944079342, 0.853988915;0.851477322, 0.961404988;0.917620639, 0.898025534;0.868691349, 0.833919156;0.946463372, 0.927221049;0.877832158, 0.910942072]
alphabet = 'DNA'
order = 3
normalization = 2
use_sign = 'False'
