name = 'WeightedCommWordString'
reverse = 'False'
feature_type = 'word'
data_type = ''
km_train = [1, 0.921416069, 0.90038535, 0.909349871, 0.939261933, 0.865407674, 0.789488708, 0.964826278, 0.89072451, 0.939071313, 0.916296493;0.921416069, 1, 0.970729457, 0.962092546, 0.939584061, 0.87876644, 0.888328562, 0.944414342, 0.871175014, 0.957081805, 0.886089556;0.90038535, 0.970729457, 1, 0.962630905, 0.926749912, 0.888085004, 0.907322725, 0.911942832, 0.898658185, 0.946097033, 0.867629259;0.909349871, 0.962092546, 0.962630905, 1, 0.952867015, 0.909349871, 0.911366741, 0.898508054, 0.899892429, 0.948397309, 0.899244857;0.939261933, 0.939584061, 0.926749912, 0.952867015, 1, 0.927822601, 0.904716229, 0.907810076, 0.922094739, 0.955065582, 0.953515104;0.865407674, 0.87876644, 0.888085004, 0.909349871, 0.927822601, 1, 0.917088727, 0.801092857, 0.968779236, 0.940316765, 0.854839367;0.789488708, 0.888328562, 0.907322725, 0.911366741, 0.904716229, 0.917088727, 1, 0.754067391, 0.878203221, 0.885409611, 0.830213374;0.964826278, 0.944414342, 0.911942832, 0.898508054, 0.907810076, 0.801092857, 0.754067391, 1, 0.821070267, 0.917288869, 0.893909394;0.89072451, 0.871175014, 0.898658185, 0.899892429, 0.922094739, 0.968779236, 0.878203221, 0.821070267, 1, 0.936428164, 0.834727728;0.939071313, 0.957081805, 0.946097033, 0.948397309, 0.955065582, 0.940316765, 0.885409611, 0.917288869, 0.936428164, 1, 0.921669959;0.916296493, 0.886089556, 0.867629259, 0.899244857, 0.953515104, 0.854839367, 0.830213374, 0.893909394, 0.834727728, 0.921669959, 1]
data_train = ['CCACCATACTTTATATCCGGCGTCTATAGCGGTTTGTAAATGATTTAGTCGTTGAATGGT', 'CGTCGATAAACAGCTAAGAGTATACGCAGATGGTCCCTTGATTACGTAGACAAGCCATGA', 'AAACAGCACTAAAATAGCTGTGAGATTGGTCAACGGGACGCCGAAATCTTCCTCGGTAGG', 'CGCGTGCTTAGCCTCTAGTTTACGCCAAACAGAACCCCGTGTGTGAGAATGTCACAAATT', 'CATGGTCTCACCATAGCTCGATGAGTTTCAGCGTTACTACCGACAATCGGTCATTGCCCT', 'TGAGGTCCTTGGCCGCGGTACCCATAGAGACATTCCCGTCCTCGGTGGGGACTGTGACTT', 'CACCGGCGATAGGTAACTCGCCCCCAACGCACTCGCGGAGACACGCGGGTCTCGAATACT', 'TGCTTTCGATATTTGACAACGTCCCTACAAAGATGATAGATGTATATCATAATGTTAGGC', 'GGCTGGGCGGTCACTGATCTTGGAAGCAAACGTCCCCTATCGGTGTTTGGGAGTCGTCAT', 'CTTAATCCTAGGCCTGGAGCTTTGACATGGGCGTACCCAGGTAAGTCTGCTACAGATATG', 'CAGCTGCATAACCTACCTGATTCCATTATATCTTTGCTCCGGACATTCGTCTACCTACTA']
feature_class = 'string_complex'
seqlen = 60
data_test = ['CTGCCGCAATGAAGAAGCTTCCTCTGCGATGTGTTGGTGGAATCACCCGGTCGTATTCGC', 'TTGTTAGAGACTTCGGTCGTCTTTCCTCGAACGCGGGGCCAGGCCGATATCCCACAGCTA']
gap = 0
feature_obtain = 'char'
kparam1_normalization = 2
kparam0_use_sign = 'False'
km_test = [0.927988447, 0.894479276;0.914256227, 0.902134974;0.927015375, 0.91007925;0.949241636, 0.928939256;0.95616959, 0.960371288;0.954168008, 0.968102741;0.886906347, 0.936701569;0.882687693, 0.833125865;0.966088894, 0.955483284;0.951431838, 0.946237441;0.895161244, 0.901008597]
alphabet = 'DNA'
accuracy = 1e-09
order = 3
data_class = 'dna'
