name = 'WeightedDegreePositionString'
feature_type = 'Char'
data_type = ''
km_train = [1, 0.0579697698, 0.0644108554, 0.0851082102, 0.0844641017, 0.0483081415, 0.0628649948, 0.0677602199, 0.0524733768, 0.0803847475, 0.0634232223;0.0579697698, 1.02155617, 0.0476210924, 0.0756183442, 0.0595156304, 0.0644967365, 0.0597303332, 0.0553503951, 0.047664033, 0.0618773617, 0.0614050155;0.0644108554, 0.0476210924, 1.00171762, 0.0752318791, 0.0961868774, 0.0761336311, 0.0569821367, 0.0560374442, 0.0724836826, 0.0529886637, 0.0578409481;0.0851082102, 0.0756183442, 0.0752318791, 1.00480934, 0.048265201, 0.0409223634, 0.0648402611, 0.0735142563, 0.0642390931, 0.0622208863, 0.064153212;0.0844641017, 0.0595156304, 0.0961868774, 0.048265201, 0.991841292, 0.0982909653, 0.0778941944, 0.0745018894, 0.0457746479, 0.0384318104, 0.0493387152;0.0483081415, 0.0644967365, 0.0761336311, 0.0409223634, 0.0982909653, 0.996650636, 0.0956286499, 0.0561233253, 0.0599879766, 0.0583991755, 0.0708948815;0.0628649948, 0.0597303332, 0.0569821367, 0.0648402611, 0.0778941944, 0.0956286499, 1.00008588, 0.0484369632, 0.0671590519, 0.0417382343, 0.0602885606;0.0677602199, 0.0553503951, 0.0560374442, 0.0735142563, 0.0745018894, 0.0561233253, 0.0484369632, 1, 0.0576262453, 0.0620920646, 0.0618773617;0.0524733768, 0.047664033, 0.0724836826, 0.0642390931, 0.0457746479, 0.0599879766, 0.0671590519, 0.0576262453, 0.991755411, 0.0494245964, 0.0760906905;0.0803847475, 0.0618773617, 0.0529886637, 0.0622208863, 0.0384318104, 0.0583991755, 0.0417382343, 0.0620920646, 0.0494245964, 0.991497767, 0.088629337;0.0634232223, 0.0614050155, 0.0578409481, 0.064153212, 0.0493387152, 0.0708948815, 0.0602885606, 0.0618773617, 0.0760906905, 0.088629337, 1.00008588]
data_train = ['GACGTGACGGCCGTGTGATTCTTTGAAACGGGGCCGGCAGCTAATCATGCGTGTGCACCG', 'CTGTTTTCTTCGCGGGTCCCATAATAGGGGTATCGTCCCCAGTTATTTAACGGTACGATC', 'CAGCGTACCGCCTGAAGTGAAACACATTTCAACACAAAATCAGTGGCGCCATAGGCCAGA', 'AGGCTGACGTCAGAGCGACCCCAACCAGCAAACGACGGGCTGACTCTGTTCGTCCCCGAC', 'TAAGAGCGTAGCTCGCGGAATTCAGATTTGGAGGAGTTCAAGTGAGCGAGAATGGCACCT', 'ACTTAGTTCCGCACCAGCAATGCATCGTTTGGATGAGCACTCCTGAGGAAAACGATATGA', 'ATGGGCACAAACTGCGCAGACCTCTTCAGCGTAATAGCAAACTCCCTGAAAGCGATTACT', 'CCAAACACTTGGGAGAACATCGCGCAACTGAGAGATTTTGCGCCTCGTTGTGATAGCCTA', 'GTGAGCTTGCAATGAGTGTGGCCCTATGCATCCTACGTATTCCGTTCCCGTGCCAGTATG', 'GACTCTAGCTCGACACATTTGCGAGTCCGATGCTCCACTCGAAAACAGTCCGGATGACAA', 'CGCTACCGATAGGGACATTACCGATTGGCAGGCCTGCATATGATGAACCACTTAAAATGT']
feature_class = 'string'
seqlen = 60
data_test = ['GCGATGAGCGGTAGCGGTTGTTTAAACGAGGCATCTAGGATGTCAACGCGCGCGCTTCGC', 'CTTCGGTCCCGCCAGAACAGCCGAATCCACGGGACTTACAACAGGAATAGCGCAAACGCA']
kparam0_degree = 20
km_test = [0.0852799725, 0.0754895225;0.0619632429, 0.0686619718;0.0611044315, 0.0731277911;0.0726125043, 0.056853315;0.0694778427, 0.0652267262;0.0571968396, 0.0915922363;0.068447269, 0.0753177602;0.0469340433, 0.0868687736;0.0621779457, 0.0535468911;0.071839574, 0.077937135;0.06325146, 0.0881140502]
alphabet = 'DNA'
accuracy = 1e-08
data_class = 'dna'
