functionname = 'test_weighteddegreepositionstring'
kernelname = 'WeightedDegreePositionStringKernel'
data_train = ['CGCGGATAAGACCGAGTAGGGGGCTAAGCACGTTATCTTCTTTTAATGCCTTCGTATAGT', 'ATCTTAGTCCAGGCTTTTTGGGGTCTGACATGTATGCTATACTCCTTGTAAGGCGTTGCA', 'GAAGCCTGTTCTCAAAGCCAACACCGTATCGACCGCTGCACCCTGCGGACGTAAACTGTC', 'TCGGCACAGGCAATTGGCTTGAGTTATGTTCCGTGGTCTGTCGGTTTCAGGGCTCTGGTG', 'TAGGTATTGCCACTCCCACCGGTCTGGTACACCGATCCAGAGAAAATCATAAGTCCCCCT', 'ACTAGCTGCTGGTATGGTCAGGCCCCTACAGTACCTGGAACGGGTCTATGACTCTTGAGG', 'CTGGAAGTCCGTCGACAACGTATCAAGGAACTTATAAGGTATTGCCCAACGCGTGTTGTT', 'AAGTGCTCGAGCTTAGGGTTAACTCTCTAGCATGCCAACCATTGAGCACCGTCACCTAAT', 'CGAGCAAGAAGTGTTTTTGGAAACTCGTGGACGCCAGGTCGAGATAACTGGCCCACAGTA', 'GAGCTTAATATGATTTGGAGGACATGGGTGGGGACTGCGTCAACGCCAGCTCCCGTGAAT', 'TTACCGGCAGGACCGGGTACTACCACATAGGCCACGTAGATCCGTGGCGGGATGGCCTAA']
km_test = [0.0563542021, 0.074855393;0.0665617557, 0.0852756039;0.0658387207, 0.0845951004;0.0464018374, 0.0537597822;0.0648604968, 0.0627764546;0.0618832936, 0.0512929568;0.0611177271, 0.0698792106;0.0729840082, 0.0895287513;0.0845525689, 0.0657961892;0.0697941477, 0.0689860497;0.0627339231, 0.0685607349]
data_test = ['ACCCTCGCAAGGTTATTAGTCTTGGGGAAGAGTGCGAGCAAAAAATGCTGCGAAATGTCT', 'AACTGTGCACCAAGGTTGCGTACTCGGACCAATCGCTCCTTATCCAAGCCGTAGATGTAA']
km_train = [1, 0.0871469888, 0.0406600885, 0.0656260633, 0.0717505954, 0.0529942157, 0.0859561075, 0.0665192242, 0.0678376999, 0.0654559374, 0.0523987751;0.0871469888, 0.998298741, 0.0387461722, 0.0671571963, 0.0791085403, 0.0763014631, 0.0879125553, 0.0403623682, 0.0746852671, 0.0717505954, 0.0432970398;0.0406600885, 0.0387461722, 0.987325621, 0.0514205512, 0.0545253488, 0.0786406941, 0.0585658387, 0.0845951004, 0.0618832936, 0.0610751956, 0.0699217421;0.0656260633, 0.0671571963, 0.0514205512, 0.989111943, 0.0688159238, 0.072516162, 0.055801293, 0.0633293637, 0.0771520925, 0.0726012249, 0.0728138823;0.0717505954, 0.0791085403, 0.0545253488, 0.0688159238, 1.00501871, 0.0502722014, 0.0648179653, 0.0571623001, 0.0569921742, 0.0553334468, 0.0537597822;0.0529942157, 0.0763014631, 0.0786406941, 0.072516162, 0.0502722014, 0.987155495, 0.0532494046, 0.0713252807, 0.0666042872, 0.0694538959, 0.0705171827;0.0859561075, 0.0879125553, 0.0585658387, 0.055801293, 0.0648179653, 0.0532494046, 0.987495747, 0.0668169445, 0.0586509017, 0.0637546785, 0.0523562436;0.0665192242, 0.0403623682, 0.0845951004, 0.0633293637, 0.0571623001, 0.0713252807, 0.0668169445, 0.98239197, 0.0838720653, 0.0697090847, 0.0805120789;0.0678376999, 0.0746852671, 0.0618832936, 0.0771520925, 0.0569921742, 0.0666042872, 0.0586509017, 0.0838720653, 0.998468867, 0.101480095, 0.054993195;0.0654559374, 0.0717505954, 0.0610751956, 0.0726012249, 0.0553334468, 0.0694538959, 0.0637546785, 0.0697090847, 0.101480095, 0.995491664, 0.0547380061;0.0523987751, 0.0432970398, 0.0699217421, 0.0728138823, 0.0537597822, 0.0705171827, 0.0523562436, 0.0805120789, 0.054993195, 0.0547380061, 0.990813202]
alphabet = 'DNA'
seqlen = 60
degree = 20
