name = 'WeightedCommWordString'
accuracy = 1e-09
reverse = 'False'
data_type = ''
km_train = [1, 0.933721132, 0.932756326, 0.938097692, 0.942375391, 0.927524624, 0.946848641, 0.910193144, 0.924365641, 0.89681165, 0.943181575;0.933721132, 1, 0.960461126, 0.857286181, 0.939159892, 0.862444324, 0.924502404, 0.874028064, 0.915364234, 0.952636334, 0.909719923;0.932756326, 0.960461126, 1, 0.875009808, 0.963377555, 0.850782926, 0.906023443, 0.838002378, 0.936195477, 0.946751588, 0.917321667;0.938097692, 0.857286181, 0.875009808, 1, 0.90079332, 0.927350268, 0.926686225, 0.908142046, 0.925935474, 0.860365284, 0.934899839;0.942375391, 0.939159892, 0.963377555, 0.90079332, 1, 0.843479784, 0.892211804, 0.839900999, 0.944038146, 0.955429907, 0.919982882;0.927524624, 0.862444324, 0.850782926, 0.927350268, 0.843479784, 1, 0.968015264, 0.958368765, 0.854983932, 0.804742231, 0.938577421;0.946848641, 0.924502404, 0.906023443, 0.926686225, 0.892211804, 0.968015264, 1, 0.947861922, 0.888286676, 0.869560987, 0.945778715;0.910193144, 0.874028064, 0.838002378, 0.908142046, 0.839900999, 0.958368765, 0.947861922, 1, 0.859278091, 0.827345381, 0.891463527;0.924365641, 0.915364234, 0.936195477, 0.925935474, 0.944038146, 0.854983932, 0.888286676, 0.859278091, 1, 0.950898896, 0.924642606;0.89681165, 0.952636334, 0.946751588, 0.860365284, 0.955429907, 0.804742231, 0.869560987, 0.827345381, 0.950898896, 1, 0.896573202;0.943181575, 0.909719923, 0.917321667, 0.934899839, 0.919982882, 0.938577421, 0.945778715, 0.891463527, 0.924642606, 0.896573202, 1]
data_train = ['CGAAGATACCGCCAGGATCGAACCGTTGAACTCAATAGTCTCCGTATTGAACTCACTGTT', 'TCATACATGCTCCGATATGACGACAGGGGTCTCTGATCGTGAGAAGGGCGGACTTTGACG', 'TTACTCTATGGATGCTTGTGTCGCCATATGAGGGTCATCAGGTGCCAATCCACGCGGAAT', 'CCTTAAAATTAGGCTTCCTTAGCCTCTGCGTAACCAGAAGACTTCTCAAAAGTCAAAGAT', 'GCGATCCCGTGCGTTGTACTGTTCATTTTCTAGAGGGTATGACCTGCTACCCGAAAATGA', 'AAAAGAGTATACGCAGGAGCAAAGTAGCCGCGAAAAACATTATGTCGACAGCACCTCCTA', 'TAGAAAGCCCCGACTAGAGTAAATCAATAGGCAGCAGATGGGCTCTATGATCGCGAACTG', 'AAAAGAAAAGTGCATCGAGAAATGAGTGCAAACTCGGGCTTTCCGATAAACGAATGACGA', 'AACGGGGAGCCAGGATCCTTATTGAATGATGTTTCAAACAGCTATTTTTCTTCACCATCA', 'TCTGTTGAATATTCGTAGACTTGACGAGTCTGCTTGGGATTCATAGGGTTTGAGCACATG', 'TACGCCAGAGTCCCTTAGTTTTTATTAGAACCACGGTCAAGGCAACGTAGAAGGCAGCGA']
feature_class = 'string_complex'
seqlen = 60
data_test = ['ACTCTCTAGCATGCCAACCATTGAGCACCGTCACCTAATCGAGCAAGAAGTGTTTTTGGA', 'CAGTAGAGACTCGTTACATTGTGGATATTGACCCATGCCCGGTCTTATATCTTTTCACAG']
gap = 0
feature_obtain = 'char'
kparam1_normalization = 2
kparam0_use_sign = 'False'
km_test = [0.964531459, 0.927360401;0.913702758, 0.917711646;0.94233952, 0.948617223;0.94959712, 0.897238298;0.948171749, 0.965218163;0.916103454, 0.821050109;0.929063067, 0.864074114;0.880120558, 0.798247631;0.95459278, 0.967378222;0.914086216, 0.956167169;0.956846863, 0.917743004]
alphabet = 'DNA'
data_class = 'dna'
order = 3
feature_type = 'word'
