name = 'WeightedDegreeString'
alphabet = 'DNA'
max_mismatch = 0
km_test = [0.034960071, 0.0176574978;0.0467613132, 0.0555456965;0.040461402, 0.0486246673;0.0299023957, 0.0264418811;0.0377994676, 0.043566992;0.0505767524, 0.0352262644;0.0264418811, 0.0229813665;0.0314995563, 0.0261756877;0.0262644188, 0.0367346939;0.0106477374, 0.0314995563;0.0367346939, 0.0386867791]
degree = 20
km_train = [1, 0.0265306122, 0.036823425, 0.0194321207, 0.0261756877, 0.0682342502, 0.0299023957, 0.0245785271, 0.0316770186, 0.0176574978, 0.0281277728;0.0265306122, 1, 0.058296362, 0.0264418811, 0.036823425, 0.0209405501, 0.0537710736, 0.0229813665, 0.0228926353, 0.0299911269, 0.0459627329;0.036823425, 0.058296362, 1, 0.0211180124, 0.0279503106, 0.0466725821, 0.0316770186, 0.0381543922, 0.048447205, 0.0384205856, 0.0405501331;0.0194321207, 0.0264418811, 0.0211180124, 1, 0.0433007986, 0.0348713398, 0.0211180124, 0.0622005324, 0.0333629104, 0.0367346939, 0.0385093168;0.0261756877, 0.036823425, 0.0279503106, 0.0433007986, 1, 0.0299023957, 0.0473824312, 0.0264418811, 0.0367346939, 0.0212067436, 0.0386867791;0.0682342502, 0.0209405501, 0.0466725821, 0.0348713398, 0.0299023957, 1, 0.0193433895, 0.0366459627, 0.0264418811, 0.0397515528, 0.0554569654;0.0299023957, 0.0537710736, 0.0316770186, 0.0211180124, 0.0473824312, 0.0193433895, 1, 0.028216504, 0.040461402, 0.0297249335, 0.0212067436;0.0245785271, 0.0229813665, 0.0381543922, 0.0622005324, 0.0264418811, 0.0366459627, 0.028216504, 1, 0.0229813665, 0.0385093168, 0.0212067436;0.0316770186, 0.0228926353, 0.048447205, 0.0333629104, 0.0367346939, 0.0264418811, 0.040461402, 0.0229813665, 1, 0.0194321207, 0.0246672582;0.0176574978, 0.0299911269, 0.0384205856, 0.0367346939, 0.0212067436, 0.0397515528, 0.0297249335, 0.0385093168, 0.0194321207, 1, 0.0485359361;0.0281277728, 0.0459627329, 0.0405501331, 0.0385093168, 0.0386867791, 0.0554569654, 0.0212067436, 0.0212067436, 0.0246672582, 0.0485359361, 1]
data_train = ['CAGCTCGTGATAGCTACCCGTCGCTCTTTTCCGCTGTTTCAGAGTCCTTTTATAGGACTG', 'GCCGACCCTTCATTTGCACATACCGCATATTGTGGTGAATCAACGCGCCGCTGGTCACAA', 'AGCCGCTGTAATGTTGCAACTTAGCCTGATCCTCGCGGATTTGTGAAAAATTTTGCAGCT', 'CCCTATTCATCGACCATTTTATATTCCGTGGAAGTTAAGGACCAGTGTGAGCCTGACTGA', 'TTGCTTCGTACGCCGCAGGAAAACGTGGCGGCCTTGCCCCGACTGCACCAGCCCTCGAAA', 'AAGCGCGGGATAGACTATTTGTGACTAATCTTCCGCGCGGGTTAGCGGTTTCCAGTGGTG', 'TATTACAGGGCTCGGTCACAAGGAGCGCGTCGCGTACGCACCGTTCTCCAATGCTGAACA', 'TTAGCCGGATAAGGCATTGCATGTTACGATCATAGAAGGCCCCACGACGACGCAATTTAT', 'ATTCCTTTAGTACTTCGAATAGCACCCCGAAAGATCTCCGTGATGAACCTGAGCGGCTCT', 'GGTTGGTGCTAAAACGAGCGCAGAGAAATCGATGATGGTAACCGATAACCCACTCCTGCT', 'AGTTGTGCTAGAGAGGACGACCATCTTAGCGGACTCAAATCAGGGTGAGCTACCGTGGAA']
seqlen = 60
data_test = ['GACTCAACTACGTCTGTAATGTCTCGTAATTGCCCCCACCGTCACAGCTTTGTACTAATC', 'TTCGAATCTGAGGATGAGTATATGCCTCGATGTAGGCCAGGAGCATTGATCCCGGCGTCG']
