name = 'WeightedCommWordString'
reverse = 'False'
feature_type = 'Word'
data_type = ''
km_train = [1, 0.864633455, 0.909322985, 0.913545351, 0.941541765, 0.931738506, 0.925856408, 0.93672497, 0.963369175, 0.938945681, 0.946638563;0.864633455, 1, 0.816005571, 0.847914174, 0.931735799, 0.950702527, 0.9236849, 0.886514915, 0.883450392, 0.935066906, 0.843535552;0.909322985, 0.816005571, 1, 0.884224732, 0.870422812, 0.823784339, 0.865468902, 0.952101728, 0.94024329, 0.889222471, 0.956283458;0.913545351, 0.847914174, 0.884224732, 1, 0.937610154, 0.910405393, 0.942822554, 0.893954631, 0.946850545, 0.939710338, 0.890086244;0.941541765, 0.931735799, 0.870422812, 0.937610154, 1, 0.970581915, 0.969663073, 0.914858492, 0.95146275, 0.960204973, 0.906125587;0.931738506, 0.950702527, 0.823784339, 0.910405393, 0.970581915, 1, 0.960286656, 0.889478818, 0.919348323, 0.954820248, 0.882719139;0.925856408, 0.9236849, 0.865468902, 0.942822554, 0.969663073, 0.960286656, 1, 0.902691905, 0.937626029, 0.972474516, 0.905217437;0.93672497, 0.886514915, 0.952101728, 0.893954631, 0.914858492, 0.889478818, 0.902691905, 1, 0.960534202, 0.92271525, 0.934528817;0.963369175, 0.883450392, 0.94024329, 0.946850545, 0.95146275, 0.919348323, 0.937626029, 0.960534202, 1, 0.954235356, 0.963287038;0.938945681, 0.935066906, 0.889222471, 0.939710338, 0.960204973, 0.954820248, 0.972474516, 0.92271525, 0.954235356, 1, 0.920416441;0.946638563, 0.843535552, 0.956283458, 0.890086244, 0.906125587, 0.882719139, 0.905217437, 0.934528817, 0.963287038, 0.920416441, 1]
data_train = ['GTCTCCGATGTGTCATCCACCCAGCGAAGCTAAAGATCCGTTTACGCATACAATCGCAAT', 'GGGAATGCCGTGTGAATCTACAGGTACGTGTACGATGCCTACACTGGGGTAGCGGAGACA', 'GACCTCTACACGGCCGGGACCCGTGACTCCCAATGGCCCACAACCGGTCCCAGATCCTTA', 'GTATTGCATCCTGCCCCACCGCTGCAAATGCGTTGCCGAGTGCCTGCCGAATGTTTTCCA', 'CAGCAGGTTTTGGTGTGTTAAGTAGTCCCTGACCGCCAAATATCGTCACGGCACGTGCGG', 'TTTCTGCACGGTGAGATCGCCGCGTATGATATTGCCGTTAAGTAGGTCTACACGGAAAAT', 'CGGTGTCCTGCGAAACTCCATCGGGTTGCTTTCAGTAAGCGCTGGCACGAGCGCTATTAC', 'CGAACCACAGGAGTGCGCCACGACATACGGCCAAAGTAGTTGGCCCGAAACTCCCCTGCA', 'GTGGCCAGCCCTGGCGCCTCCAGTGCACACCAATGATAACGGCATCTACCAAATTTGTTA', 'TGCCGGAGCAGTCTAGGTACTGCGGCCTCAATGTCATGGATACTTGCTCCGAGCCATAGT', 'GGTAATTACACAACGGCTTACCTTACCGGCAGGGCCGGATCCTCCTCACCATCCACATTT']
feature_class = 'string_complex'
seqlen = 60
data_test = ['AGACGCAATGTACTGATTAAAGGAGCCCGCCTAGGGAATAATGGTGCTCTTTACGTGTGC', 'GGCAGAGCTAAACACTGGAGATCCCTAGAGTCCTGCGGATCATCAGTTTTACTCGGCTGC']
gap = 0
feature_obtain = 'Char'
kparam1_normalization = 2
kparam0_use_sign = 'False'
km_test = [0.917542621, 0.943482182;0.959691944, 0.923192447;0.814667384, 0.880100572;0.893637665, 0.907078021;0.949714328, 0.947890859;0.978867453, 0.952994402;0.938925463, 0.96094086;0.890434955, 0.917067196;0.919379872, 0.943058919;0.951546111, 0.97566644;0.869973468, 0.92516769]
alphabet = 'DNA'
accuracy = 1e-09
order = 3
data_class = 'dna'
