functionname = 'test_weighteddegreestring'
kernelname = 'WeightedDegreeStringKernel'
data_train = ['CGCGGATAAGACCGAGTAGGGGGCTAAGCACGTTATCTTCTTTTAATGCCTTCGTATAGT', 'ATCTTAGTCCAGGCTTTTTGGGGTCTGACATGTATGCTATACTCCTTGTAAGGCGTTGCA', 'GAAGCCTGTTCTCAAAGCCAACACCGTATCGACCGCTGCACCCTGCGGACGTAAACTGTC', 'TCGGCACAGGCAATTGGCTTGAGTTATGTTCCGTGGTCTGTCGGTTTCAGGGCTCTGGTG', 'TAGGTATTGCCACTCCCACCGGTCTGGTACACCGATCCAGAGAAAATCATAAGTCCCCCT', 'ACTAGCTGCTGGTATGGTCAGGCCCCTACAGTACCTGGAACGGGTCTATGACTCTTGAGG', 'CTGGAAGTCCGTCGACAACGTATCAAGGAACTTATAAGGTATTGCCCAACGCGTGTTGTT', 'AAGTGCTCGAGCTTAGGGTTAACTCTCTAGCATGCCAACCATTGAGCACCGTCACCTAAT', 'CGAGCAAGAAGTGTTTTTGGAAACTCGTGGACGCCAGGTCGAGATAACTGGCCCACAGTA', 'GAGCTTAATATGATTTGGAGGACATGGGTGGGGACTGCGTCAACGCCAGCTCCCGTGAAT', 'TTACCGGCAGGACCGGGTACTACCACATAGGCCACGTAGATCCGTGGCGGGATGGCCTAA']
km_test = [0.0244010648, 0.0333629104;0.0370008873, 0.0522626442;0.02945874, 0.0549245785;0.0194321207, 0.0296362023;0.0367346939, 0.0278615794;0.0348713398, 0.0211180124;0.0247559894, 0.038065661;0.0488021295, 0.0600709849;0.0452528838, 0.028216504;0.0351375333, 0.0370008873;0.0348713398, 0.0415261757]
data_test = ['ACCCTCGCAAGGTTATTAGTCTTGGGGAAGAGTGCGAGCAAAAAATGCTGCGAAATGTCT', 'AACTGTGCACCAAGGTTGCGTACTCGGACCAATCGCTCCTTATCCAAGCCGTAGATGTAA']
km_train = [1, 0.048447205, 0.0177462289, 0.030079858, 0.0433895297, 0.0281277728, 0.0420585626, 0.0403726708, 0.0315882875, 0.0246672582, 0.0158828749;0.048447205, 1, 0.0123336291, 0.0264418811, 0.028216504, 0.036823425, 0.0696539485, 0.022715173, 0.0310559006, 0.0331854481, 0.015971606;0.0177462289, 0.0123336291, 1, 0.0299023957, 0.0212954747, 0.0436557232, 0.0364685004, 0.0367346939, 0.0366459627, 0.0228926353, 0.0265306122;0.030079858, 0.0264418811, 0.0299023957, 1, 0.0419698314, 0.0364685004, 0.028216504, 0.028216504, 0.0436557232, 0.0384205856, 0.0385980479;0.0433895297, 0.028216504, 0.0212954747, 0.0419698314, 1, 0.0194321207, 0.0386867791, 0.0281277728, 0.0281277728, 0.0279503106, 0.0298136646;0.0281277728, 0.036823425, 0.0436557232, 0.0364685004, 0.0194321207, 1, 0.0212954747, 0.0314995563, 0.0334516415, 0.0401064774, 0.0331854481;0.0420585626, 0.0696539485, 0.0364685004, 0.028216504, 0.0386867791, 0.0212954747, 1, 0.0450754215, 0.0316770186, 0.0384205856, 0.028216504;0.0403726708, 0.022715173, 0.0367346939, 0.028216504, 0.0281277728, 0.0314995563, 0.0450754215, 1, 0.0246672582, 0.0418811003, 0.0367346939;0.0315882875, 0.0310559006, 0.0366459627, 0.0436557232, 0.0281277728, 0.0334516415, 0.0316770186, 0.0246672582, 1, 0.0401064774, 0.0336291038;0.0246672582, 0.0331854481, 0.0228926353, 0.0384205856, 0.0279503106, 0.0401064774, 0.0384205856, 0.0418811003, 0.0401064774, 1, 0.0281277728;0.0158828749, 0.015971606, 0.0265306122, 0.0385980479, 0.0298136646, 0.0331854481, 0.028216504, 0.0367346939, 0.0336291038, 0.0281277728, 1]
alphabet = 'DNA'
seqlen = 60
degree = 20
