name = 'WeightedDegreeStringKernel'
degree = 20
km_train = [1, 0.028216504, 0.0333629104, 0.0502218279, 0.0330079858, 0.0605146406, 0.0352262644, 0.0366459627, 0.0729370009, 0.0485359361, 0.0246672582;0.028216504, 1, 0.0367346939, 0.0247559894, 0.0352262644, 0.0314995563, 0.0314108252, 0.028216504, 0.0262644188, 0.0483584738, 0.0385980479;0.0333629104, 0.0367346939, 1, 0.0417923691, 0.0724933452, 0.0451641526, 0.0400177462, 0.0212067436, 0.052173913, 0.0209405501, 0.0674356699;0.0502218279, 0.0247559894, 0.0417923691, 1, 0.0402839397, 0.0370008873, 0.0176574978, 0.0401952085, 0.0246672582, 0.0297249335, 0.0366459627;0.0330079858, 0.0352262644, 0.0724933452, 0.0402839397, 1, 0.0401064774, 0.0366459627, 0.0350488021, 0.0353149956, 0.0175687666, 0.0346938776;0.0605146406, 0.0314995563, 0.0451641526, 0.0370008873, 0.0401064774, 1, 0.0229813665, 0.0400177462, 0.0618456078, 0.0438331854, 0.0477373558;0.0352262644, 0.0314108252, 0.0400177462, 0.0176574978, 0.0366459627, 0.0229813665, 1, 0.0402839397, 0.0299911269, 0.043566992, 0.034960071;0.0366459627, 0.028216504, 0.0212067436, 0.0401952085, 0.0350488021, 0.0400177462, 0.0402839397, 1, 0.0330079858, 0.0367346939, 0.0316770186;0.0729370009, 0.0262644188, 0.052173913, 0.0246672582, 0.0353149956, 0.0618456078, 0.0299911269, 0.0330079858, 1, 0.0281277728, 0.0280390417;0.0485359361, 0.0483584738, 0.0209405501, 0.0297249335, 0.0175687666, 0.0438331854, 0.043566992, 0.0367346939, 0.0281277728, 1, 0.0194321207;0.0246672582, 0.0385980479, 0.0674356699, 0.0366459627, 0.0346938776, 0.0477373558, 0.034960071, 0.0316770186, 0.0280390417, 0.0194321207, 1]
data_train = ['CAATCCACGCGGAATCCTTAAAATTAGGCTTCCTTAGCCTCTGCGTAACCAGAAGACTTC', 'TCAAAAGTCAAAGATGCGATCCCGTGCGTTGTACTGTTCATTTTCTAGAGGGTATGACCT', 'GCTACCCGAAAATGAAAAAGAGTATACGCAGGAGCAAAGTAGCCGCGAAAAACATTATGT', 'CGACAGCACCTCCTATAGAAAGCCCCGACTAGAGTAAATCAATAGGCAGCAGATGGGCTC', 'TATGATCGCGAACTGAAAAGAAAAGTGCATCGAGAAATGAGTGCAAACTCGGGCTTTCCG', 'ATAAACGAATGACGAAACGGGGAGCCAGGATCCTTATTGAATGATGTTTCAAACAGCTAT', 'TTTTCTTCACCATCATCTGTTGAATATTCGTAGACTTGACGAGTCTGCTTGGGATTCATA', 'GGGTTTGAGCACATGTACGCCAGAGTCCCTTAGTTTTTATTAGAACCACGGTCAAGGCAA', 'CGTAGAAGGCAGCGAATTAGGATAACTGCTTCCTCTGGGATTACCATGTTAACCGAAGTG', 'ACGACCATAGCCACATGTGTCTAGACATTTGTCTTTGCCCAAGGCGACGGTTAGAACCCT', 'CGCAAGGTTATTAGTCTTGGGGAAGAGTGCGAGCAAAAAATGCTGCGAAATGTCTGGAAT']
size_ = 10
seqlen = 60
block_computation = 'False'
data_test = ['GCAGGACCGGGTACTACCACATAGGCCACGTAGATCCGTGGCGGGATGGCCTAATTGTTG', 'AAGGTTGCGTACTCGGACCAATCGCTCCTTATCCAAGCCGTAGATGTAACCATACTCTAC']
max_mismatch = 0
which_degree = -1
km_test = [0.0387755102, 0.0467613132;0.0246672582, 0.0316770186;0.0297249335, 0.0229813665;0.0299911269, 0.0299911269;0.0283052351, 0.0283052351;0.0265306122, 0.0580301686;0.0586512866, 0.0210292813;0.0333629104, 0.0603371783;0.0331854481, 0.0141969831;0.0348713398, 0.0401952085;0.0211180124, 0.0226264419]
mkl_stepsize = 1
alphabet = 'DNA'
weights = [0.0952380952, 0.0904761905, 0.0857142857, 0.080952381, 0.0761904762, 0.0714285714, 0.0666666667, 0.0619047619, 0.0571428571, 0.0523809524, 0.0476190476, 0.0428571429, 0.0380952381, 0.0333333333, 0.0285714286, 0.0238095238, 0.019047619, 0.0142857143, 0.00952380952, 0.00476190476]
use_normalization = 'True'
