name = 'WordMatch'
feature_type = 'Word'
data_type = 'ushort'
km_train = [1331, 0, 0, 1, 0, 0, 0, 0, 0, 1, 0;0, 1331, 0, 0, 0, 0, 1, 0, 0, 0, 1;0, 0, 1331, 0, 0, 0, 0, 0, 0, 0, 0;1, 0, 0, 1331, 0, 0, 1, 1, 27, 1, 1;0, 0, 0, 0, 1331, 0, 0, 0, 0, 0, 0;0, 0, 0, 0, 0, 1331, 0, 0, 0, 0, 0;0, 1, 0, 1, 0, 0, 1331, 1, 8, 8, 0;0, 0, 0, 1, 0, 0, 1, 1331, 8, 0, 0;0, 0, 0, 27, 0, 0, 8, 8, 1331, 0, 8;1, 0, 0, 1, 0, 0, 8, 0, 0, 1331, 0;0, 1, 0, 1, 0, 0, 0, 0, 8, 0, 1331]
data_train = ['2', '34', '13', '1', '28', '3', '25', '11', '1', '16', '34';'9', '21', '40', '20', '14', '34', '20', '20', '20', '31', '4';'38', '8', '17', '20', '7', '33', '9', '40', '23', '39', '23';'31', '32', '37', '33', '10', '30', '17', '22', '21', '17', '39';'40', '38', '19', '12', '0', '3', '23', '35', '35', '1', '27';'25', '22', '14', '35', '26', '5', '34', '38', '37', '34', '35';'9', '29', '40', '37', '28', '38', '3', '4', '3', '35', '15';'24', '13', '10', '28', '33', '21', '13', '23', '38', '25', '35';'38', '15', '37', '31', '5', '33', '7', '29', '26', '6', '26';'24', '40', '14', '24', '21', '17', '11', '22', '38', '24', '9';'29', '9', '33', '12', '28', '37', '40', '8', '12', '36', '13']
feature_class = 'simple'
data_test = ['36', '8', '7', '38', '39', '2', '39', '32', '31', '6', '18', '33', '13', '18', '25', '16', '27';'18', '26', '18', '32', '6', '28', '4', '29', '7', '41', '11', '41', '12', '25', '17', '41', '19';'15', '36', '2', '26', '14', '33', '21', '39', '22', '3', '40', '22', '8', '23', '20', '40', '15';'24', '25', '8', '14', '38', '32', '0', '4', '8', '5', '27', '25', '27', '39', '14', '5', '26';'37', '3', '10', '20', '29', '17', '34', '2', '11', '26', '29', '20', '37', '20', '37', '39', '14';'17', '28', '37', '20', '16', '40', '17', '36', '37', '11', '10', '19', '8', '0', '2', '20', '22';'8', '18', '18', '22', '26', '26', '38', '35', '11', '26', '33', '32', '27', '30', '31', '19', '39';'34', '30', '30', '37', '21', '40', '8', '8', '14', '12', '21', '15', '31', '1', '25', '13', '37';'33', '7', '35', '20', '27', '5', '19', '30', '32', '6', '7', '8', '1', '16', '36', '41', '16';'37', '34', '38', '29', '5', '3', '36', '34', '8', '5', '12', '21', '27', '29', '35', '1', '35';'7', '41', '8', '0', '12', '14', '31', '33', '30', '13', '13', '28', '18', '26', '8', '36', '36']
kparam0_degree = 3
km_test = [0, 0, 0, 0, 0, 1, 0, 0, 0, 0, 0, 0, 0, 0, 0, 0, 0;0, 0, 0, 0, 0, 1, 0, 0, 0, 0, 0, 0, 1, 0, 0, 1, 1;0, 0, 0, 0, 0, 0, 0, 1, 0, 0, 0, 0, 1, 0, 0, 0, 0;0, 0, 0, 0, 1, 0, 0, 0, 0, 0, 0, 0, 0, 0, 1, 0, 0;0, 0, 0, 0, 0, 1, 0, 0, 0, 0, 0, 8, 0, 0, 0, 0, 0;1, 1, 0, 0, 1, 1, 1, 0, 0, 0, 1, 0, 0, 0, 0, 0, 0;0, 1, 0, 0, 0, 0, 0, 0, 0, 0, 1, 0, 0, 0, 1, 1, 0;0, 0, 1, 0, 0, 0, 0, 0, 0, 0, 1, 0, 0, 0, 1, 1, 0;0, 0, 8, 0, 1, 0, 0, 0, 1, 0, 0, 0, 0, 1, 0, 0, 0;0, 0, 0, 0, 0, 0, 0, 8, 0, 1, 0, 0, 0, 0, 1, 8, 1;0, 0, 0, 0, 0, 0, 1, 0, 0, 1, 1, 0, 0, 8, 0, 0, 0]
accuracy = 1e-08
data_class = 'rand'
