functionname = 'test_cws_kernel'
kernelname = 'CommWordStringKernel'
testdat = ['TCAGACGTGATCTGAGGCGGAGCAAATGGTTCGATAGACATCAAGCAGCGACGTGAGACC', 'GCCTATGCTAGTACCTTCGACGCAAACCACTAGAGACGCAGTGCCGTGCAACCAGATCGG', 'CTAAAAAGGTACAACCCCGAATGCCGATATTTATTCATAACAGGTCCTGCGATACTGCCG', 'CGAATTGGTACGTTTGGAAGACGACTTCTTACCCATCCGCATCCCGACACGTAACGCCTC', 'CTAGGTGATCGAGGGCCATTGGGGCGTCGTAACCTCGCGTGCAACATCCGTGGAGGAGGG', 'GCTCCTCTCACACGATCCACGGTTATATATTCCCTGATCACTCGTTTTCCTGGTAAGGGC', 'AGAAACATCCTGAGAGAACAATTTGTTCACGGTGTGTCCACTGGTCTTAGGCTACGAAAG', 'GTGCGTTGACGTCCACAGTCTAGGCAGCTGAATCGGACCCAGTTCAGCGAAAAACCTAGT', 'CACGCTTCCAGTTTTTTGATAGCCGGTGGGCCGTGTGGTGCGCAATGTGCGGCTCCTGTC', 'ATCCAATGTTAGCACGTTACACGCGCGTCTCTCGCCTATCGTCTGTTTTCTCTAACCCCG', 'TACATGGTGCAGGAGCAGATCTTTGTGGCTTAGCCGTCTCCCGTTCGCCGGCCGCTATCC', 'AAATAGGGGCTGAGATGCTCTAAGATTTAATTAATAGCCGTTAGACGGCCGGGCGGATTC', 'ACCTCGAATGACGACATGTCTTCATTGGGGGTTGGTTCTACCGTAATACGTGGACGTGGC', 'TCCTTATTATGCGAGTGGGGATGAAGCATTGATTGTCTACTGCAGGTTCCGCGGTGGAAA', 'AAGTACTACGAACAATTTATGTTGGGGCTCGCGTGGTCCACGCTCGTGGCCTATCACAAG', 'GCCCTCCCCCTTTCTTCTTAGAATATCGTCCAGAAGGCTTTGTGTAGGGCTTTGATGGAA', 'GTGAAAAATAGGATCCCAGAGTCGGCGAGGGGACGGTAGGGAGCCCGCTCGATGTTTCGA']
km_test = [0.513042049, 0.585874925, 0.551677284, 0.511639876, 0.547990242, 0.492262421, 0.600299393, 0.486065046, 0.345515539, 0.477491252, 0.516150087, 0.594430093, 0.42229677, 0.542676038, 0.606520278, 0.421315811, 0.581864957;0.571793352, 0.468639661, 0.591006786, 0.361111111, 0.4114756, 0.497199683, 0.427688685, 0.495348736, 0.354329336, 0.492552055, 0.381107967, 0.531489317, 0.301179935, 0.471404521, 0.461583593, 0.302444244, 0.435185185;0.546392144, 0.576602567, 0.393521899, 0.383319474, 0.362950439, 0.508130614, 0.393256131, 0.404506015, 0.483400477, 0.43090855, 0.528898104, 0.354884874, 0.325045148, 0.508214624, 0.51745489, 0.2764319, 0.374607668;0.632049387, 0.521647833, 0.419078632, 0.595491334, 0.441054277, 0.523751954, 0.61471675, 0.581046827, 0.47475011, 0.574271046, 0.551479975, 0.597261, 0.493740114, 0.494764254, 0.505291153, 0.435334502, 0.615341045;0.46155532, 0.594916017, 0.469725075, 0.487202836, 0.377252004, 0.401855396, 0.576550891, 0.375539267, 0.533898305, 0.372015185, 0.455752348, 0.418257657, 0.322033898, 0.516756644, 0.52615222, 0.372015185, 0.389762269;0.41483549, 0.55491246, 0.486422803, 0.542079749, 0.406686403, 0.501868327, 0.51019638, 0.556603774, 0.447070556, 0.523344272, 0.538561134, 0.328810283, 0.438129145, 0.446091517, 0.475830951, 0.523344272, 0.28973228;0.625143662, 0.52859414, 0.523936832, 0.45732956, 0.467509576, 0.493972382, 0.650130039, 0.605881275, 0.455752348, 0.337887922, 0.411764706, 0.291090868, 0.446637301, 0.576022109, 0.495176901, 0.444589371, 0.524023455;0.564476707, 0.587774687, 0.370624658, 0.518960307, 0.497935297, 0.419313935, 0.574510918, 0.666696903, 0.370106049, 0.45790547, 0.446622991, 0.46299247, 0.559672562, 0.500400481, 0.5204165, 0.484323093, 0.585009801;0.426103067, 0.473684211, 0.513294436, 0.504688866, 0.417188479, 0.342094552, 0.558195779, 0.600397088, 0.586294045, 0.546701277, 0.565688465, 0.292031935, 0.474208419, 0.487508434, 0.516185401, 0.445771811, 0.45962736;0.559097307, 0.52574439, 0.482197969, 0.510688231, 0.654653671, 0.336419247, 0.556730617, 0.505570386, 0.479174343, 0.44910679, 0.555810807, 0.527359901, 0.469778768, 0.46875, 0.635416667, 0.348286898, 0.667823071;0.631271398, 0.491233981, 0.486422803, 0.514041141, 0.683579273, 0.380727697, 0.559253725, 0.575471698, 0.491777611, 0.36634099, 0.528943971, 0.423992208, 0.599074545, 0.545222965, 0.594788689, 0.418675418, 0.448617723]
traindat = ['CAAGCAAGATCCAGAGGGGGTAGAAATTCCGACATCTCGTCGCTACTGCCACTAAATTAT', 'GTATATAACCTCGTCTGCGGCAAATCTGCGATAGAGCGGACAAGTAAGCACAAATTATCC', 'CGCAAGCAAGCATGATGATGCCAGCCTCCTATCACGGTACTCGGCATCAAACGGTGCTCT', 'AACATAGACTAAAGAGTCTCCAGCAGGGAGACGGCTCTCCGATGAACGCGTTACGGTTTT', 'TTAGATTTCCAACGAGTGCTGCTCATTGTCCATACAAGCGCTTGCAACGCACGAGATGCT', 'ACATCCTAGCACTATACCGTAAGCACCAGTCTTTTACATAGAACCCTTCCTGGTAGCGTG', 'TGTATCAGGTCGACACGGATCTGCAGAACCTTTCAAAGTTGCAAGGTGAAAGGGTGACAC', 'CCTCGTTGTTGCGACTAGAGTTCAGAGCTTCGTGGGAATTAAATCGACCTCCAGAAACTA', 'TGGCGCGTTTGCTTCGAACTGCTGTCTGGTCGAAAACGCCCGTCAGCACCGCTGTGACCC', 'GCAAGGAAACGTAATAACATGGAGTCGATCGCGGAGACACGCCGGGCGCTACAGGCTGTG', 'GGCAGACCCGTGGGGCGAAGGTCCCTAACATTAGGCATCAACAACAGTGATGGTGACGTT']
km_train = [1, 0.601929265, 0.509706217, 0.591432041, 0.537468616, 0.506317756, 0.557442094, 0.654288656, 0.410112448, 0.542676038, 0.486065046;0.601929265, 1, 0.540131986, 0.486317923, 0.487202836, 0.560772154, 0.543078853, 0.424603888, 0.396541252, 0.579434723, 0.429925318;0.509706217, 0.540131986, 1, 0.532268804, 0.558410896, 0.439680451, 0.573719978, 0.310721611, 0.330698531, 0.443532763, 0.474854887;0.591432041, 0.486317923, 0.532268804, 1, 0.56020513, 0.48086634, 0.500417014, 0.596721128, 0.425046382, 0.631613941, 0.571028779;0.537468616, 0.487202836, 0.558410896, 0.56020513, 1, 0.393422089, 0.446637301, 0.42426791, 0.508696304, 0.52615222, 0.420246322;0.506317756, 0.560772154, 0.439680451, 0.48086634, 0.393422089, 1, 0.442389503, 0.447639349, 0.418458577, 0.386612648, 0.518867925;0.557442094, 0.543078853, 0.573719978, 0.500417014, 0.446637301, 0.442389503, 1, 0.466041382, 0.491499814, 0.535599505, 0.644349928;0.654288656, 0.424603888, 0.310721611, 0.596721128, 0.42426791, 0.447639349, 0.466041382, 1, 0.495934892, 0.460368442, 0.438115108;0.410112448, 0.396541252, 0.330698531, 0.425046382, 0.508696304, 0.418458577, 0.491499814, 0.495934892, 1, 0.554421357, 0.454846279;0.542676038, 0.579434723, 0.443532763, 0.631613941, 0.52615222, 0.386612648, 0.535599505, 0.460368442, 0.554421357, 1, 0.604701834;0.486065046, 0.429925318, 0.474854887, 0.571028779, 0.420246322, 0.518867925, 0.644349928, 0.438115108, 0.454846279, 0.604701834, 1]
alphabet= 'DNA' 
reverse= False 
order= 3 
gap= 0 
