traindat = [0.0584748203, 0.504689683, 0.804761944;0.778742408, 0.0378347997, 0.770959361]
testdat = [0.935616086, 0.967481691, 0.0892309045, 0.229563684, 0.245985672, 0.458660644, 0.313098958, 0.689256279, 0.282393404, 0.0763829439;0.226827743, 0.775165315, 0.866313327, 0.590517852, 0.800902554, 0.219859689, 0.802496254, 0.318975434, 0.780688472, 0.579003827]
km_train = [1, 0.562466078, 0.651508119;0.562466078, 1, 0.617112564;0.651508119, 0.617112564, 1]
km_test = [0.437734141, 0.529606913, 0.99339529, 0.95144905, 0.972948481, 0.695266224, 0.950938468, 0.625834113, 0.962162634, 0.969538068;0.843394954, 0.558250075, 0.516460795, 0.745877041, 0.606903948, 0.97324764, 0.62001545, 0.916673651, 0.629708757, 0.693230479;0.785900854, 0.979825209, 0.669764917, 0.756125563, 0.785945898, 0.721973466, 0.829681714, 0.845854023, 0.810606976, 0.64632786]
functionname = 'test_gaussian_kernel'
kernelname = 'GaussianKernel'
size_= 10 
width_= 1.3 
