traindat = [0.93415515, 0.736099866, 0.541678333, 0.70916103, 0.977857573, 0.330828953, 0.417594791, 0.288315486, 0.612237716, 0.0176847957, 0.808662587, 0.151049122, 0.0911172747;0.628338036, 0.331887322, 0.134519206, 0.872989873, 0.60533342, 0.845560236, 0.95174501, 0.568205193, 0.765106411, 0.87496587, 0.133171585, 0.426522891, 0.776046856;0.295936567, 0.0776608701, 0.82573644, 0.381977354, 0.525451309, 0.183943765, 0.216747779, 0.792852736, 0.953607223, 0.928759002, 0.481582682, 0.761009212, 0.139300968;0.6113021, 0.210330206, 0.954564925, 0.550263033, 0.00137484792, 0.700411382, 0.46842186, 0.688392264, 0.143134521, 0.470758031, 0.360093393, 0.771290678, 0.276604641;0.841369695, 0.0785481482, 0.626263639, 0.149267975, 0.884291014, 0.120217623, 0.629945893, 0.283542339, 0.166688896, 0.155485933, 0.519283995, 0.177410558, 0.0342069903;0.636347249, 0.855205885, 0.0961032949, 0.186506183, 0.465494011, 0.0970212432, 0.205954495, 0.27820476, 0.535648258, 0.0757015333, 0.284143902, 0.0436820678, 0.140580461;0.36508644, 0.948901726, 0.804394769, 0.0652692626, 0.436641514, 0.803443392, 0.926540717, 0.444848754, 0.115259129, 0.793492287, 0.302806687, 0.667567782, 0.0395393632;0.633114679, 0.736408622, 0.413752536, 0.941978186, 0.980844792, 0.0891212878, 0.317047369, 0.864462673, 0.669691935, 0.669018148, 0.766382573, 0.305558136, 0.996639978;0.276682644, 0.94083979, 0.826556695, 0.488975617, 0.592265955, 0.918765385, 0.680966786, 0.656361434, 0.312783673, 0.168436661, 0.862956695, 0.114442979, 0.470352268;0.0373436809, 0.670900615, 0.48369448, 0.589634417, 0.31356663, 0.451873768, 0.865468831, 0.96361233, 0.463891574, 0.102718368, 0.8914635, 0.517684223, 0.6196569;0.167356137, 0.643562596, 0.322382813, 0.425267661, 0.130537305, 0.175391257, 0.14822924, 0.550263562, 0.78932798, 0.622541271, 0.765659219, 0.240949658, 0.954867898]
testdat = [0.20261919, 0.151705352, 0.209323609, 0.243586379, 0.934206622, 0.531800221, 0.242903214, 0.894633223, 0.416645049, 0.0755357974, 0.731809643, 0.930057138, 0.973981745, 0.894061918, 0.240145584, 0.257463001, 0.452686022;0.497217502, 0.23353742, 0.206419008, 0.349163944, 0.518325756, 0.59178253, 0.632012667, 0.827471762, 0.761781477, 0.728597215, 0.0256992822, 0.589035319, 0.801905443, 0.274176586, 0.128551891, 0.653942038, 0.322001905;0.193629634, 0.882884053, 0.795844264, 0.658640204, 0.227637418, 0.512490935, 0.560386144, 0.671003907, 0.481259653, 0.330563247, 0.286592097, 0.272935469, 0.41962047, 0.619908646, 0.414166034, 0.927783162, 0.208668387;0.352036509, 0.654096116, 0.216830101, 0.655175274, 0.834833104, 0.825278746, 0.31673151, 0.524208611, 0.711844837, 0.118209664, 0.2975156, 0.76541259, 0.0388186558, 0.249240035, 0.413265485, 0.124409068, 0.154298714;0.252913351, 0.90478714, 0.979233252, 0.803320838, 0.768399258, 0.778476753, 0.420157744, 0.676148485, 0.261301579, 0.04685948, 0.220432213, 0.141255951, 0.0771602191, 0.365464388, 0.00742158641, 0.820912624, 0.550333233;0.712096184, 0.592966909, 0.0831520721, 0.793218226, 0.260336983, 0.523666624, 0.310090942, 0.0842815852, 0.801186109, 0.164275751, 0.556376229, 0.117908261, 0.414462735, 0.207101262, 0.267589038, 0.1310371, 0.483879374;0.237875318, 0.845777144, 0.11507332, 0.268781417, 0.0417982444, 0.0638522841, 0.232843969, 0.50405781, 0.946765313, 0.431456718, 0.0385022954, 0.0271813433, 0.867700864, 0.0844811522, 0.842271342, 0.315566021, 0.185692131;0.120494529, 0.289019147, 0.0310007671, 0.990088901, 0.187664062, 0.756318839, 0.332658139, 0.713806649, 0.909706655, 0.590063407, 0.140543389, 0.515876051, 0.908086352, 0.151681968, 0.344101998, 0.660296244, 0.0191345098;0.345892294, 0.241006938, 0.99851492, 0.36055252, 0.784912354, 0.430493657, 0.287077048, 0.405136545, 0.0353006596, 0.333526522, 0.18321633, 0.309801654, 0.00329299507, 0.406648578, 0.161659029, 0.827036219, 0.801158847;0.857919918, 0.556822376, 0.762488068, 0.326552401, 0.190288038, 0.834914081, 0.251772083, 0.626648627, 0.80062755, 0.636110524, 0.496645745, 0.0814131262, 0.282224865, 0.931132443, 0.373075167, 0.535630332, 0.475473188;0.773087176, 0.441821663, 0.421266769, 0.325980644, 0.924950198, 0.169831495, 0.999557328, 0.669648553, 0.765019399, 0.938661778, 0.356016206, 0.601477969, 0.698921, 0.523203092, 0.377022921, 0.414124655, 0.584700081]
km_train = [1, 0.159538735, 0.231650735, 0.339369337, 0.5567013, 0.168526712, 0.233170225, 0.16764709, 0.236703802, 0.144621554, 0.208343301, 0.191427486, 0.0993921245;0.159538735, 1, 0.164951147, 0.208952249, 0.212568073, 0.220749665, 0.245782243, 0.247141468, 0.178149805, 0.0876068587, 0.38565563, 0.104630872, 0.164072195;0.231650735, 0.164951147, 1, 0.194193916, 0.185349611, 0.335668662, 0.309630833, 0.423014167, 0.145639924, 0.210913327, 0.359498852, 0.454482816, 0.0749587561;0.339369337, 0.208952249, 0.194193916, 1, 0.341436886, 0.259658923, 0.274918642, 0.533029573, 0.503592376, 0.254436313, 0.402261352, 0.276384826, 0.529780807;0.5567013, 0.212568073, 0.185349611, 0.341436886, 1, 0.110916422, 0.23678501, 0.209366541, 0.288204866, 0.120453346, 0.334717449, 0.113132234, 0.114746284;0.168526712, 0.220749665, 0.335668662, 0.259658923, 0.110916422, 1, 0.610820308, 0.268338871, 0.121696485, 0.226704898, 0.159234973, 0.375620676, 0.146478113;0.233170225, 0.245782243, 0.309630833, 0.274918642, 0.23678501, 0.610820308, 1, 0.347824293, 0.142255988, 0.194892518, 0.226730563, 0.319407241, 0.141347582;0.16764709, 0.247141468, 0.423014167, 0.533029573, 0.209366541, 0.268338871, 0.347824293, 1, 0.423077828, 0.331652401, 0.522298049, 0.441365151, 0.379886151;0.236703802, 0.178149805, 0.145639924, 0.503592376, 0.288204866, 0.121696485, 0.142255988, 0.423077828, 1, 0.361068464, 0.333904097, 0.253961712, 0.363561781;0.144621554, 0.0876068587, 0.210913327, 0.254436313, 0.120453346, 0.226704898, 0.194892518, 0.331652401, 0.361068464, 1, 0.104260052, 0.537308695, 0.242900346;0.208343301, 0.38565563, 0.359498852, 0.402261352, 0.334717449, 0.159234973, 0.226730563, 0.522298049, 0.333904097, 0.104260052, 1, 0.175643867, 0.271622985;0.191427486, 0.104630872, 0.454482816, 0.276384826, 0.113132234, 0.375620676, 0.319407241, 0.441365151, 0.253961712, 0.537308695, 0.175643867, 1, 0.169724324;0.0993921245, 0.164072195, 0.0749587561, 0.529780807, 0.114746284, 0.146478113, 0.141347582, 0.379886151, 0.363561781, 0.242900346, 0.271622985, 0.169724324, 1]
