traindat = [0.147517946, 0.741035197, 0.418821313, 0.355611878, 0.888710111, 0.382190892, 0.66448786, 0.87549494, 0.190162704, 0.160241103, 0.328994952, 0.230656534, 0.0808643328;0.64873092, 0.443381972, 0.307626852, 0.492098643, 0.858056555, 0.371261989, 0.583251554, 0.967354743, 0.530388537, 0.145620565, 0.870108774, 0.13696539, 0.0263110775;0.653508865, 0.232903558, 0.964974977, 0.235092741, 0.868277123, 0.929450528, 0.0114495259, 0.362210905, 0.458696375, 0.458219904, 0.644232379, 0.475197335, 0.295046051;0.0967284594, 0.0571856428, 0.670321307, 0.658411375, 0.409142781, 0.455801267, 0.338025, 0.242081861, 0.652901906, 0.0823232567, 0.3718788, 0.0424888172, 0.0915119187;0.595608179, 0.196002664, 0.209406006, 0.426881932, 0.448679414, 0.840172141, 0.244206152, 0.520055113, 0.467170618, 0.745938405, 0.212705581, 0.0691472066, 0.734039377;0.178489931, 0.665508233, 0.360906722, 0.386633813, 0.79927076, 0.980223847, 0.449241588, 0.290947255, 0.530419532, 0.961525238, 0.878546961, 0.894125306, 0.924744458;0.763826111, 0.619666533, 0.838880787, 0.257057335, 0.762784558, 0.822924736, 0.759848746, 0.889358003, 0.870329365, 0.0773156607, 0.103367058, 0.0325236764, 0.720578221;0.533234726, 0.185409129, 0.219997452, 0.10193317, 0.507756491, 0.0389979026, 0.862671363, 0.921018498, 0.791313547, 0.53653389, 0.48426894, 0.963204703, 0.421193217;0.77992693, 0.223873008, 0.252366779, 0.696263662, 0.0619285911, 0.555079223, 0.102135899, 0.430315347, 0.693118887, 0.322084324, 0.897878197, 0.707174096, 0.970830491;0.414740833, 0.874979081, 0.767113444, 0.204095928, 0.718951338, 0.462388039, 0.300715799, 0.0961885864, 0.918232933, 0.223379664, 0.98517056, 0.487771794, 0.819983359;0.543932599, 0.836616844, 0.318988254, 0.0237366583, 0.297329498, 0.00512129909, 0.0579525059, 0.169037932, 0.932046926, 0.00844162147, 0.0297640724, 0.364414146, 0.132004149]
testdat = [0.0663592396, 0.927382645, 0.854299208, 0.872407992, 0.776227638, 0.0671985991, 0.905530346, 0.846110926, 0.512039096, 0.540358801, 0.636783718, 0.979009611, 0.162106706, 0.0617268703, 0.705961535, 0.358536576, 0.887838772;0.985985792, 0.493141539, 0.363140244, 0.553276317, 0.740426068, 0.847580176, 0.31700701, 0.895012193, 0.0812756438, 0.296821544, 0.0541850121, 0.479551109, 0.715497713, 0.0473296815, 0.951687631, 0.886620271, 0.227121968;0.0908278417, 0.122267067, 0.686428863, 0.678578662, 0.209537451, 0.147135811, 0.930659743, 0.587510924, 0.517327861, 0.226655382, 0.69699101, 0.025627575, 0.957573784, 0.154116464, 0.62960604, 0.178000566, 0.60201874;0.608829517, 0.507143908, 0.727563081, 0.945522721, 0.138810023, 0.147784786, 0.860336121, 0.609065061, 0.784925517, 0.783402589, 0.685557868, 0.0316009465, 0.181220936, 0.637540443, 0.565783, 0.367285826, 0.332397501;0.316962255, 0.0198530514, 0.977133819, 0.504565567, 0.421287498, 0.376636355, 0.640204647, 0.571496243, 0.976121385, 0.302724536, 0.476796826, 0.298112428, 0.344498315, 0.839456213, 0.989392421, 0.561774617, 0.323546878;0.369560761, 0.864055024, 0.872437869, 0.183896268, 0.931346602, 0.922897907, 0.576355756, 0.317866497, 0.416347066, 0.448623098, 0.280592911, 0.557968734, 0.550024732, 0.84690543, 0.558837277, 0.894850233, 0.546347979;0.000539019754, 0.498801105, 0.793221678, 0.166296779, 0.463878236, 0.30496812, 0.400981667, 0.74261593, 0.563297962, 0.865537887, 0.195708317, 0.707718913, 0.055843795, 0.822075866, 0.886332034, 0.803122285, 0.105165542;0.302730929, 0.820639581, 0.821782084, 0.660448585, 0.0565961217, 0.463351685, 0.781570712, 0.0845288771, 0.479247676, 0.0343930893, 0.74933285, 0.366030552, 0.975310861, 0.727728197, 0.929412976, 0.269222068, 0.761875764;0.60360654, 0.56041471, 0.160173399, 0.837935907, 0.581533679, 0.474838046, 0.934891735, 0.925571134, 0.954499666, 0.226696359, 0.503232381, 0.272621545, 0.932730938, 0.332802681, 0.493761822, 0.566781887, 0.956727942;0.553369608, 0.358952877, 0.817426327, 0.310311169, 0.226609676, 0.691506256, 0.985870131, 0.231063062, 0.243797049, 0.922928751, 0.863784324, 0.917613738, 0.0799250417, 0.323002547, 0.503032098, 0.116221808, 0.442894027;0.806641482, 0.656479302, 0.041769009, 0.675913236, 0.712922843, 0.00785040385, 0.0118634875, 0.141725803, 0.954325316, 0.426699007, 0.68013506, 0.355256916, 0.625202955, 0.3111961, 0.893534654, 0.544590981, 0.112444903]
km_train = [3.20957959, 2.35495629, 2.59251006, 1.80357991, 3.06624358, 2.90094026, 2.01851104, 3.01639564, 3.62309102, 1.73502316, 2.8157259, 2.12882858, 2.77697229;2.35495629, 3.21855167, 2.54626008, 1.44759414, 3.34299497, 2.55768958, 2.08511749, 2.51523362, 3.38921797, 1.50285659, 2.66902506, 2.04208138, 2.47469754;2.59251006, 2.54626008, 3.33068286, 1.77537252, 3.54429417, 3.20175258, 2.01078495, 2.57495784, 3.49316142, 1.55071628, 2.82309783, 1.87102192, 2.48874895;1.80357991, 1.44759414, 1.77537252, 1.79257942, 2.15710036, 2.27135153, 1.44363097, 2.01216051, 2.26735707, 1.32536789, 2.27482367, 1.37145681, 1.91681133;3.06624358, 3.34299497, 3.54429417, 2.15710036, 4.7363046, 3.82800953, 2.96526171, 3.7796408, 3.96894932, 2.31656765, 3.64562221, 2.51488251, 2.90894264;2.90094026, 2.55768958, 3.20175258, 2.27135153, 3.82800953, 4.22293427, 2.13572525, 2.91486957, 3.46711852, 2.51461078, 3.31496995, 2.21885351, 3.40791354;2.01851104, 2.08511749, 2.01078495, 1.44363097, 2.96526171, 2.13572525, 2.58336536, 3.04263613, 2.75892836, 1.46076529, 2.1918049, 1.7671907, 1.96235175;3.01639564, 2.51523362, 2.57495784, 2.01216051, 3.7796408, 2.91486957, 3.04263613, 4.10940468, 3.44802277, 1.85917074, 2.84345498, 2.14182414, 2.42379229;3.62309102, 3.38921797, 3.49316142, 2.26735707, 3.96894932, 3.46711852, 2.75892836, 3.44802277, 5.0296777, 2.15821436, 3.65559985, 2.93698271, 3.56714851;1.73502316, 1.50285659, 1.55071628, 1.32536789, 2.31656765, 2.51461078, 1.46076529, 1.85917074, 2.15821436, 2.19213442, 2.28597836, 2.04856273, 2.37489969;2.8157259, 2.66902506, 2.82309783, 2.27482367, 3.64562221, 3.31496995, 2.1918049, 2.84345498, 3.65559985, 2.28597836, 4.25857793, 2.91338995, 3.20406754;2.12882858, 2.04208138, 1.87102192, 1.37145681, 2.51488251, 2.21885351, 1.7671907, 2.14182414, 2.93698271, 2.04856273, 2.91338995, 2.90345644, 2.60768937;2.77697229, 2.47469754, 2.48874895, 1.91681133, 2.90894264, 3.40791354, 1.96235175, 2.42379229, 3.56714851, 2.37489969, 3.20406754, 2.60768937, 3.82557038]
