traindat = [0.147517946, 0.741035197, 0.418821313, 0.355611878, 0.888710111, 0.382190892, 0.66448786, 0.87549494, 0.190162704, 0.160241103, 0.328994952, 0.230656534, 0.0808643328;0.64873092, 0.443381972, 0.307626852, 0.492098643, 0.858056555, 0.371261989, 0.583251554, 0.967354743, 0.530388537, 0.145620565, 0.870108774, 0.13696539, 0.0263110775;0.653508865, 0.232903558, 0.964974977, 0.235092741, 0.868277123, 0.929450528, 0.0114495259, 0.362210905, 0.458696375, 0.458219904, 0.644232379, 0.475197335, 0.295046051;0.0967284594, 0.0571856428, 0.670321307, 0.658411375, 0.409142781, 0.455801267, 0.338025, 0.242081861, 0.652901906, 0.0823232567, 0.3718788, 0.0424888172, 0.0915119187;0.595608179, 0.196002664, 0.209406006, 0.426881932, 0.448679414, 0.840172141, 0.244206152, 0.520055113, 0.467170618, 0.745938405, 0.212705581, 0.0691472066, 0.734039377;0.178489931, 0.665508233, 0.360906722, 0.386633813, 0.79927076, 0.980223847, 0.449241588, 0.290947255, 0.530419532, 0.961525238, 0.878546961, 0.894125306, 0.924744458;0.763826111, 0.619666533, 0.838880787, 0.257057335, 0.762784558, 0.822924736, 0.759848746, 0.889358003, 0.870329365, 0.0773156607, 0.103367058, 0.0325236764, 0.720578221;0.533234726, 0.185409129, 0.219997452, 0.10193317, 0.507756491, 0.0389979026, 0.862671363, 0.921018498, 0.791313547, 0.53653389, 0.48426894, 0.963204703, 0.421193217;0.77992693, 0.223873008, 0.252366779, 0.696263662, 0.0619285911, 0.555079223, 0.102135899, 0.430315347, 0.693118887, 0.322084324, 0.897878197, 0.707174096, 0.970830491;0.414740833, 0.874979081, 0.767113444, 0.204095928, 0.718951338, 0.462388039, 0.300715799, 0.0961885864, 0.918232933, 0.223379664, 0.98517056, 0.487771794, 0.819983359;0.543932599, 0.836616844, 0.318988254, 0.0237366583, 0.297329498, 0.00512129909, 0.0579525059, 0.169037932, 0.932046926, 0.00844162147, 0.0297640724, 0.364414146, 0.132004149]
testdat = [0.0663592396, 0.927382645, 0.854299208, 0.872407992, 0.776227638, 0.0671985991, 0.905530346, 0.846110926, 0.512039096, 0.540358801, 0.636783718, 0.979009611, 0.162106706, 0.0617268703, 0.705961535, 0.358536576, 0.887838772;0.985985792, 0.493141539, 0.363140244, 0.553276317, 0.740426068, 0.847580176, 0.31700701, 0.895012193, 0.0812756438, 0.296821544, 0.0541850121, 0.479551109, 0.715497713, 0.0473296815, 0.951687631, 0.886620271, 0.227121968;0.0908278417, 0.122267067, 0.686428863, 0.678578662, 0.209537451, 0.147135811, 0.930659743, 0.587510924, 0.517327861, 0.226655382, 0.69699101, 0.025627575, 0.957573784, 0.154116464, 0.62960604, 0.178000566, 0.60201874;0.608829517, 0.507143908, 0.727563081, 0.945522721, 0.138810023, 0.147784786, 0.860336121, 0.609065061, 0.784925517, 0.783402589, 0.685557868, 0.0316009465, 0.181220936, 0.637540443, 0.565783, 0.367285826, 0.332397501;0.316962255, 0.0198530514, 0.977133819, 0.504565567, 0.421287498, 0.376636355, 0.640204647, 0.571496243, 0.976121385, 0.302724536, 0.476796826, 0.298112428, 0.344498315, 0.839456213, 0.989392421, 0.561774617, 0.323546878;0.369560761, 0.864055024, 0.872437869, 0.183896268, 0.931346602, 0.922897907, 0.576355756, 0.317866497, 0.416347066, 0.448623098, 0.280592911, 0.557968734, 0.550024732, 0.84690543, 0.558837277, 0.894850233, 0.546347979;0.000539019754, 0.498801105, 0.793221678, 0.166296779, 0.463878236, 0.30496812, 0.400981667, 0.74261593, 0.563297962, 0.865537887, 0.195708317, 0.707718913, 0.055843795, 0.822075866, 0.886332034, 0.803122285, 0.105165542;0.302730929, 0.820639581, 0.821782084, 0.660448585, 0.0565961217, 0.463351685, 0.781570712, 0.0845288771, 0.479247676, 0.0343930893, 0.74933285, 0.366030552, 0.975310861, 0.727728197, 0.929412976, 0.269222068, 0.761875764;0.60360654, 0.56041471, 0.160173399, 0.837935907, 0.581533679, 0.474838046, 0.934891735, 0.925571134, 0.954499666, 0.226696359, 0.503232381, 0.272621545, 0.932730938, 0.332802681, 0.493761822, 0.566781887, 0.956727942;0.553369608, 0.358952877, 0.817426327, 0.310311169, 0.226609676, 0.691506256, 0.985870131, 0.231063062, 0.243797049, 0.922928751, 0.863784324, 0.917613738, 0.0799250417, 0.323002547, 0.503032098, 0.116221808, 0.442894027;0.806641482, 0.656479302, 0.041769009, 0.675913236, 0.712922843, 0.00785040385, 0.0118634875, 0.141725803, 0.954325316, 0.426699007, 0.68013506, 0.355256916, 0.625202955, 0.3111961, 0.893534654, 0.544590981, 0.112444903]
km_train = [74.596109, 37.7624879, 46.3653966, 22.0363071, 67.2326412, 59.3619144, 27.5028884, 64.7902209, 98.8091886, 20.4589351, 55.5560689, 30.629881, 53.8804727;37.7624879, 75.0740973, 44.597627, 14.6628441, 81.9158572, 45.0302291, 29.3639938, 43.4372756, 84.5593129, 15.6786223, 49.3914792, 28.1522095, 41.9518406;46.3653966, 44.597627, 81.2211515, 21.3778414, 93.8424441, 74.1807852, 27.2922418, 45.689118, 90.7101871, 16.5953517, 55.8786923, 23.6651644, 42.4628515;22.0363071, 14.6628441, 21.3778414, 21.77793, 31.4677116, 35.0091564, 14.5917325, 27.3296664, 34.8810697, 12.574045, 35.1207484, 13.3366164, 24.8156134;67.2326412, 81.9158572, 93.8424441, 31.4677116, 188.754195, 112.539338, 62.3470011, 109.190732, 122.685631, 36.480987, 100.260916, 43.424261, 59.727989;59.3619144, 45.0302291, 74.1807852, 35.0091564, 112.539338, 142.476645, 30.8328742, 60.0000888, 89.1420103, 43.4141908, 80.3402776, 33.3505989, 85.6444453;27.5028884, 29.3639938, 27.2922418, 14.5917325, 62.3470011, 30.8328742, 46.0122289, 66.068426, 53.1119376, 14.900834, 32.5168908, 21.1893322, 25.9962004;64.7902209, 43.4372756, 45.689118, 27.3296664, 109.190732, 60.0000888, 66.068426, 133.386201, 88.003715, 23.3733128, 56.7760789, 31.0131312, 40.1349039;98.8091886, 84.5593129, 90.7101871, 34.8810697, 122.685631, 89.1420103, 53.1119376, 88.003715, 219.221071, 31.5010341, 100.908311, 61.0225739, 95.265445;20.4589351, 15.6786223, 16.5953517, 12.574045, 36.480987, 43.4141908, 14.900834, 23.3733128, 31.5010341, 32.5269628, 35.4808568, 28.3325332, 38.4399316;55.5560689, 49.3914792, 55.8786923, 35.1207484, 100.260916, 80.3402776, 32.5168908, 56.7760789, 100.908311, 35.4808568, 145.413572, 59.9320835, 74.303463;30.629881, 28.1522095, 23.6651644, 13.3366164, 43.424261, 33.3505989, 21.1893322, 31.0131312, 61.0225739, 28.3325332, 59.9320835, 59.4768574, 46.9556016;53.8804727, 41.9518406, 42.4628515, 24.8156134, 59.727989, 85.6444453, 25.9962004, 40.1349039, 95.265445, 38.4399316, 74.303463, 46.9556016, 112.368857]
