traindat = [0.945035748, 0.0370774978, 0.931247711, 0.494411174, 0.523830217, 0.235619063, 0.339382339, 0.6569858, 0.837912677, 0.294956086, 0.474830968, 0.768327994, 0.370436904;0.391517371, 0.939875266, 0.622856573, 0.834639144, 0.0679046406, 0.169853321, 0.729310611, 0.30303712, 0.703579232, 0.596973147, 0.848068885, 0.318785437, 0.869936953;0.0375441964, 0.0247972598, 0.278846998, 0.769930271, 0.0318626247, 0.0985144815, 0.696727452, 0.277652027, 0.727076957, 0.577443057, 0.524973939, 0.681337027, 0.0908529836;0.364539022, 0.183930228, 0.000450937738, 0.279865234, 0.916012331, 0.773058873, 0.839006434, 0.240856608, 0.24397913, 0.268046487, 0.56857789, 0.692318842, 0.736987362;0.742896554, 0.378438034, 0.844932853, 0.807723822, 0.243912961, 0.543922705, 0.110259276, 0.310097392, 0.378611764, 0.500338926, 0.274756271, 0.932046067, 0.733716067;0.107763923, 0.801544202, 0.114675126, 0.670983328, 0.28778946, 0.453403427, 0.764800627, 0.229091316, 0.512964867, 0.2520058, 0.632760398, 0.829575503, 0.0212436586;0.0769376861, 0.171634122, 0.937169352, 0.254131095, 0.427987459, 0.126494726, 0.473388972, 0.572769664, 0.224432856, 0.516367154, 0.0340966394, 0.408018201, 0.52198383;0.692779785, 0.255325251, 0.455021235, 0.738546094, 0.239131156, 0.567774524, 0.155424581, 0.770629348, 0.252924293, 0.390146663, 0.000588942862, 0.419429478, 0.42392414;0.748264859, 0.932795207, 0.49328391, 0.620799118, 0.721739082, 0.20671585, 0.227451915, 0.364226238, 0.893785022, 0.0378667691, 0.763998949, 0.727282014, 0.694657561;0.903612655, 0.589311948, 0.0892702188, 0.744829541, 0.695416925, 0.037888874, 0.0638856225, 0.240805025, 0.168822353, 0.675002773, 0.00338189637, 0.897448967, 0.608777916;0.802928018, 0.603200218, 0.290685712, 0.728557445, 0.882120677, 0.481568947, 0.850060302, 0.712435493, 0.675673114, 0.209101798, 0.919557389, 0.261686229, 0.486742433]
testdat = [0.403484749, 0.551873136, 0.584303155, 0.551979846, 0.173441871, 0.597881938, 0.30140053, 0.678611377, 0.711695168, 0.136749416, 0.859193242, 0.591451848, 0.88214285, 0.234923893, 0.297984976, 0.260538281, 0.620946601;0.866674215, 0.95929395, 0.049996229, 0.895137932, 0.324513944, 0.445331626, 0.0934668853, 0.085374837, 0.970423881, 0.639996907, 0.900628006, 0.0248239596, 0.834452337, 0.0771125052, 0.214087522, 0.340756172, 0.327524941;0.8840546, 0.471358459, 0.21775808, 0.47130286, 0.163084509, 0.756500283, 0.332221706, 0.176894659, 0.905149878, 0.317580623, 0.0219107245, 0.823260039, 0.282706999, 0.840332651, 0.538357831, 0.590730251, 0.539129643;0.419108837, 0.104266919, 0.908642169, 0.322446031, 0.283008317, 0.290116887, 0.805078857, 0.451900321, 0.455321715, 0.216752635, 0.590093888, 0.161940614, 0.457104839, 0.821698583, 0.565675792, 0.21266397, 0.154598981;0.671169435, 0.769039638, 0.124973014, 0.899435213, 0.962316751, 0.299551854, 0.150670041, 0.989394235, 0.181333965, 0.985215106, 0.565804758, 0.551896673, 0.517569021, 0.370503916, 0.0555178875, 0.560021434, 0.954117143;0.5541844, 0.436537901, 0.599106786, 0.127423758, 0.729196761, 0.198467446, 0.271509105, 0.629659244, 0.613063379, 0.0466802116, 0.863948271, 0.572945149, 0.118870172, 0.0217280257, 0.826880283, 0.739677052, 0.140239341;0.0314544619, 0.489466166, 0.501070376, 0.388904932, 0.80322006, 0.24175097, 0.357131338, 0.363009773, 0.932929779, 0.704451421, 0.00188063904, 0.432668121, 0.773989536, 0.788185654, 0.11352464, 0.499940196, 0.748201325;0.167576389, 0.333853869, 0.181479538, 0.844863657, 0.44555725, 0.270117815, 0.119120409, 0.854702838, 0.716223439, 0.849261895, 0.0980222774, 0.402106529, 0.6036537, 0.415821698, 0.323551921, 0.21223802, 0.465516475;0.409586165, 0.907499615, 0.932864072, 0.376326018, 0.970491668, 0.665693197, 0.999791265, 0.202752081, 0.623552012, 0.195296385, 0.100188971, 0.487683492, 0.222896406, 0.378783201, 0.122683512, 0.659037721, 0.00209594642;0.791664356, 0.629526823, 0.504206214, 0.448276839, 0.0205381769, 0.393852329, 0.73147744, 0.669554138, 0.778143559, 0.932939219, 0.867207539, 0.6591808, 0.716413601, 0.818913686, 0.867634606, 0.25088551, 0.999181702;0.746754342, 0.75725653, 0.108984959, 0.973743032, 0.80313005, 0.594319818, 0.907602677, 0.608616673, 0.27317797, 0.547040579, 0.395270769, 0.48474707, 0.225202949, 0.687257918, 0.809843456, 0.467791116, 0.560272107]
km_train = [1, 0.47544155, 0.498042366, 0.679910638, 0.66699544, 0.479963176, 0.277637333, 0.681275506, 0.57246021, 0.478616044, 0.41172325, 0.634385724, 0.688327656;0.47544155, 1, 0.311581586, 0.668791403, 0.452140212, 0.386492823, 0.458250422, 0.405402538, 0.586527312, 0.430456278, 0.647024901, 0.494197321, 0.602980836;0.498042366, 0.311581586, 1, 0.525775603, 0.309204349, 0.344642853, 0.309850803, 0.68943023, 0.578033633, 0.558473516, 0.334067492, 0.493109528, 0.579780182;0.679910638, 0.668791403, 0.525775603, 1, 0.472318327, 0.52438089, 0.560952857, 0.671221815, 0.754877897, 0.746983568, 0.610538162, 0.779042144, 0.667973667;0.66699544, 0.452140212, 0.309204349, 0.472318327, 1, 0.584384767, 0.497261021, 0.59552332, 0.486755892, 0.387382689, 0.503056476, 0.577772068, 0.63998595;0.479963176, 0.386492823, 0.344642853, 0.52438089, 0.584384767, 1, 0.570410181, 0.609345711, 0.427477532, 0.442922668, 0.491312562, 0.538000276, 0.55535658;0.277637333, 0.458250422, 0.309850803, 0.560952857, 0.497261021, 0.570410181, 1, 0.519805435, 0.629047509, 0.501208323, 0.78437637, 0.465947589, 0.457655887;0.681275506, 0.405402538, 0.68943023, 0.671221815, 0.59552332, 0.609345711, 0.519805435, 1, 0.646899932, 0.595341855, 0.46983708, 0.534382844, 0.595724254;0.57246021, 0.586527312, 0.578033633, 0.754877897, 0.486755892, 0.427477532, 0.629047509, 0.646899932, 1, 0.494720136, 0.835216255, 0.634861691, 0.549715442;0.478616044, 0.430456278, 0.558473516, 0.746983568, 0.387382689, 0.442922668, 0.501208323, 0.595341855, 0.494720136, 1, 0.36230543, 0.664843736, 0.643679779;0.41172325, 0.647024901, 0.334067492, 0.610538162, 0.503056476, 0.491312562, 0.78437637, 0.46983708, 0.835216255, 0.36230543, 1, 0.464544191, 0.513466537;0.634385724, 0.494197321, 0.493109528, 0.779042144, 0.577772068, 0.538000276, 0.465947589, 0.534382844, 0.634861691, 0.664843736, 0.464544191, 1, 0.613565142;0.688327656, 0.602980836, 0.579780182, 0.667973667, 0.63998595, 0.55535658, 0.457655887, 0.595724254, 0.549715442, 0.643679779, 0.513466537, 0.613565142, 1]
