traindat = [0.0584748203, 0.504689683, 0.804761944;0.778742408, 0.0378347997, 0.770959361]
testdat = [0.935616086, 0.967481691, 0.0892309045, 0.229563684, 0.245985672, 0.458660644, 0.313098958, 0.689256279, 0.282393404, 0.0763829439;0.226827743, 0.775165315, 0.866313327, 0.590517852, 0.800902554, 0.219859689, 0.802496254, 0.318975434, 0.780688472, 0.579003827]
km_train = [1, 0.412968468, 0.652056844;0.412968468, 1, 0.625650809;0.652056844, 0.625650809, 1]
km_test = [0.341742218, 0.554453861, 0.995251249, 0.943692093, 0.969175605, 0.596126474, 0.944805248, 0.529181427, 0.955921611, 0.971737085;0.862276274, 0.614416772, 0.381390345, 0.631319888, 0.492201835, 0.958535934, 0.518469864, 0.902229288, 0.520905977, 0.545428156;0.797953939, 0.989102968, 0.672614532, 0.792011595, 0.802699023, 0.768322663, 0.848091887, 0.878259006, 0.830330565, 0.657567875]
functionname = 'test_poly_kernel'
kernelname = 'PolyKernel'
use_norm= 'True' 
size_= 10 
inhom= 'True' 
degree= 3 
