traindat = [0.0584748203, 0.504689683, 0.804761944;0.778742408, 0.0378347997, 0.770959361]
testdat = [0.935616086, 0.967481691, 0.0892309045, 0.229563684, 0.245985672, 0.458660644, 0.313098958, 0.689256279, 0.282393404, 0.0763829439;0.226827743, 0.775165315, 0.866313327, 0.590517852, 0.800902554, 0.219859689, 0.802496254, 0.318975434, 0.780688472, 0.579003827]
km_train = [4.17218497, 1.18756495, 4.47122468;1.18756495, 1.98206276, 2.95699078;4.47122468, 2.95699078, 11.2698599]
km_test = [1.86700263, 4.57617631, 4.74038479, 3.19786623, 4.39547608, 1.71952149, 4.43718939, 2.14022465, 4.28680355, 3.08256668;3.24690556, 3.49524258, 1.25206675, 1.47453936, 1.53859246, 1.90569994, 1.67828654, 2.51506153, 1.61008041, 1.19255435;7.16475925, 13.4170279, 5.26531784, 4.41101971, 5.98320198, 3.64242253, 6.54615162, 5.83787596, 6.11983635, 3.42832331]
functionname = 'test_poly_kernel'
kernelname = 'PolyKernel'
use_norm= 'False' 
size_= 10 
inhom= 'True' 
degree= 3 
