functionname = 'test_poly_kernel'
kernelname = 'PolyKernel'
testdat = [0.781662498, 0.0990625305, 0.730797516, 0.66048147, 0.825170422, 0.624677135, 0.197281233, 0.51152901, 0.937429097, 0.431272401, 0.509876378, 0.120511556, 0.570307902, 0.746755131, 0.679265327, 0.102757904, 0.28977822;0.166350049, 0.620614932, 0.326881766, 0.276352604, 0.975507789, 0.253206846, 0.0773190627, 0.88897015, 0.0793067544, 0.722271828, 0.690655873, 0.107798383, 0.0679906968, 0.49532125, 0.861928713, 0.293736854, 0.393090711;0.798522276, 0.0571420834, 0.244043635, 0.767659161, 0.335080025, 0.453867889, 0.104553171, 0.656946987, 0.461321395, 0.108105602, 0.303249349, 0.52996727, 0.260020228, 0.581237881, 0.630018929, 0.667085187, 0.129395046;0.548054159, 0.297778185, 0.105591552, 0.857487699, 0.990628151, 0.995069536, 0.69665515, 0.884292149, 0.701540696, 0.371784813, 0.327005665, 0.382302598, 0.00770530154, 0.492972471, 0.0828863642, 0.53588686, 0.15742513;0.540642365, 0.792006017, 0.569560454, 0.250447487, 0.101276874, 0.182087999, 0.436636801, 0.928849805, 0.0264641003, 0.0932459772, 0.499969322, 0.19272229, 0.385898755, 0.39198164, 0.561377761, 0.170386832, 0.252449327;0.816205849, 0.628733341, 0.687355589, 0.72754033, 0.0399807559, 0.253435971, 0.932401752, 0.177487914, 0.458671884, 0.916210266, 0.55520353, 0.421089544, 0.543712439, 0.685361997, 0.899365409, 0.16122919, 0.538015857;0.801800479, 0.969126527, 0.933713243, 0.272786717, 0.604642814, 0.709902934, 0.456380931, 0.87584988, 0.138367002, 0.894877155, 0.68152783, 0.322927619, 0.778112046, 0.401115833, 0.327879177, 0.101572009, 0.940221658;0.978346884, 0.748195591, 0.864115281, 0.683102881, 0.55102259, 0.185069519, 0.693198242, 0.0792878083, 0.649876534, 0.53553553, 0.377017953, 0.966624739, 0.92826567, 0.654260529, 0.0724753837, 0.972970421, 0.302854293;0.814629185, 0.649884548, 0.394796474, 0.399394482, 0.178017387, 0.339332579, 0.144877044, 0.102702223, 0.718497546, 0.567790653, 0.757971393, 0.304278821, 0.260463218, 0.100065418, 0.988486505, 0.676934383, 0.360694105;0.0453608573, 0.246115669, 0.728874156, 0.175892097, 0.801240728, 0.502439597, 0.849997394, 0.00159542335, 0.349660805, 0.498534114, 0.544424088, 0.107700532, 0.612786479, 0.464879632, 0.86151129, 0.274085488, 0.657716509;0.0960156344, 0.754328799, 0.946693268, 0.843204976, 0.375786077, 0.592829901, 0.474940287, 0.288765441, 0.629586417, 0.512103859, 0.782732148, 0.0530442411, 0.604560719, 0.254532477, 0.696475134, 0.80533672, 0.507645956]
km_test = [0.303185088, 0.686107872, 0.76272411, 0.585036614, 0.418556985, 0.556077943, 0.601842017, 0.356476969, 0.408255765, 0.51181053, 0.728171314, 0.262868968, 0.607003635, 0.490762518, 0.442092563, 0.517689609, 0.605003596;0.25180503, 0.338669731, 0.252403974, 0.543483354, 0.365907428, 0.335069255, 0.166961087, 0.481621787, 0.245874012, 0.269788439, 0.410876581, 0.30411345, 0.176114077, 0.404747539, 0.294495373, 0.557473262, 0.197937225;0.618016205, 0.628046131, 0.327653231, 0.349106133, 0.226980754, 0.310812859, 0.290186531, 0.547996841, 0.222924698, 0.385687748, 0.530475083, 0.454589204, 0.276285874, 0.399603281, 0.390493031, 0.352623, 0.351287992;0.510026671, 0.36823963, 0.471101062, 0.336992926, 0.361737194, 0.451776833, 0.467126933, 0.205161487, 0.447470017, 0.717735204, 0.567741172, 0.210609986, 0.404872184, 0.513215653, 0.527463313, 0.120762416, 0.59348574;0.23990799, 0.245368685, 0.346675045, 0.385522086, 0.212602922, 0.32287443, 0.128495799, 0.244292723, 0.402400541, 0.191680117, 0.556376068, 0.0904845806, 0.230900125, 0.292815896, 0.668241913, 0.370137474, 0.239123898;0.516090194, 0.4628575, 0.525757931, 0.409668665, 0.662010826, 0.703732878, 0.384203917, 0.534836687, 0.426127476, 0.510335385, 0.682367625, 0.31950681, 0.454648299, 0.567697375, 0.515015269, 0.351987179, 0.616194028;0.314337456, 0.313703984, 0.420289217, 0.364141501, 0.548080266, 0.595037326, 0.61313591, 0.433530218, 0.289558117, 0.555871849, 0.497751456, 0.154934842, 0.321730131, 0.635085374, 0.458185101, 0.0969683516, 0.561276834;0.593144257, 0.35319751, 0.632214493, 0.538917545, 0.49331778, 0.560051121, 0.61421313, 0.276825111, 0.451008303, 0.570951116, 0.47952335, 0.551794349, 0.694176468, 0.777359688, 0.371762469, 0.339943804, 0.61683698;0.702344274, 0.424722064, 0.405356306, 0.714984774, 0.634511935, 0.556411915, 0.382793218, 0.541640477, 0.602817285, 0.526418012, 0.584496423, 0.595502502, 0.351653609, 0.79350938, 0.469515617, 0.542086889, 0.337034748;0.501569234, 0.246492788, 0.29934196, 0.44453125, 0.499563192, 0.37989278, 0.311209869, 0.186286669, 0.579176715, 0.415530463, 0.484247937, 0.455874334, 0.284182523, 0.532601776, 0.52249959, 0.506713505, 0.283198539;0.45616624, 0.655519489, 0.733618647, 0.567728643, 0.398341651, 0.50437311, 0.478245019, 0.337003014, 0.430361118, 0.89672905, 0.85115787, 0.257673596, 0.568941627, 0.600175268, 0.705837536, 0.321782806, 0.797094135;0.370321324, 0.575152422, 0.264535492, 0.323747108, 0.279676361, 0.223312188, 0.279517879, 0.330313041, 0.267647412, 0.327118768, 0.460968647, 0.364866549, 0.199545091, 0.301784245, 0.276418975, 0.449048279, 0.203961581;0.453383642, 0.738019053, 0.709190769, 0.469652709, 0.361910178, 0.436401488, 0.412631704, 0.285346809, 0.497645243, 0.743170207, 0.949295711, 0.228913034, 0.529095056, 0.460955105, 0.799042196, 0.4122008, 0.683814523]
traindat = [0.237647629, 0.0584100077, 0.0252256721, 0.772557209, 0.728082346, 0.502987388, 0.709640741, 0.597553176, 0.718970516, 0.548809309, 0.472040552, 0.070587926, 0.459950614;0.320434673, 0.874704169, 0.517893009, 0.318035461, 0.431837482, 0.447975678, 0.589099194, 0.213923396, 0.90175492, 0.644874407, 0.645945585, 0.85694173, 0.548117546;0.196979986, 0.867267731, 0.580767859, 0.000660197094, 0.89277055, 0.532167789, 0.231852785, 0.826069503, 0.82077546, 0.677722302, 0.32355208, 0.00736405016, 0.0930591026;0.426949643, 0.520936471, 0.521816548, 0.44914082, 0.116945471, 0.557450281, 0.901296335, 0.471463836, 0.935837131, 0.597119402, 0.212608806, 0.820060087, 0.184152972;0.547263013, 0.324316086, 0.949500975, 0.159888275, 0.766903067, 0.464169584, 0.538579328, 0.141816648, 0.443435211, 0.106909611, 0.165978197, 0.965470633, 0.440684173;0.326312722, 0.184782651, 0.430428631, 0.900728303, 0.100951308, 0.0776521927, 0.946910946, 0.701053173, 0.563118253, 0.370045668, 0.865613857, 0.311643027, 0.531513917;0.451755145, 0.213340679, 0.645886951, 0.689764033, 0.0314995505, 0.772728487, 0.732833787, 0.896700956, 0.382952779, 0.0933191234, 0.733764754, 0.17144842, 0.473841517;0.474683094, 0.478775852, 0.496046484, 0.205300086, 0.000214442063, 0.330798525, 0.0284133884, 0.789781519, 0.851090231, 0.731277509, 0.286708213, 0.933634373, 0.332818418;0.190744861, 0.129934084, 0.805658435, 0.709407613, 0.911662267, 0.587120072, 0.0913291125, 0.128522461, 0.629600337, 0.994929146, 0.438754312, 0.950168562, 0.838490868;0.489599855, 0.00953023685, 0.116191522, 0.58490428, 0.56903033, 0.721767724, 0.987558845, 0.877308831, 0.281985162, 0.770616404, 0.377956562, 0.0942927116, 0.427355373;0.960108176, 0.75310023, 0.0637402514, 0.0204266992, 0.973134813, 0.197727131, 0.151462995, 0.253458299, 0.220714416, 0.00446705771, 0.745961529, 0.333820267, 0.672055256]
