traindat = [0.0584748203, 0.504689683, 0.804761944;0.778742408, 0.0378347997, 0.770959361]
testdat = [0.935616086, 0.967481691, 0.0892309045, 0.229563684, 0.245985672, 0.458660644, 0.313098958, 0.689256279, 0.282393404, 0.0763829439;0.226827743, 0.775165315, 0.866313327, 0.590517852, 0.800902554, 0.219859689, 0.802496254, 0.318975434, 0.780688472, 0.579003827]
km_train = [0.961908801, 0.877518409, 0.964878131;0.877518409, 0.918875914, 0.944572044;0.964878131, 0.944572044, 0.990381988]
km_test = [0.914522538, 0.965835997, 0.967256022, 0.948899556, 0.964160785, 0.908320075, 0.964558585, 0.92427152, 0.963091353, 0.946898872;0.949713991, 0.953536691, 0.882197256, 0.896091694, 0.89955709, 0.916030659, 0.906444125, 0.934897305, 0.903189235, 0.877892498;0.980892295, 0.992831887, 0.971237502, 0.96430982, 0.975597272, 0.955588766, 0.9783595, 0.974798783, 0.976314005, 0.952553416]
functionname = 'test_sigmoid_kernel'
kernelname = 'SigmoidKernel'
gamma_= 1.1000000000000001 
size_= 10 
coef0= 1.3 
