traindat = [0.147517946, 0.741035197, 0.418821313, 0.355611878, 0.888710111, 0.382190892, 0.66448786, 0.87549494, 0.190162704, 0.160241103, 0.328994952, 0.230656534, 0.0808643328;0.64873092, 0.443381972, 0.307626852, 0.492098643, 0.858056555, 0.371261989, 0.583251554, 0.967354743, 0.530388537, 0.145620565, 0.870108774, 0.13696539, 0.0263110775;0.653508865, 0.232903558, 0.964974977, 0.235092741, 0.868277123, 0.929450528, 0.0114495259, 0.362210905, 0.458696375, 0.458219904, 0.644232379, 0.475197335, 0.295046051;0.0967284594, 0.0571856428, 0.670321307, 0.658411375, 0.409142781, 0.455801267, 0.338025, 0.242081861, 0.652901906, 0.0823232567, 0.3718788, 0.0424888172, 0.0915119187;0.595608179, 0.196002664, 0.209406006, 0.426881932, 0.448679414, 0.840172141, 0.244206152, 0.520055113, 0.467170618, 0.745938405, 0.212705581, 0.0691472066, 0.734039377;0.178489931, 0.665508233, 0.360906722, 0.386633813, 0.79927076, 0.980223847, 0.449241588, 0.290947255, 0.530419532, 0.961525238, 0.878546961, 0.894125306, 0.924744458;0.763826111, 0.619666533, 0.838880787, 0.257057335, 0.762784558, 0.822924736, 0.759848746, 0.889358003, 0.870329365, 0.0773156607, 0.103367058, 0.0325236764, 0.720578221;0.533234726, 0.185409129, 0.219997452, 0.10193317, 0.507756491, 0.0389979026, 0.862671363, 0.921018498, 0.791313547, 0.53653389, 0.48426894, 0.963204703, 0.421193217;0.77992693, 0.223873008, 0.252366779, 0.696263662, 0.0619285911, 0.555079223, 0.102135899, 0.430315347, 0.693118887, 0.322084324, 0.897878197, 0.707174096, 0.970830491;0.414740833, 0.874979081, 0.767113444, 0.204095928, 0.718951338, 0.462388039, 0.300715799, 0.0961885864, 0.918232933, 0.223379664, 0.98517056, 0.487771794, 0.819983359;0.543932599, 0.836616844, 0.318988254, 0.0237366583, 0.297329498, 0.00512129909, 0.0579525059, 0.169037932, 0.932046926, 0.00844162147, 0.0297640724, 0.364414146, 0.132004149]
testdat = [0.0663592396, 0.927382645, 0.854299208, 0.872407992, 0.776227638, 0.0671985991, 0.905530346, 0.846110926, 0.512039096, 0.540358801, 0.636783718, 0.979009611, 0.162106706, 0.0617268703, 0.705961535, 0.358536576, 0.887838772;0.985985792, 0.493141539, 0.363140244, 0.553276317, 0.740426068, 0.847580176, 0.31700701, 0.895012193, 0.0812756438, 0.296821544, 0.0541850121, 0.479551109, 0.715497713, 0.0473296815, 0.951687631, 0.886620271, 0.227121968;0.0908278417, 0.122267067, 0.686428863, 0.678578662, 0.209537451, 0.147135811, 0.930659743, 0.587510924, 0.517327861, 0.226655382, 0.69699101, 0.025627575, 0.957573784, 0.154116464, 0.62960604, 0.178000566, 0.60201874;0.608829517, 0.507143908, 0.727563081, 0.945522721, 0.138810023, 0.147784786, 0.860336121, 0.609065061, 0.784925517, 0.783402589, 0.685557868, 0.0316009465, 0.181220936, 0.637540443, 0.565783, 0.367285826, 0.332397501;0.316962255, 0.0198530514, 0.977133819, 0.504565567, 0.421287498, 0.376636355, 0.640204647, 0.571496243, 0.976121385, 0.302724536, 0.476796826, 0.298112428, 0.344498315, 0.839456213, 0.989392421, 0.561774617, 0.323546878;0.369560761, 0.864055024, 0.872437869, 0.183896268, 0.931346602, 0.922897907, 0.576355756, 0.317866497, 0.416347066, 0.448623098, 0.280592911, 0.557968734, 0.550024732, 0.84690543, 0.558837277, 0.894850233, 0.546347979;0.000539019754, 0.498801105, 0.793221678, 0.166296779, 0.463878236, 0.30496812, 0.400981667, 0.74261593, 0.563297962, 0.865537887, 0.195708317, 0.707718913, 0.055843795, 0.822075866, 0.886332034, 0.803122285, 0.105165542;0.302730929, 0.820639581, 0.821782084, 0.660448585, 0.0565961217, 0.463351685, 0.781570712, 0.0845288771, 0.479247676, 0.0343930893, 0.74933285, 0.366030552, 0.975310861, 0.727728197, 0.929412976, 0.269222068, 0.761875764;0.60360654, 0.56041471, 0.160173399, 0.837935907, 0.581533679, 0.474838046, 0.934891735, 0.925571134, 0.954499666, 0.226696359, 0.503232381, 0.272621545, 0.932730938, 0.332802681, 0.493761822, 0.566781887, 0.956727942;0.553369608, 0.358952877, 0.817426327, 0.310311169, 0.226609676, 0.691506256, 0.985870131, 0.231063062, 0.243797049, 0.922928751, 0.863784324, 0.917613738, 0.0799250417, 0.323002547, 0.503032098, 0.116221808, 0.442894027;0.806641482, 0.656479302, 0.041769009, 0.675913236, 0.712922843, 0.00785040385, 0.0118634875, 0.141725803, 0.954325316, 0.426699007, 0.68013506, 0.355256916, 0.625202955, 0.3111961, 0.893534654, 0.544590981, 0.112444903]
km_train = [0.999872576, 0.99916508, 0.999504837, 0.997194385, 0.999825341, 0.999748746, 0.998250547, 0.999805099, 0.999948693, 0.996738395, 0.999696947, 0.998627282, 0.99966998;0.99916508, 0.999875067, 0.999451816, 0.993870422, 0.999904986, 0.999465424, 0.998488824, 0.999413102, 0.999914173, 0.994570216, 0.999581535, 0.998338879, 0.999358376;0.999504837, 0.999451816, 0.999902378, 0.997015031, 0.999938981, 0.999870363, 0.998220584, 0.999485347, 0.999931716, 0.99511153, 0.999701821, 0.997580783, 0.999377901;0.997194385, 0.993870422, 0.997015031, 0.997125756, 0.998710007, 0.998996567, 0.993816911, 0.998225956, 0.998987715, 0.991986894, 0.999004199, 0.992756755, 0.99781236;0.999825341, 0.999904986, 0.999938981, 0.998710007, 0.999995568, 0.999967312, 0.999781896, 0.999963641, 0.999976026, 0.999091537, 0.999951174, 0.999412649, 0.99975313;0.999748746, 0.999465424, 0.999870363, 0.998996567, 0.999967312, 0.999986289, 0.998647938, 0.999756328, 0.99992769, 0.999412298, 0.999898944, 0.998873786, 0.999917631;0.998250547, 0.998488824, 0.998220584, 0.993816911, 0.999781896, 0.998647938, 0.999494776, 0.999816031, 0.999656618, 0.994044966, 0.998804776, 0.996960898, 0.998020709;0.999805099, 0.999413102, 0.999485347, 0.998225956, 0.999963641, 0.999756328, 0.999816031, 0.999982399, 0.999924588, 0.997516958, 0.999714879, 0.998665946, 0.999282369;0.999948693, 0.999914173, 0.999931716, 0.998987715, 0.999976026, 0.99992769, 0.999656618, 0.999924588, 0.999997676, 0.998713163, 0.999952234, 0.999767897, 0.999941973;0.996738395, 0.994570216, 0.99511153, 0.991986894, 0.999091537, 0.999412298, 0.994044966, 0.997516958, 0.998713163, 0.998805641, 0.999028327, 0.998362378, 0.999200906;0.999696947, 0.999581535, 0.999701821, 0.999004199, 0.999951174, 0.999898944, 0.998804776, 0.999714879, 0.999952234, 0.999028327, 0.999987323, 0.999755534, 0.999871022;0.998627282, 0.998338879, 0.997580783, 0.992756755, 0.999412649, 0.998873786, 0.996960898, 0.998665946, 0.999767897, 0.998362378, 0.999755534, 0.999750133, 0.999521095;0.99966998, 0.999358376, 0.999377901, 0.99781236, 0.99975313, 0.999917631, 0.998020709, 0.999282369, 0.999941973, 0.999200906, 0.999871022, 0.999521095, 0.999967136]
