traindat = [0.0584748203, 0.504689683, 0.804761944;0.778742408, 0.0378347997, 0.770959361]
testdat = [0.935616086, 0.967481691, 0.0892309045, 0.229563684, 0.245985672, 0.458660644, 0.313098958, 0.689256279, 0.282393404, 0.0763829439;0.226827743, 0.775165315, 0.866313327, 0.590517852, 0.800902554, 0.219859689, 0.802496254, 0.318975434, 0.780688472, 0.579003827]
km_train = [0.763656668, 0.622751769, 0.771376783;0.622751769, 0.679439174, 0.724789526;0.771376783, 0.724789526, 0.867034897]
km_test = [0.672709083, 0.773953941, 0.777858979, 0.733675842, 0.769475387, 0.663486906, 0.770526822, 0.688107251, 0.766684466, 0.729510709;0.735400874, 0.743742524, 0.628483347, 0.646405971, 0.651110587, 0.675015346, 0.660776145, 0.706401512, 0.656153655, 0.623204872;0.822310558, 0.882753649, 0.789405079, 0.769868447, 0.803251995, 0.748399929, 0.812835935, 0.800607532, 0.805671632, 0.741556742]
functionname = 'test_sigmoid_kernel'
kernelname = 'SigmoidKernel'
gamma_= 0.5 
size_= 10 
coef0= 0.69999999999999996 
