classifier_name = 'GMNPSVM';
classifier_C = 30;
classifier_epsilon = 1e-05;
init_random = 42;
kernel_feature_type = 'Real';
classifier_num_threads = 16;
classifier_labels = [0.0, 1.0, 2.0, 3.0, 4.0, 5.0, 6.0, 7.0, 8.0, 9.0, 10.0, 11.0, 12.0, 13.0, 14.0, 15.0, 16.0, 17.0, 18.0, 19.0, 20.0, 21.0, 22.0, 23.0, 24.0, 25.0, 26.0, 27.0, 28.0, 29.0, 30.0, 31.0, 32.0];
kernel_arg0_width = 1.5;
classifier_tube_epsilon = 0.001;
classifier_accuracy = 0.0001;
classifier_bias = 0.0;
kernel_data_train = [1.9007019, 0.4732099, 0.9681934, 0.1295149, 1.6229666, 1.6315602, 0.5800862, 0.3685263, 0.9556515, 1.8734232, 1.4217209, 1.5923503, 1.2106622, 0.5929399, 0.0914868, 0.7765969, 0.7709218, 0.0311341, 1.2768278, 0.8643582, 0.2656, 0.8447832, 0.2238176, 0.8621276, 1.9123633, 1.733113, 1.4866689, 0.8887481, 0.6516668, 0.1855255, 0.5369744, 0.8774609, 0.8686232;1.180977, 1.9090325, 1.2472311, 0.8095161, 0.6166503, 1.8543851, 1.9713951, 0.6262203, 0.7965373, 0.6855653, 0.2597538, 0.2201832, 0.0869868, 0.1173082, 0.0325262, 0.4815224, 1.715825, 1.1315677, 0.4084532, 0.761024, 1.2375433, 0.3726885, 1.4922779, 0.9208478, 0.7234201, 1.1796831, 0.1251858, 0.5508574, 0.4958757, 1.8707499, 0.655242, 0.0810462, 0.1312449;0.0724469, 0.6780162, 0.565732, 1.5148174, 0.6832588, 0.824681, 0.4552201, 0.5924078, 0.7975591, 0.3478092, 0.8512069, 0.4303059, 1.5929509, 0.2689934, 0.4805866, 1.7734731, 1.4453053, 0.4915945, 0.0761309, 1.2581334, 0.2005247, 1.6567367, 1.1635239, 1.9694123, 0.310362, 0.2670283, 0.4951465, 1.3592334, 1.3251901, 1.3910815, 0.0116205, 0.0642089, 0.5819714;0.6949819, 0.6584518, 0.2916626, 0.797426, 1.4537895, 0.0396188, 0.6801408, 0.8672942, 0.6000205, 0.708363, 0.779851, 1.4308875, 0.242045, 1.0734967, 0.6974715, 1.2487143, 0.87863, 1.2360505, 0.1049302, 0.4805069, 0.8505817, 1.1308737, 1.5197739, 0.8601224, 1.969821, 1.1697579, 0.4799388, 1.8288834, 0.6186114, 0.3924936, 0.8370133, 0.7527166, 1.3370032;1.0366714, 0.1288699, 1.4746309, 0.1424955, 0.4988882, 0.8321342, 0.9866626, 1.617145, 0.6181557, 0.0878665, 0.1586051, 1.8441704, 0.5177116, 0.8718435, 0.8808708, 0.1607599, 1.736402, 0.3351189, 0.3506269, 0.3264613, 0.0097708, 0.0292473, 0.8258168, 0.5596487, 0.702465, 1.8056702, 0.7435083, 1.5853544, 1.6638045, 1.1670419, 1.1676192, 1.7067772, 0.817967;1.1119196, 1.0393435, 1.9366057, 0.1674826, 0.0332031, 1.452199, 1.5311695, 0.6169269, 0.6340057, 1.1221099, 0.5074677, 1.8682713, 0.8005867, 1.933875, 0.6318135, 1.2058412, 0.2001502, 1.2697496, 1.0570869, 0.0063859, 0.0785785, 0.3969233, 0.5399854, 0.7798454, 0.1069806, 0.2598036, 0.2870381, 0.1327158, 0.9811862, 0.5675408, 0.6364302, 0.689465, 0.1045678;0.7140869, 0.0678371, 0.8709691, 0.0519713, 0.7090605, 1.5072348, 0.5412963, 0.8017281, 0.8148251, 0.3009636, 1.9866301, 1.9518118, 0.5412666, 0.7064757, 0.3394502, 1.6391199, 1.0415729, 1.4547399, 1.3161561, 0.9320281, 1.1483432, 1.9651187, 0.6878857, 0.962992, 1.00494, 0.7610279, 0.6326219, 0.9372285, 0.3418722, 0.9362122, 0.0315861, 0.1025097, 1.8679183;0.5264027, 0.1300862, 1.4888466, 1.0299736, 1.6668643, 1.0939007, 0.7315895, 0.0603521, 0.7081721, 0.4523183, 0.5475924, 0.7496518, 0.8715368, 0.9688779, 0.8172978, 1.1396513, 0.8948167, 0.6209155, 0.3458831, 1.7046808, 0.973489, 0.08163, 1.2018535, 1.3079299, 0.5821705, 0.6435777, 1.969912, 1.6734324, 0.0801148, 1.515596, 0.0673506, 0.045742, 0.2471032;0.2736267, 0.0221236, 1.4971748, 0.8717836, 0.219214, 0.9971245, 0.1821179, 0.9758653, 0.4261813, 0.0245869, 0.3236102, 1.9446142, 1.8681423, 1.6178472, 1.868905, 0.3368958, 0.6832954, 1.1771498, 0.7896985, 0.7704074, 1.692626, 0.5553636, 0.7582632, 0.1595447, 1.4437502, 1.683248, 0.4981957, 0.4886432, 0.7192018, 0.4459027, 0.6587078, 1.8381153, 1.6726021;0.9747932, 1.3938644, 1.651233, 1.0303871, 0.9963339, 0.6804993, 0.1995425, 1.6895268, 0.6545112, 0.462623, 1.6578453, 0.8682725, 0.6802282, 1.6588855, 0.0306525, 0.2284547, 0.9508636, 0.2207696, 0.6503257, 1.2156752, 1.106593, 0.082381, 0.0721984, 0.6936822, 1.5706097, 0.2576829, 0.7948095, 0.1510579, 0.451387, 0.2732595, 1.9309487, 1.6765134, 0.1636238;0.7252577, 0.7271691, 0.9839776, 0.8670315, 0.409334, 0.3975944, 0.3710388, 0.7427065, 1.4041403, 0.2131047, 1.9771742, 0.9876496, 0.2742152, 1.7384492, 1.9994137, 1.8785156, 0.6385259, 0.4323348, 1.406908, 0.2299546, 1.048212, 0.5786754, 1.3270332, 0.0401092, 1.5670163, 1.7823855, 1.8707535, 0.9436159, 0.4197273, 0.4386154, 0.345935, 0.8940992, 0.4254933];
classifier_label_type = 'series';
kernel_name = 'Gaussian';
classifier_alpha_sum = 2.42861286637e-17;
kernel_feature_class = 'simple';
classifier_sv_sum = 16562;
