accuracy = 1e-06
classifier_C = 30
classifier_accuracy = 0.0001
init_random = 42
kernel_arg0_width = 1.5
name = 'GMNPSVM'
classifier_num_threads = 1
data_train = [0.928018918, 1.47350727, 0.318786849, 1.37329346, 0.627943714, 1.15136388, 0.854210839, 1.37312584, 0.569255587, 0.551169401, 0.988943837, 0.700823415, 1.96496636, 0.268649608, 0.310151609, 1.72769182, 0.427350474, 0.771872529, 1.46807848, 0.42550457, 0.24106634, 1.96111145, 0.63113215, 0.191288585, 0.144707964, 0.818008414, 0.176946736, 0.529670035, 0.657112501, 1.47729199, 0.24569683, 1.08022432, 1.75209873;0.144363572, 0.0729511873, 1.60908534, 0.382613134, 1.63839456, 1.22105351, 1.76426525, 0.841313364, 0.255740479, 0.0586274094, 1.51213279, 0.441982062, 0.274073947, 0.456731911, 0.821357126, 1.38891156, 0.864823086, 0.833240959, 1.47976986, 0.776759736, 0.140937562, 1.65009054, 1.41632643, 0.148195771, 0.041103612, 0.423994198, 0.822602298, 0.1713243, 0.309674767, 1.10578645, 0.653443702, 0.72727544, 1.79327447;1.60421201, 1.76526447, 0.893038175, 0.672820516, 1.62877714, 1.79206315, 0.353973303, 1.63953063, 0.283827246, 1.3984254, 0.365788548, 1.98817136, 0.750669065, 1.89500748, 0.973255991, 0.0590414371, 0.40057857, 0.815070565, 0.259319503, 0.259778978, 0.437167723, 0.484995872, 0.0170657247, 0.891049045, 1.27293314, 0.782031847, 1.23730779, 0.284416557, 0.653075078, 1.85511132, 0.457560733, 0.807674079, 0.88550074;0.716739908, 0.471115215, 1.12034877, 0.192585642, 0.94537752, 1.55782631, 1.02787308, 0.499185836, 0.785215102, 0.42548601, 0.841899933, 1.82133848, 0.0505767068, 0.84029606, 0.480447833, 0.0560893305, 1.16999936, 0.982103417, 0.302704647, 1.2918777, 0.177048967, 0.718814317, 1.29572224, 1.50184278, 1.69484795, 0.596134496, 0.183948501, 0.28790161, 0.791124756, 0.516696181, 0.249009936, 1.23336513, 1.79640326;0.886723791, 0.313641661, 0.102752849, 0.277504869, 1.69003998, 0.138485495, 0.349475507, 0.374912762, 0.879443273, 0.431518668, 1.35991701, 0.904502469, 1.81414908, 0.323941537, 0.632567429, 1.15954465, 1.55342667, 0.798064865, 1.74743936, 1.4762363, 0.426029308, 1.24538206, 1.0857591, 1.45418483, 0.682771386, 0.588284278, 0.878398442, 0.587530014, 0.570312209, 0.966996748, 0.0256335242, 0.086451792, 1.47208723;0.598552837, 1.57588684, 1.28377258, 1.75149689, 0.990117752, 1.9442548, 0.00260039039, 0.589164114, 1.19465362, 0.987482083, 1.12509626, 0.818885108, 0.825365462, 0.633053037, 0.460003722, 0.97677422, 0.352332117, 0.213062424, 0.888665237, 0.626149068, 0.858302046, 0.231581407, 1.55514918, 1.10445824, 1.80043825, 1.66375404, 0.565216791, 0.305053257, 0.198500404, 1.21996505, 0.814719309, 0.3998394, 0.319007432;0.497399594, 1.49654017, 0.313616747, 0.296270144, 1.64706457, 0.242217848, 0.829246949, 0.22309509, 1.02974402, 0.380371197, 1.87504817, 0.614723792, 0.832658587, 0.832107497, 0.759757653, 1.81190719, 0.889930603, 1.42788822, 0.133647092, 1.57511858, 1.26338233, 0.36188663, 0.124739492, 1.01640269, 0.969101041, 0.863562365, 0.391913367, 1.14747378, 1.06122864, 0.569952869, 0.480933598, 0.21507025, 0.975088036;1.52806473, 0.89574388, 1.0352314, 0.0850683693, 0.126631324, 0.126949736, 1.59910927, 0.853071434, 1.98291735, 0.237232212, 0.807660861, 0.821542988, 0.66904255, 1.61823648, 0.579245233, 1.35357861, 0.473981035, 0.365034308, 0.37492899, 0.169612315, 1.22502335, 1.23807507, 1.22496386, 1.26343589, 0.57834495, 0.317261505, 0.935474398, 0.701981955, 1.09333489, 0.309573915, 0.770271039, 0.97498145, 0.194333974;1.35954084, 1.23456373, 0.78776503, 0.324533543, 0.207779888, 1.14485585, 0.539746262, 0.334772379, 0.284802412, 0.666627141, 1.38980407, 1.88310385, 1.34850894, 1.31942811, 0.82814632, 0.23512196, 0.980328434, 0.551715485, 1.01806565, 0.0576603671, 0.194974948, 0.788361748, 0.767992167, 0.757384096, 0.481757246, 1.93905304, 0.262605222, 1.49024793, 0.769346587, 0.91726484, 0.00743562807, 0.0242563528, 1.55738018;0.197954552, 0.372901104, 0.977210748, 0.241752294, 1.0916048, 0.858290752, 1.29339617, 0.194626751, 1.76672596, 1.41693516, 0.883608273, 0.0189727407, 1.94659885, 0.520859616, 0.342451144, 0.754256776, 1.53693186, 0.470873875, 1.65651061, 0.731477187, 0.9695143, 1.98705007, 1.80159612, 1.38804702, 0.563225455, 0.797524919, 0.744721509, 0.5234112, 1.15569535, 0.124825607, 0.867402187, 0.0171479972, 0.757626206;0.93035825, 1.41261857, 0.77780824, 1.88832067, 0.900614155, 0.790213871, 0.777735486, 0.667887732, 0.0485150166, 0.956544638, 0.409642054, 1.56375583, 0.789027721, 0.829802496, 0.0410972367, 1.85394043, 0.148307434, 0.90890506, 0.0478455236, 0.663941666, 1.34070956, 0.306337396, 0.908273216, 1.29314628, 0.895440176, 1.36009732, 1.8783601, 0.306575548, 1.97090347, 0.910062371, 1.05268122, 1.72039166, 0.49688203]
classifier_labels = [0.0, 1.0, 2.0, 3.0, 4.0, 5.0, 6.0, 7.0, 8.0, 9.0, 10.0, 11.0, 12.0, 13.0, 14.0, 15.0, 16.0, 17.0, 18.0, 19.0, 20.0, 21.0, 22.0, 23.0, 24.0, 25.0, 26.0, 27.0, 28.0, 29.0, 30.0, 31.0, 32.0]
classifier_tube_epsilon = 0.01
classifier_epsilon = 1e-05
