accuracy = 1e-08
classifier_C = 30
classifier_accuracy = 1e-05
kernel_arg0_scale = 1.5
name = 'GPBTSVM'
classifier_num_threads = 16
kernel_name = 'Linear'
data_train = [0.700823415, 1.29089625, 1.75209873, 2.22669209, 0.24106634, 2.77573789, 0.63113215, 1.08022432, 1.96496636, 2.89182638, 0.818008414, 1.47350727, 2.57613993, 1.37329346, 0.928018918, 2.03506584, 0.42550457, 1.15136388, 0.427350474, 0.569255587, 0.318786849, 1.72769182, 1.16801368, 1.88663343, 1.9563668, 1.47729199, 0.627943714, 2.20771465, 0.144707964, 0.310151609, 1.96111145, 0.657112501, 1.46807848, 2.68254648, 1.34702629, 0.191288585, 0.24569683, 2.208692, 0.176946736, 0.529670035, 1.8029063, 0.988943837, 1.17051414, 1.62206652, 1.37312584, 1.15790778, 0.854210839, 1.9000376, 2.08786735, 2.9880949, 1.57654544, 0.268649608, 2.83953367, 0.551169401, 0.771872529;0.382613134, 1.41632643, 0.1713243, 1.76426525, 1.00587517, 2.96494467, 1.74767901, 2.04807918, 0.72727544, 1.51213279, 1.39244728, 1.60908534, 1.44050628, 1.36962296, 0.0586274094, 1.22105351, 1.38891156, 0.274073947, 1.65009054, 2.24482138, 0.833240959, 1.79327447, 0.822602298, 1.47976986, 2.60809727, 1.10578645, 1.35499699, 1.33500224, 0.423994198, 0.456731911, 0.255740479, 2.05948172, 1.64142575, 2.36404499, 0.776759736, 1.24506965, 2.50006347, 0.841313364, 0.140937562, 2.69125123, 1.63839456, 0.309674767, 0.144363572, 2.64190609, 0.821357126, 2.42610794, 0.653443702, 0.441982062, 0.041103612, 1.74805441, 2.88928924, 1.02953883, 0.864823086, 0.148195771, 0.0729511873;2.9871594, 0.88550074, 2.86695844, 2.15058844, 1.19907764, 2.05209209, 0.365788548, 1.99932713, 1.30936481, 2.50661209, 0.973255991, 1.54188886, 2.48939929, 1.27293314, 0.891049045, 1.23730779, 0.484995872, 1.60421201, 0.283827246, 1.21980421, 1.79512632, 2.13844694, 1.06803243, 0.807674079, 2.16933338, 1.98817136, 1.52173371, 1.76526447, 1.74856819, 0.893038175, 0.750669065, 0.782031847, 0.457560733, 0.284416557, 1.83526778, 0.653075078, 0.0590414371, 2.18925212, 2.00694154, 1.62877714, 1.3984254, 1.63953063, 0.40057857, 0.437167723, 0.259778978, 1.89500748, 0.0170657247, 1.79185596, 2.86176039, 0.259319503, 0.672820516, 1.85511132, 0.353973303, 1.79206315, 0.815070565;1.16999936, 1.40055207, 0.471115215, 1.56412252, 1.45191209, 0.94537752, 1.31463604, 1.81865016, 1.29572224, 2.11671532, 2.71990105, 0.249009936, 2.41296489, 0.192585642, 0.183948501, 0.718814317, 0.499185836, 0.0560893305, 0.982103417, 0.28790161, 2.90962975, 0.302704647, 0.785215102, 1.23336513, 0.596134496, 2.37004265, 2.02101162, 1.08392942, 1.55782631, 1.2918777, 0.0505767068, 1.69484795, 2.11484265, 1.41753163, 2.07024795, 0.84029606, 0.841899933, 1.41427701, 0.177048967, 0.480447833, 0.791124756, 1.82133848, 1.12034877, 1.02787308, 1.79640326, 0.516696181, 2.69054482, 0.42548601, 2.60015837, 0.716739908, 2.20136349, 1.50184278, 1.97475421, 1.82633979, 1.1186086;1.24538206, 1.59344164, 0.277504869, 0.587530014, 2.82838961, 2.47168548, 1.64449237, 0.374912762, 0.313641661, 0.879443273, 0.0256335242, 1.4762363, 1.99422572, 1.74743936, 1.85825971, 1.81096041, 1.62806538, 1.0857591, 0.431518668, 1.15954465, 2.39617801, 0.138485495, 0.102752849, 2.31107842, 1.35991701, 1.3729634, 0.570312209, 0.798064865, 1.17792346, 2.25451972, 1.55342667, 0.323941537, 2.29788429, 1.67279106, 1.79962493, 0.588284278, 2.62905694, 1.97300322, 0.966996748, 1.69003998, 2.22057538, 2.69231714, 2.62285785, 0.086451792, 0.349475507, 0.632567429, 2.69373585, 0.904502469, 0.878398442, 0.426029308, 0.886723791, 1.47208723, 0.682771386, 1.45418483, 1.81414908;1.75149689, 1.40885807, 0.589164114, 0.00260039039, 2.69284219, 1.41295895, 0.213062424, 1.55514918, 0.626149068, 0.460003722, 1.81941335, 0.305053257, 0.231581407, 1.38219371, 1.44766262, 1.5076374, 2.05123428, 0.987482083, 2.59954183, 1.10445824, 1.12509626, 1.19465362, 0.3998394, 1.57538198, 0.990117752, 0.814719309, 0.352332117, 1.80043825, 2.14918124, 0.825365462, 0.598552837, 0.198500404, 0.565216791, 2.7464304, 2.2329077, 2.76318784, 1.20805316, 0.858302046, 2.40290187, 2.33765712, 1.34633846, 0.97677422, 2.57837349, 0.888665237, 0.818885108, 1.57588684, 0.633053037, 1.66375404, 1.68378977, 1.28377258, 0.319007432, 1.44187837, 1.9442548, 1.21996505, 2.71327906;1.01640269, 0.22309509, 0.569952869, 0.391913367, 2.54850673, 2.60387066, 1.26338233, 0.313616747, 2.26720231, 0.133647092, 1.02974402, 0.36188663, 1.06152933, 0.832107497, 0.863562365, 1.14747378, 1.64108513, 2.8598542, 0.889930603, 1.81190719, 1.06122864, 1.03211074, 2.3343604, 0.124739492, 1.53479425, 2.0833726, 2.21931051, 0.829246949, 0.21507025, 0.969101041, 0.242217848, 0.975088036, 1.84214849, 2.83142339, 1.57511858, 1.87504817, 0.614723792, 0.497399594, 1.49654017, 0.296270144, 1.25866026, 0.480933598, 2.81011141, 1.23262699, 0.380371197, 1.67478006, 1.92493375, 0.759757653, 1.42788822, 2.31141585, 1.64706457, 2.98731348, 0.832658587, 1.66976832, 1.09586944;0.701981955, 1.86436041, 0.126949736, 0.57834495, 0.194333974, 1.61204366, 0.89574388, 1.43765222, 0.309573915, 0.821542988, 1.35357861, 0.317261505, 1.26343589, 0.579245233, 1.23807507, 0.807660861, 0.935474398, 0.37492899, 1.04574172, 1.72046981, 2.68139443, 1.22502335, 2.75268055, 2.36228943, 2.21269981, 1.98291735, 1.51423873, 1.95687046, 2.65783545, 0.237232212, 0.365034308, 0.169612315, 0.126631324, 0.473981035, 0.0850683693, 0.853071434, 2.84225797, 2.37330398, 1.61818088, 2.4315763, 0.97498145, 1.59910927, 2.1761511, 2.53537375, 0.66904255, 2.36682109, 0.770271039, 1.29964046, 1.61823648, 1.41409659, 1.09333489, 1.0352314, 1.18107154, 1.52806473, 1.22496386;1.38980407, 2.04335676, 1.3356883, 2.69815746, 1.02688121, 1.05276558, 0.788361748, 2.27057608, 2.4320719, 1.35954084, 1.93905304, 0.481757246, 1.79397354, 1.88310385, 0.980328434, 1.34850894, 2.7808019, 0.551715485, 0.666627141, 0.0576603671, 0.91726484, 1.14827246, 0.757384096, 1.31942811, 0.207779888, 1.4549973, 1.01806565, 1.14485585, 2.28100188, 0.0242563528, 0.334772379, 2.92083985, 0.324533543, 1.49024793, 0.23512196, 2.79182987, 0.78776503, 0.767992167, 0.769346587, 1.01483436, 1.2847678, 0.82814632, 1.23456373, 0.539746262, 2.33719104, 1.86748981, 1.08644993, 0.262605222, 1.63219871, 0.284802412, 1.55738018, 2.38044135, 0.00743562807, 0.194974948, 2.70569804;1.81703732, 1.65651061, 0.754256776, 2.15815783, 2.90185801, 0.124825607, 0.757626206, 2.35202228, 1.29339617, 1.64707366, 1.96847115, 1.34385228, 2.4886406, 0.470873875, 2.40584893, 1.76672596, 0.867402187, 2.25458035, 0.0189727407, 2.4516867, 1.38804702, 1.22695467, 0.883608273, 0.563225455, 0.731477187, 0.977210748, 0.520859616, 1.15569535, 0.372901104, 1.41693516, 1.79363876, 1.97704448, 0.342451144, 1.80159612, 1.94659885, 0.797524919, 0.9695143, 1.53252559, 1.98705007, 2.8703374, 1.53693186, 2.35672862, 0.744721509, 1.2949587, 0.858290752, 2.62770821, 1.93082383, 1.53251713, 2.98215632, 0.197954552, 1.0916048, 0.0171479972, 0.241752294, 0.194626751, 0.5234112;1.85394043, 1.8783601, 1.29288835, 2.97981158, 0.93035825, 0.306575548, 0.148307434, 2.81551713, 1.34070956, 0.0485150166, 0.789027721, 0.829802496, 2.57875736, 1.41261857, 1.72039166, 0.49688203, 1.70598396, 0.900614155, 1.75787566, 0.306337396, 1.88832067, 1.36009732, 0.790213871, 0.895440176, 2.33298582, 0.663941666, 1.00256676, 0.910062371, 1.43740733, 0.0478455236, 2.63928988, 1.96686221, 2.9016125, 1.45679192, 1.56375583, 0.0410972367, 2.74763213, 1.06422526, 2.99745512, 0.908273216, 2.2892495, 1.38666906, 2.04108784, 1.97090347, 0.77780824, 1.29314628, 1.24518314, 0.956544638, 1.05268122, 1.56694587, 0.667887732, 2.97378826, 0.409642054, 0.777735486, 0.90890506]
classifier_labels = [-1, 1, 1, 1, 1, -1, -1, -1, 1, -1, 1, 1, 1, -1, -1, 1, 1, -1, 1, -1, 1, -1, 1, -1, -1, -1, -1, 1, -1, 1, 1, -1, -1, -1, -1, -1, -1, 1, 1, 1, -1, -1, 1, 1, -1, 1, 1, -1, -1, -1, 1, -1, -1, 1, -1]
classifier_tube_epsilon = 0.001
classifier_epsilon = 0.0001
