classifier_accuracy = 0.0001;
init_random = 42;
classifier_labels = [-1, -1, -1, -1, -1, -1, 1, -1, -1, 1, -1, 1, 1, -1, -1, 1, 1, -1, 1, -1, 1, -1];
kernel_arg0_width = 1.5;
classifier_tube_epsilon = 0.001;
classifier_epsilon = 1e-05;
data_test = [0.667557739, 0.950061967, 0.672518456, 0.138827173, 0.895523228, 0.120635871, 0.448445522, 0.826457466, 0.460778768, 0.752374529, 0.293210772, 0.206333718, 0.89678841, 0.345667283, 0.328664545, 0.0912866768, 0.47396164, 0.278590339, 0.905381976, 0.319313638, 0.950607147, 0.172319871, 0.181880084, 0.0108376515, 0.573437888, 0.192289019, 0.168935063, 0.389201679, 0.177010484, 0.640874745, 0.0887025338, 0.0408686163, 0.320049601, 0.631837212;0.618218063, 0.700969131, 0.370472103, 0.117067016, 0.761510632, 0.364269861, 0.789618143, 0.0727630064, 0.627900389, 0.873578624, 0.690394829, 0.209349323, 0.091206103, 0.441530501, 0.549528882, 0.0841068061, 0.0817590319, 0.494420305, 0.0393121398, 0.05755876, 0.0610779599, 0.791579044, 0.142991682, 0.80620128, 0.74825969, 0.484522985, 0.101122676, 0.503417271, 0.799410399, 0.350915013, 0.920872401, 0.184521019, 0.276877648, 0.887704183;0.424222009, 0.0813487806, 0.777146916, 0.252436944, 0.812799567, 0.0848377141, 0.947248577, 0.747470938, 0.107172011, 0.986639579, 0.377284163, 0.986001064, 0.0366832029, 0.713349586, 0.55840425, 0.0835007167, 0.0200711978, 0.821860059, 0.242470504, 0.462534716, 0.447412367, 0.36891364, 0.376259586, 0.269243231, 0.906354385, 0.532617266, 0.532113485, 0.618254772, 0.370642147, 0.706242227, 0.374270796, 0.753378185, 0.511677442, 0.895206838;0.583368765, 0.119762132, 0.0563032757, 0.746044879, 0.962172548, 0.468660642, 0.283775906, 0.890527281, 0.37487058, 0.586841118, 0.327497352, 0.118817916, 0.498442199, 0.492625104, 0.223595839, 0.0113536448, 0.868599128, 0.127580303, 0.322079166, 0.789171239, 0.649210302, 0.963222539, 0.431659546, 0.0121544747, 0.363082296, 0.679102319, 0.0869202881, 0.211448007, 0.593592454, 0.745439474, 0.285712086, 0.111197482, 0.117526247, 0.537106542;0.152859139, 0.695748689, 0.285095169, 0.28096319, 0.527701109, 0.896765425, 0.523097844, 0.0737965647, 0.62755808, 0.101782473, 0.186567024, 0.173373595, 0.454541065, 0.986515249, 0.0454463803, 0.356096726, 0.992964796, 0.90115801, 0.605774819, 0.410396827, 0.160681373, 0.969302536, 0.553854284, 0.645917241, 0.245957728, 0.237226792, 0.969878827, 0.043159912, 0.584314312, 0.570778305, 0.52451139, 0.629398638, 0.0802337457, 0.891143114;0.583656112, 0.986210744, 0.323679236, 0.257902827, 0.18812116, 0.698161714, 0.353352228, 0.66864322, 0.455656753, 0.684731173, 0.929375989, 0.974394808, 0.397855599, 0.277381183, 0.309527616, 0.170887587, 0.890263784, 0.571612689, 0.620132598, 0.865507126, 0.279979094, 0.112038902, 0.425436439, 0.187043749, 0.950411484, 0.556762893, 0.077734637, 0.463698405, 0.982378617, 0.81379502, 0.817072071, 0.769492933, 0.536096366, 0.969470433;0.0263669745, 0.162616939, 0.725719508, 0.242409732, 0.949799913, 0.150416891, 0.134414677, 0.0518235368, 0.613415196, 0.481140102, 0.418243036, 0.594130715, 0.810553331, 0.322353845, 0.932728483, 0.809874446, 0.989960232, 0.336604278, 0.507610379, 0.581238221, 0.987276129, 0.0452186701, 0.380890857, 0.154362715, 0.254640655, 0.288630553, 0.532589433, 0.114836825, 0.822537243, 0.376463367, 0.610620042, 0.910927184, 0.86606389, 0.0633749705;0.768987415, 0.838328705, 0.411840914, 0.938340457, 0.849647391, 0.965026911, 0.247348102, 0.94476573, 0.969914398, 0.0563754967, 0.730867475, 0.830619408, 0.76022786, 0.574473113, 0.864722376, 0.0664962674, 0.595638741, 0.124297223, 0.555431706, 0.929529144, 0.741120649, 0.450544135, 0.842118923, 0.181233066, 0.812901009, 0.46869316, 0.999717673, 0.471576189, 0.681502722, 0.273407072, 0.996636837, 0.414819502, 0.348868267, 0.841828777;0.8521815, 0.61812824, 0.520163501, 0.665197221, 0.795267312, 0.523065425, 0.671573196, 0.520307701, 0.376944429, 0.139772377, 0.392445107, 0.876653603, 0.551906839, 0.81457472, 0.301377874, 0.20162732, 0.877200541, 0.74760938, 0.671700684, 0.560937972, 0.954051027, 0.164265798, 0.606174634, 0.462679786, 0.358162718, 0.403482866, 0.228642806, 0.439134909, 0.113557592, 0.772318392, 0.163655943, 0.816599439, 0.358830484, 0.129159415;0.906472111, 0.348255467, 0.513989489, 0.620072756, 0.620309551, 0.939832124, 0.350587559, 0.788597211, 0.334905615, 0.893892583, 0.904158694, 0.794025189, 0.783653013, 0.543552861, 0.624237996, 0.899574573, 0.0287826763, 0.212964162, 0.232212695, 0.383891221, 0.437474922, 0.704079768, 0.50272039, 0.627708053, 0.755137256, 0.136371476, 0.533461092, 0.589917687, 0.0145446657, 0.392244045, 0.139272073, 0.116898041, 0.134015228, 0.396542782;0.147073481, 0.342081749, 0.862363709, 0.949520624, 0.311722068, 0.229251395, 0.149917427, 0.32875161, 0.0758633281, 0.24848914, 0.821257305, 0.127488662, 0.762458686, 0.797295366, 0.6220867, 0.258244388, 0.110631737, 0.492618094, 0.846452292, 0.240145619, 0.980032575, 0.128879722, 0.633400854, 0.15167488, 0.876765637, 0.459135756, 0.492116293, 0.128045839, 0.0335324347, 0.926587625, 0.569889685, 0.151902694, 0.743946293, 0.397287291];
data_type = 'double';
kernel_name = 'Gaussian';
classifier_type = 'kernel';
classifier_classified = [-0.170379923, 1.03377527, -0.457386068, -1.10016126, -0.616146906, 0.540902576, -0.40408388, -0.921861997, 0.800688423, -0.492448123, 0.304720498, -0.801827706, 0.0152893633, -0.111340385, -0.156511285, -0.048822753, 0.079709692, -0.110687497, -0.712729662, -0.953807723, -0.920521549, -0.0670321248, -0.537629497, 0.676141401, -0.281381782, -0.634729847, 0.928987061, -0.44030448, 0.247913782, -0.954864223, 0.323400319, -0.771440038, -1.12712388, 0.318328035];
feature_type = 'Real';
classifier_C = 30;
name = 'GPBTSVM';
classifier_num_threads = 16;
