distance_name = 'EuclidianDistance'
classifier_accuracy = 1e-08
name = 'KNN'
classifier_num_threads = 1
data_train = [0.440881098, 0.888310822, 0.809498422, 0.785421093, 0.458246842, 0.0375728858, 0.492256406, 0.898445534, 0.190450156, 0.982592472, 0.80769062;0.709829792, 0.677159958, 0.587025882, 0.720670323, 0.421905556, 0.845288108, 0.696345956, 0.771253112, 0.792487422, 0.0920700457, 0.0556407727;0.800985868, 0.259384021, 0.581969808, 0.443710855, 0.0220392037, 0.0402812582, 0.827125242, 0.607677561, 0.523843079, 0.944352083, 0.173115026;0.25797084, 0.756739078, 0.775235228, 0.404897196, 0.950978435, 0.938254578, 0.0124097151, 0.172327902, 0.820219442, 0.335216685, 0.0954626787;0.784999174, 0.454583506, 0.492410787, 0.186369389, 0.660895054, 0.551241318, 0.206672938, 0.340331508, 0.596879287, 0.924872255, 0.92037635;0.287905904, 0.735620978, 0.775519081, 0.8088231, 0.570762285, 0.0105079981, 0.761676285, 0.10659745, 0.116871386, 0.605624803, 0.983520521;0.242539473, 0.64581088, 0.303653646, 0.898726114, 0.593516892, 0.207477328, 0.26213105, 0.43248073, 0.122043562, 0.0787333683, 0.680061396;0.407165062, 0.726225792, 0.1100582, 0.609865548, 0.443306793, 0.0579986545, 0.544801978, 0.0828042747, 0.827719748, 0.631957465, 0.556967534;0.133469004, 0.287457114, 0.492875897, 0.633283514, 0.183230719, 0.00886627813, 0.344760187, 0.482871455, 0.184433506, 0.492165506, 0.338485859;0.455089666, 0.347457751, 0.62846785, 0.042897011, 0.17090529, 0.432750869, 0.356296716, 0.391631956, 0.803760695, 0.886331658, 0.248668783;0.83639106, 0.458789865, 0.273820619, 0.985456071, 0.824801791, 0.994253319, 0.168190784, 0.143842674, 0.503377953, 0.63864376, 0.171060093]
classifier_labels = [-1, -1, -1, 1, 1, 1, -1, 1, -1, -1, 1]
data_test = [0.860430668, 0.532013479, 0.410941833, 0.602053673, 0.634953713, 0.042783281, 0.999892667, 0.363919577, 0.0615426469, 0.852323175, 0.993018679, 0.816358509, 0.85188249, 0.625935114, 0.922325578, 0.0357385517, 0.766723863;0.670710228, 0.0495849705, 0.543973579, 0.515060346, 0.691534225, 0.0775314116, 0.805278785, 0.139403442, 0.418664613, 0.881288008, 0.560531605, 0.379590914, 0.048202242, 0.672273517, 0.986546765, 0.911796399, 0.717296078;0.105292858, 0.239440093, 0.186849019, 0.35546164, 0.235517228, 0.244439446, 0.616729935, 0.318702656, 0.677162876, 0.947889659, 0.638477917, 0.751656677, 0.751580415, 0.330702788, 0.0149579946, 0.055047963, 0.282060251;0.689543184, 0.906683139, 0.958798262, 0.0258486638, 0.990087246, 0.322497218, 0.842956228, 0.180295461, 0.0628982576, 0.378355424, 0.858925389, 0.220824916, 0.153957326, 0.909804329, 0.938337203, 0.0125481992, 0.727435737;0.309207737, 0.37470437, 0.469102975, 0.42679097, 0.514973785, 0.582361716, 0.465595505, 0.70156354, 0.718601663, 0.440359197, 0.142463148, 0.640638921, 0.772956712, 0.638109521, 0.588054766, 0.229411991, 0.645137041;0.334856215, 0.919558863, 0.653720093, 0.278179677, 0.472926909, 0.846581276, 0.335463951, 0.52544057, 0.679669973, 0.754529339, 0.173892175, 0.565152305, 0.9121999, 0.968359782, 0.656145043, 0.983660804, 0.570735249;0.44260503, 0.551587459, 0.115712394, 0.40171592, 0.458405053, 0.848627799, 0.758648593, 0.601426585, 0.347277235, 0.187034586, 0.347765021, 0.679804071, 0.263037799, 0.426886696, 0.386770235, 0.765590064, 0.883787062;0.699370957, 0.341602261, 0.433177049, 0.143350154, 0.168097448, 0.164292568, 0.130586358, 0.179581229, 0.202688203, 0.111845944, 0.640260722, 0.990401535, 0.879186745, 0.0456027238, 0.423058809, 0.859310579, 0.134674818;0.847645147, 0.592700638, 0.931298553, 0.876039114, 0.677034322, 0.65782266, 0.213164202, 0.116752967, 0.41539343, 0.186580039, 0.102416718, 0.302326733, 0.860489943, 0.017148154, 0.292637682, 0.424052185, 0.51056975;0.181577508, 0.9642202, 0.578873044, 0.522110547, 0.00882258893, 0.485715379, 0.837670629, 0.219644543, 0.351207568, 0.0205714647, 0.976927514, 0.0666517971, 0.898221124, 0.312987714, 0.587556402, 0.67931554, 0.140829167;0.443759378, 0.3254661, 0.0566024656, 0.833193654, 0.0451677565, 0.653257959, 0.314077376, 0.192129327, 0.667086051, 0.574537715, 0.315256257, 0.512960748, 0.246237101, 0.863696459, 0.31381878, 0.24515303, 0.751833711]
data_type = 'double'
feature_type = 'Real'
classifier_type = 'knn'
classifier_k = 3
data_class = 'rand'
feature_class = 'simple'
classifier_classified = [1, -1, -1, 1, -1, 1, -1, 1, -1, -1, -1]
accuracy = 1e-08
