distance_name = 'EuclidianDistance';
classifier_name = 'KNN';
classifier_accuracy = 1e-08;
init_random = 42;
classifier_labels = [1, 1, -1, -1, -1, 1, -1, -1, -1, 1, 1, -1, 1, 1, 1, -1, 1, -1, -1, 1, -1, -1];
classifier_label_type = 'twoclass';
classifier_k = 3;
distance_data_train = [0.0643236972, 0.151243338, 0.95586168, 0.599704137, 0.350038901, 0.480620734, 0.460527331, 0.893029958, 0.964509556, 0.958754616, 0.444064491, 0.0182679816, 0.706683696, 0.868963773, 0.644514824, 0.798494534, 0.662173012, 0.195273333, 0.441964109, 0.795699033, 0.514320932, 0.240803512;0.704405544, 0.712191728, 0.73209837, 0.817876638, 0.305253629, 0.219265702, 0.0946853747, 0.663063049, 0.0424787666, 0.730498146, 0.0959557549, 0.227514963, 0.957316851, 0.160096138, 0.995548075, 0.691881046, 0.384114911, 0.975294051, 0.739344333, 0.560711739, 0.526745496, 0.402008472;0.72186424, 0.0679258144, 0.856571902, 0.732768835, 0.615776315, 0.75905201, 0.567079971, 0.449586599, 0.659745018, 0.846276455, 0.0480023026, 0.414764359, 0.673160733, 0.130328365, 0.670201629, 0.883892238, 0.114795967, 0.5873744, 0.228436296, 0.423036179, 0.242886237, 0.101890646;0.593613217, 0.686249936, 0.176801666, 0.856653016, 0.667218611, 0.518002336, 0.780191929, 0.737315274, 0.895854257, 0.277819495, 0.997204508, 0.734383641, 0.70229862, 0.10240035, 0.323529914, 0.318110742, 0.160384134, 0.715456955, 0.577949741, 0.290563512, 0.450440995, 0.527402287;0.81558314, 0.570457915, 0.434065261, 0.890398789, 0.440006319, 0.277715639, 0.558472792, 0.686073155, 0.379298793, 0.966951392, 0.221995045, 0.816453856, 0.34286874, 0.300192184, 0.756445476, 0.743379165, 0.0924229169, 0.517907161, 0.771664938, 0.915890635, 0.704386079, 0.77330867;0.370058036, 0.18848805, 0.805952968, 0.173389281, 0.0197320957, 0.0983854925, 0.586633313, 0.751371771, 0.786960727, 0.683883973, 0.24223566, 0.430185867, 0.199017692, 0.130624483, 0.13613644, 0.26128736, 0.877479196, 0.243343883, 0.327313189, 0.156373613, 0.18788995, 0.909517316;0.739703134, 0.329243479, 0.704970334, 0.434690393, 0.461806534, 0.261126847, 0.117553262, 0.360131688, 0.999090768, 0.0454646272, 0.843652257, 0.157826981, 0.870726307, 0.839091499, 0.0879530084, 0.634030393, 0.0977032111, 0.844365491, 0.844914085, 0.615932007, 0.589116344, 0.137214812;0.969891342, 0.618676709, 0.365003496, 0.924708992, 0.954130603, 0.531890958, 0.793072033, 0.0305683673, 0.443812741, 0.679197455, 0.841538468, 0.422155165, 0.898117584, 0.361382612, 0.526747852, 0.935270163, 0.546516045, 0.426440795, 0.873243946, 0.246099123, 0.372870331, 0.626059531;0.431082046, 0.401516254, 0.707454792, 0.66355692, 0.790244476, 0.40733159, 0.902346056, 0.695278901, 0.792912474, 0.103293468, 0.273011996, 0.564339223, 0.807502525, 0.0283243575, 0.572858752, 0.58460836, 0.827934325, 0.479480631, 0.401335943, 0.151360951, 0.429097783, 0.626449368;0.723922671, 0.454409751, 0.0311357379, 0.0340956979, 0.96740163, 0.467862737, 0.785617754, 0.684803696, 0.0190992798, 0.83773876, 0.967800247, 0.411787739, 0.716369055, 0.24106533, 0.988675543, 0.474160175, 0.405887753, 0.0332546072, 0.726604764, 0.601987795, 0.70770263, 0.701490616;0.849663378, 0.886445011, 0.986336062, 0.138442634, 0.0849698374, 0.549364551, 0.958450356, 0.0706709647, 0.00608331091, 0.904376834, 0.89233847, 0.540972506, 0.699989835, 0.118871106, 0.106511637, 0.471304402, 0.67998551, 0.119766932, 0.274969366, 0.154564007, 0.127348776, 0.719989231];
distance_data_test = [0.0776479154, 0.039243576, 0.812033293, 0.391694776, 0.753213439, 0.0136598834, 0.860855028, 0.547237428, 0.854925657, 0.78994827, 0.773636645, 0.327191606, 0.46699942, 0.66191773, 0.211572806, 0.362292998, 0.628182605, 0.145291712, 0.0642352481, 0.365051278, 0.19405388, 0.231175883, 0.656149715, 0.537120748, 0.15591851, 0.463829732, 0.811156262, 0.87941731, 0.252679628, 0.614031198, 0.553400027, 0.343822491, 0.376819606, 0.153974351;0.830583325, 0.0379978373, 0.774827767, 0.714121527, 0.0726821558, 0.433784402, 0.105778907, 0.355449464, 0.370003541, 0.277922011, 0.510262646, 0.911754332, 0.840888977, 0.15265298, 0.750928394, 0.284800374, 0.0501440231, 0.702850823, 0.0639231642, 0.681137699, 0.987982644, 0.0502131215, 0.48477806, 0.664375411, 0.337329531, 0.396608799, 0.890314456, 0.605529275, 0.413416575, 0.549988416, 0.608688761, 0.281553863, 0.614043607, 0.633106823;0.4561054, 0.871272908, 0.94071708, 0.0683517149, 0.588794529, 0.449679851, 0.805684789, 0.593271093, 0.898223519, 0.792501682, 0.233395452, 0.451336033, 0.679508023, 0.500755275, 0.68274384, 0.714687449, 0.315489206, 0.130453487, 0.489560906, 0.76268617, 0.161616061, 0.958516275, 0.260808427, 0.941259064, 0.574162, 0.900867894, 0.292835622, 0.0125926127, 0.311192444, 0.663458323, 0.312945617, 0.205629476, 0.527299133, 0.755709922;0.268797096, 0.0717105209, 0.528058422, 0.351826897, 0.0733607595, 0.15626134, 0.101574544, 0.535525883, 0.983215987, 0.509002184, 0.2172574, 0.195839242, 0.991597776, 0.82748096, 0.328352074, 0.743736815, 0.0435606806, 0.998698482, 0.654927735, 0.682479066, 0.230421972, 0.075272241, 0.60012394, 0.581339217, 0.411227363, 0.485253255, 0.360117715, 0.635024566, 0.442870506, 0.491140969, 0.971072459, 0.979238168, 0.616885783, 0.232594637;0.335476611, 0.333714848, 0.880106667, 0.14278485, 0.977895988, 0.366667178, 0.485495891, 0.679037165, 0.992038474, 0.102832816, 0.614934178, 0.780974401, 0.832225781, 0.150448551, 0.573127923, 0.898229193, 0.434420138, 0.968613815, 0.112211539, 0.0823529903, 0.593606826, 0.771809776, 0.473094538, 0.212125399, 0.977187739, 0.213961731, 0.271268586, 0.465966748, 0.45876829, 0.550295523, 0.784774321, 0.101125188, 0.111314321, 0.972042094;0.0331741578, 0.314546098, 0.886530671, 0.561110109, 0.797488978, 0.970076619, 0.778553026, 0.113427427, 0.181497628, 0.104507563, 0.913245619, 0.645916526, 0.855602627, 0.0905853575, 0.667860222, 0.595807532, 0.24445221, 0.331690252, 0.92726487, 0.832849042, 0.985971944, 0.052972906, 0.231968452, 0.562282503, 0.95488971, 0.776139404, 0.483354303, 0.209419817, 0.121138574, 0.614410009, 0.267344712, 0.25209866, 0.0490535726, 0.53507375;0.781722266, 0.300526757, 0.149673465, 0.99830693, 0.172218322, 0.610642751, 0.0393901629, 0.00608753098, 0.363246179, 0.507862038, 0.816860481, 0.533508586, 0.308394592, 0.924034492, 0.776831369, 0.93000672, 0.707137518, 0.876858583, 0.288887299, 0.371416912, 0.0776724133, 0.76223079, 0.981727217, 0.119250168, 0.468579804, 0.411042565, 0.763390678, 0.0154151661, 0.099763004, 0.823453054, 0.694965269, 0.424867927, 0.329712175, 0.22633084;0.671642921, 0.349447641, 0.330311005, 0.605400372, 0.764012626, 0.389164617, 0.374336154, 0.55133055, 0.989867484, 0.487813482, 0.21262319, 0.244808961, 0.410337594, 0.740809365, 0.136695074, 0.0813903166, 0.601471101, 0.990109784, 0.217665876, 0.390750348, 0.292333311, 0.291823188, 0.76511151, 0.427450533, 0.680213371, 0.77779158, 0.705502661, 0.21392287, 0.295936968, 0.292445461, 0.681514535, 0.0114326767, 0.272084158, 0.417856187;0.226269585, 0.91041109, 0.599175635, 0.830138902, 0.335913845, 0.738827437, 0.992171714, 0.988389879, 0.211528626, 0.2739906, 0.0956687104, 0.853111389, 0.0741726303, 0.344501855, 0.382916407, 0.469802076, 0.589505384, 0.172396143, 0.0883127212, 0.0647721995, 0.2197503, 0.25641837, 0.792902278, 0.958690654, 0.207084825, 0.891229441, 0.49106795, 0.944223674, 0.393435489, 0.625667181, 0.0641352522, 0.134238419, 0.505116718, 0.804396447;0.201446482, 0.321352306, 0.614481008, 0.806714768, 0.7654985, 0.969349614, 0.431702979, 0.542096509, 0.989564808, 0.655593951, 0.679675131, 0.200974033, 0.587366779, 0.188174646, 0.375759348, 0.351219631, 0.665404793, 0.956548909, 0.0165394493, 0.157688672, 0.419654745, 0.00830484112, 0.863957028, 0.654905302, 0.790074127, 0.719663926, 0.14032352, 0.684209671, 0.215543285, 0.186807898, 0.982482651, 0.97005736, 0.313879373, 0.84007716;0.604072101, 0.793229678, 0.404020103, 0.323577604, 0.0545396607, 0.105575642, 0.0126578285, 0.342598771, 0.98563362, 0.912064453, 0.150153644, 0.986355796, 