distance_name = 'EuclidianDistance';
classifier_name = 'KNN';
classifier_accuracy = 1e-08;
init_random = 42;
classifier_labels = [1, 1, -1, -1, -1, 1, -1, -1, -1, 1, 1, -1, 1, 1, 1, -1, 1, -1, -1, 1, -1, -1];
classifier_label_type = 'twoclass';
classifier_k = 3;
distance_data_train = [0.0643237, 0.1512433, 0.9558617, 0.5997041, 0.3500389, 0.4806207, 0.4605273, 0.89303, 0.9645096, 0.9587546, 0.4440645, 0.018268, 0.7066837, 0.8689638, 0.6445148, 0.7984945, 0.662173, 0.1952733, 0.4419641, 0.795699, 0.5143209, 0.2408035;0.7044055, 0.7121917, 0.7320984, 0.8178766, 0.3052536, 0.2192657, 0.0946854, 0.663063, 0.0424788, 0.7304981, 0.0959558, 0.227515, 0.9573169, 0.1600961, 0.9955481, 0.691881, 0.3841149, 0.9752941, 0.7393443, 0.5607117, 0.5267455, 0.4020085;0.7218642, 0.0679258, 0.8565719, 0.7327688, 0.6157763, 0.759052, 0.56708, 0.4495866, 0.659745, 0.8462765, 0.0480023, 0.4147644, 0.6731607, 0.1303284, 0.6702016, 0.8838922, 0.114796, 0.5873744, 0.2284363, 0.4230362, 0.2428862, 0.1018906;0.5936132, 0.6862499, 0.1768017, 0.856653, 0.6672186, 0.5180023, 0.7801919, 0.7373153, 0.8958543, 0.2778195, 0.9972045, 0.7343836, 0.7022986, 0.1024003, 0.3235299, 0.3181107, 0.1603841, 0.715457, 0.5779497, 0.2905635, 0.450441, 0.5274023;0.8155831, 0.5704579, 0.4340653, 0.8903988, 0.4400063, 0.2777156, 0.5584728, 0.6860732, 0.3792988, 0.9669514, 0.221995, 0.8164539, 0.3428687, 0.3001922, 0.7564455, 0.7433792, 0.0924229, 0.5179072, 0.7716649, 0.9158906, 0.7043861, 0.7733087;0.370058, 0.188488, 0.805953, 0.1733893, 0.0197321, 0.0983855, 0.5866333, 0.7513718, 0.7869607, 0.683884, 0.2422357, 0.4301859, 0.1990177, 0.1306245, 0.1361364, 0.2612874, 0.8774792, 0.2433439, 0.3273132, 0.1563736, 0.18789, 0.9095173;0.7397031, 0.3292435, 0.7049703, 0.4346904, 0.4618065, 0.2611268, 0.1175533, 0.3601317, 0.9990908, 0.0454646, 0.8436523, 0.157827, 0.8707263, 0.8390915, 0.087953, 0.6340304, 0.0977032, 0.8443655, 0.8449141, 0.615932, 0.5891163, 0.1372148;0.9698913, 0.6186767, 0.3650035, 0.924709, 0.9541306, 0.531891, 0.793072, 0.0305684, 0.4438127, 0.6791975, 0.8415385, 0.4221552, 0.8981176, 0.3613826, 0.5267479, 0.9352702, 0.546516, 0.4264408, 0.8732439, 0.2460991, 0.3728703, 0.6260595;0.431082, 0.4015163, 0.7074548, 0.6635569, 0.7902445, 0.4073316, 0.9023461, 0.6952789, 0.7929125, 0.1032935, 0.273012, 0.5643392, 0.8075025, 0.0283244, 0.5728588, 0.5846084, 0.8279343, 0.4794806, 0.4013359, 0.151361, 0.4290978, 0.6264494;0.7239227, 0.4544098, 0.0311357, 0.0340957, 0.9674016, 0.4678627, 0.7856178, 0.6848037, 0.0190993, 0.8377388, 0.9678002, 0.4117877, 0.7163691, 0.2410653, 0.9886755, 0.4741602, 0.4058878, 0.0332546, 0.7266048, 0.6019878, 0.7077026, 0.7014906;0.8496634, 0.886445, 0.9863361, 0.1384426, 0.0849698, 0.5493646, 0.9584504, 0.070671, 0.0060833, 0.9043768, 0.8923385, 0.5409725, 0.6999898, 0.1188711, 0.1065116, 0.4713044, 0.6799855, 0.1197669, 0.2749694, 0.154564, 0.1273488, 0.7199892];
distance_data_test = [0.0776479, 0.0392436, 0.8120333, 0.3916948, 0.7532134, 0.0136599, 0.860855, 0.5472374, 0.8549257, 0.7899483, 0.7736366, 0.3271916, 0.4669994, 0.6619177, 0.2115728, 0.362293, 0.6281826, 0.1452917, 0.0642352, 0.3650513, 0.1940539, 0.2311759, 0.6561497, 0.5371207, 0.1559185, 0.4638297, 0.8111563, 0.8794173, 0.2526796, 0.6140312, 0.5534, 0.3438225, 0.3768196, 0.1539744;0.8305833, 0.0379978, 0.7748278, 0.7141215, 0.0726822, 0.4337844, 0.1057789, 0.3554495, 0.3700035, 0.277922, 0.5102626, 0.9117543, 0.840889, 0.152653, 0.7509284, 0.2848004, 0.050144, 0.7028508, 0.0639232, 0.6811377, 0.9879826, 0.0502131, 0.4847781, 0.6643754, 0.3373295, 0.3966088, 0.8903145, 0.6055293, 0.4134166, 0.5499884, 0.6086888, 0.2815539, 0.6140436, 0.6331068;0.4561054, 0.8712729, 0.9407171, 0.0683517, 0.5887945, 0.4496799, 0.8056848, 0.5932711, 0.8982235, 0.7925017, 0.2333955, 0.451336, 0.679508, 0.5007553, 0.6827438, 0.7146874, 0.3154892, 0.1304535, 0.4895609, 0.7626862, 0.1616161, 0.9585163, 0.2608084, 0.9412591, 0.574162, 0.9008679, 0.2928356, 0.0125926, 0.3111924, 0.6634583, 0.3129456, 0.2056295, 0.5272991, 0.7557099;0.2687971, 0.0717105, 0.5280584, 0.3518269, 0.0733608, 0.1562613, 0.1015745, 0.5355259, 0.983216, 0.5090022, 0.2172574, 0.1958392, 0.9915978, 0.827481, 0.3283521, 0.7437368, 0.0435607, 0.9986985, 0.6549277, 0.6824791, 0.230422, 0.0752722, 0.6001239, 0.5813392, 0.4112274, 0.4852533, 0.3601177, 0.6350246, 0.4428705, 0.491141, 0.9710725, 0.9792382, 0.6168858, 0.2325946;0.3354766, 0.3337148, 0.8801067, 0.1427849, 0.977896, 0.3666672, 0.4854959, 0.6790372, 0.9920385, 0.1028328, 0.6149342, 0.7809744, 0.8322258, 0.1504486, 0.5731279, 0.8982292, 0.4344201, 0.9686138, 0.1122115, 0.082353, 0.5936068, 0.7718098, 0.4730945, 0.2121254, 0.9771877, 0.2139617, 0.2712686, 0.4659667, 0.4587683, 0.5502955, 0.7847743, 0.1011252, 0.1113143, 0.9720421;0.0331742, 0.3145461, 0.8865307, 0.5611101, 0.797489, 0.9700766, 0.778553, 0.1134274, 0.1814976, 0.1045076, 0.9132456, 0.6459165, 0.8556026, 0.0905854, 0.6678602, 0.5958075, 0.2444522, 0.3316903, 0.9272649, 0.832849, 0.9859719, 0.0529729, 0.2319685, 0.5622825, 0.9548897, 0.7761394, 0.4833543, 0.2094198, 0.1211386, 0.61441, 0.2673447, 0.2520987, 0.0490536, 0.5350737;0.7817223, 0.3005268, 0.1496735, 0.9983069, 0.1722183, 0.6106428, 0.0393902, 0.0060875, 0.3632462, 0.507862, 0.8168605, 0.5335086, 0.3083946, 0.9240345, 0.7768314, 0.9300067, 0.7071375, 0.8768586, 0.2888873, 0.3714169, 0.0776724, 0.7622308, 0.9817272, 0.1192502, 0.4685798, 0.4110426, 0.7633907, 0.0154152, 0.099763, 0.8234531, 0.6949653, 0.4248679, 0.3297122, 0.2263308;0.6716429, 0.3494476, 0.330311, 0.6054004, 0.7640126, 0.3891646, 0.3743362, 0.5513305, 0.9898675, 0.4878135, 0.2126232, 0.244809, 0.4103376, 0.7408094, 0.1366951, 0.0813903, 0.6014711, 0.9901098, 0.2176659, 0.3907503, 0.2923333, 0.2918232, 0.7651115, 0.4274505, 0.6802134, 0.7777916, 0.7055027, 0.2139229, 0.295937, 0.2924455, 0.6815145, 0.0114327, 0.2720842, 0.4178562;0.2262696, 0.9104111, 0.5991756, 0.8301389, 0.3359138, 0.7388274, 0.9921717, 0.9883899, 0.2115286, 0.2739906, 0.0956687, 0.8531114, 0.0741726, 0.3445019, 0.3829164, 0.4698021, 0.5895054, 0.1723961, 0.0883127, 0.0647722, 0.2197503, 0.2564184, 0.7929023, 0.9586907, 0.2070848, 0.8912294, 0.4910679, 0.9442237, 0.3934355, 0.6256672, 0.0641353, 0.1342384, 0.5051167, 0.8043964;0.2014465, 0.3213523, 0.614481, 0.8067148, 0.7654985, 0.9693496, 0.431703, 0.5420965, 0.9895648, 0.655594, 0.6796751, 0.200974, 0.5873668, 0.1881746, 0.3757593, 0.3512196, 0.6654048, 0.9565489, 0.0165394, 0.1576887, 0.4196547, 0.0083048, 0.863957, 0.6549053, 0.7900741, 0.7196639, 0.1403235, 0.6842097, 0.2155433, 0.1868079, 0.9824827, 0.9700574, 0.3138794, 0.8400772;0.6040721, 0.7932297, 0.4040201, 0.3235776, 0.0545397, 0.1055756, 0.0126578, 0.3425988, 0.9856336, 0.9120645, 0.1501536, 0.9863558, 0.5163398, 0.1883469, 0.0012036, 0.6597315, 0.3412021, 0.8823965, 0.5916688, 0.4253082, 0.5004949, 0.648168, 0.4326425, 0.4680841, 0.8422101, 0.6129773, 0.7928445, 0.1946296, 0.1890171, 0.783703, 0.6160986, 0.1126071, 0.9565639, 0.0161695];
classifier_num_threads = 1;
classifier_type = 'knn';
distance_feature_type = 'Real';
distance_feature_class = 'simple';
classifier_classified = [1, -1, 1, -1, 1, -1, 1, -1, 1, 1, -1, -1, -1, 1, -1, -1, 1, 1, 1, -1, 1, 1];
