distance_name = 'EuclidianDistance';
classifier_accuracy = 1e-08;
init_random = 42;
name = 'KNN';
classifier_num_threads = 1;
data_train = [0.127811844, 0.190227931, 0.196667232, 0.613683188, 0.0344032085, 0.360806311, 0.582237449, 0.752847475, 0.858932349, 0.390295547, 0.299874268, 0.947299999, 0.457804933, 0.545668665, 0.500033916, 0.68397513, 0.878746524, 0.223086335, 0.205621488, 0.344769767, 0.258961605, 0.63492973;0.107222394, 0.910216655, 0.643719806, 0.520885783, 0.335682401, 0.626770519, 0.277144352, 0.714952824, 0.469059744, 0.514784235, 0.0710374214, 0.0288011805, 0.449676977, 0.513260505, 0.452366759, 0.248797064, 0.154415758, 0.813608813, 0.818307818, 0.891021683, 0.574582198, 0.423482009;0.0867829541, 0.218303112, 0.881975555, 0.365899299, 0.164934027, 0.172756756, 0.717372774, 0.664339367, 0.229393502, 0.34337779, 0.0546931746, 0.345264552, 0.0190991994, 0.689791247, 0.959084242, 0.62198079, 0.124615063, 0.73364284, 0.840018832, 0.192346363, 0.544982278, 0.236849471;0.750544164, 0.435292724, 0.945494861, 0.430983729, 0.341748842, 0.424783342, 0.982256061, 0.467017867, 0.525153894, 0.0176700448, 0.172197479, 0.1455173, 0.199628808, 0.74641983, 0.00684074815, 0.183423643, 0.102768243, 0.140591918, 0.632120122, 0.877978382, 0.510520261, 0.269189739;0.578218381, 0.069307773, 0.440180329, 0.489238861, 0.59763244, 0.685651749, 0.351720111, 0.817107099, 0.217748705, 0.887042744, 0.0529074333, 0.0291698923, 0.541238214, 0.22361262, 0.448346471, 0.177884059, 0.85709694, 0.226277334, 0.275024772, 0.382903014, 0.13180683, 0.738930455;0.952834389, 0.0783016705, 0.868959105, 0.0983449216, 0.449274547, 0.940497199, 0.29099939, 0.271430864, 0.13067263, 0.573431825, 0.702082567, 0.474076264, 0.000747708371, 0.62411342, 0.441503923, 0.507389765, 0.911727848, 0.239332287, 0.875685128, 0.904452812, 0.0557279857, 0.70114422;0.463199436, 0.680560666, 0.618746982, 0.831724631, 0.719300609, 0.349522801, 0.594136391, 0.935424824, 0.486828212, 0.934893047, 0.637085889, 0.29955632, 0.0816797649, 0.00370240683, 0.162561206, 0.457743817, 0.898146445, 0.095559104, 0.217724899, 0.791362919, 0.250340267, 0.31572113;0.933580456, 0.00704291462, 0.912605027, 0.898667702, 0.456508855, 0.868552831, 0.468300591, 0.458705116, 0.579596727, 0.173960888, 0.0461964832, 0.0767956843, 0.30239574, 0.413706032, 0.805496046, 0.177351362, 0.0508025897, 0.979803535, 0.181631422, 0.929935594, 0.149436259, 0.853128172;0.344308033, 0.125230026, 0.42984467, 0.96221291, 0.382053883, 0.855165345, 0.213203931, 0.631117028, 0.306442337, 0.0617623863, 0.932602208, 0.521733419, 0.0282287597, 0.734350035, 0.770021228, 0.236797585, 0.630175085, 0.0839625634, 0.988490484, 0.714898438, 0.358755762, 0.678887337;0.0543480983, 0.137734099, 0.418929224, 0.906100929, 0.289436368, 0.0246699545, 0.972844159, 0.220699075, 0.0925285544, 0.203755486, 0.399432279, 0.781728989, 0.10045755, 0.964488225, 0.479625097, 0.708964267, 0.509157966, 0.260661655, 0.406898431, 0.51456179, 0.00486840766, 0.412678248;0.995993649, 0.800536105, 0.727477078, 0.925064556, 0.845642092, 0.483134646, 0.983735034, 0.533308362, 0.702405366, 0.611141523, 0.143621378, 0.206797676, 0.786505714, 0.635264987, 0.0415598483, 0.0185312336, 0.305894813, 0.366113118, 0.657949486, 0.243708212, 0.103636726, 0.0631830969];
classifier_labels = [1, 1, -1, -1, -1, -1, -1, 1, -1, 1, -1, 1, -1, -1, -1, 1, 1, -1, -1, 1, -1, -1];
data_test = [0.26752703, 0.698337971, 0.631188078, 0.49354366, 0.672052541, 0.123566487, 0.234370091, 0.321533009, 0.45357281, 0.717870581, 0.528068081, 0.0346507098, 0.0135136423, 0.702156765, 0.28179735, 0.371726985, 0.583276197, 0.127224887, 0.703199785, 0.0217000953, 0.293794471, 0.565603528, 0.728637022, 0.123690851, 0.0380491783, 0.0177138506, 0.163616489, 0.503913025, 0.744596976, 0.519206975, 0.96443218, 0.734759289, 0.992625548, 0.91469456;0.0767233995, 0.620556847, 0.848606552, 0.60284638, 0.362865817, 0.48384997, 0.31347736, 0.56194811, 0.342186406, 0.601091167, 0.638350065, 0.11007376, 0.728422487, 0.359992419, 0.115155787, 0.314564151, 0.865294559, 0.666965703, 0.194996738, 0.888642114, 0.837161964, 0.383387864, 0.880154733, 0.588126065, 0.200712843, 0.316454577, 0.194463519, 0.707753208, 0.202080936, 0.426297717, 0.685006087, 0.0843708964, 0.699384741, 0.727536427;0.173396066, 0.664817991, 0.112011713, 0.0943974759, 0.237486042, 0.471321794, 0.442335458, 0.315416391, 0.421511183, 0.125705907, 0.532847132, 0.672644344, 0.267258685, 0.386368137, 0.0274705625, 0.871488542, 0.978919556, 0.403625895, 0.095248934, 0.105219555, 0.414434047, 0.762444522, 0.756539167, 0.740378297, 0.90031224, 0.668670885, 0.993578173, 0.68259928, 0.505353668, 0.981097625, 0.174883936, 0.118006027, 0.724786975, 0.84946443;0.45998167, 0.697864395, 0.0158518422, 0.99933628, 0.805763918, 0.45006417, 0.649542959, 0.302623183, 0.175334241, 0.99561906, 0.447500248, 0.95502292, 0.414131515, 0.566518166, 0.446783677, 0.202873176, 0.745628333, 0.825248667, 0.665650501, 0.204719454, 0.868203076, 0.919634908, 0.0616745836, 0.888746517, 0.672019762, 0.493479998, 0.635427921, 0.148808715, 0.67997171, 0.268250359, 0.729923519, 0.923173989, 0.77587229, 0.0101144317;0.61545142, 0.110142283, 0.360099631, 0.632122428, 0.369391164, 0.507752152, 0.723057125, 0.0601085561, 0.159539957, 0.499108658, 0.503513511, 0.311194738, 0.331657844, 0.0156959056, 0.209058129, 0.800802688, 0.0898221294, 0.192691095, 0.241064346, 0.279339485, 0.915934963, 0.571678878, 0.256914285, 0.629423711, 0.677463354, 0.525770337, 0.389516026, 0.906019071, 0.84848221, 0.882409186, 0.606386117, 0.885559444, 0.0100104106, 0.541596923;0.72726847, 0.0925166212, 0.00218414286, 0.638672636, 0.0536970786, 0.199011294, 0.920628137, 0.89205886, 0.947769582, 0.141243698, 0.991831792, 0.955063187, 0.645595873, 0.426790372, 0.648735139, 0.610926387, 0.690171071, 0.262669735, 0.173671637, 0.266107956, 0.581453948, 0.521711801, 0.100941626, 0.83319166, 0.508355488, 0.999849244, 0.256830038, 0.00126807692, 0.732877453, 0.767279178, 0.894007198, 0.106245708, 0.718101738, 0.0936328933;0.0153105866, 0.960218072, 0.442951011, 0.483690823, 0.548779859, 0.692514013, 0.780572726, 0.849043759, 0.140507303, 0.796285683, 0.315553474, 0.361607318, 0.413732898, 0.522709454, 0.406418541, 0.243528339, 0.93165925, 0.633754087, 0.561438378, 0.926665554, 0.660335831, 0.681785498, 0.565742026, 0.440374223, 0.443645749, 0.0235919678, 0.520194608, 0.918747305, 0.788945124, 0.888752484, 0.583067684, 0.26794275, 0.299248419, 0.104835747;0.311007004, 0.955903172, 0.125615613, 0.269417889, 0.885922114, 0.586748119, 0.390693537, 0.208277675, 0.735251216, 0.503179167, 0.159159084, 0.419481485, 0.797336806, 0.0472248765, 0.354154197, 0.0704053624, 0.379283392, 0.336345727, 0.774928472, 0.189519043, 0.493280827, 0.137303375, 0.972079335, 0.809369544, 0.205220087, 0.17643977, 0.102905088, 0.887441691, 0.354931201, 0.748105668, 0.00395994301, 0.730130188, 0.501162731, 0.383772458;0.327747226, 0.874168921, 0.656815231, 0.287164765, 0.734761811, 0.180874524, 0.784405666, 0.388630946, 0.89187313, 0.252143956, 0.729210949, 0.617866654, 0.0372217046, 0.221071553, 0.713652074, 0.665857766, 0.0755332692, 0.665830828, 0.95442278, 0.500290519, 0.0914262689, 0.415155676, 0.169203052, 0.556838695, 0.37867421, 0.707940916, 0.187527223, 0.215512858, 0.490810301, 0.0105516368, 0.492896286, 0.252401715, 0.387246048, 0.115605611;0.0508534236, 0.462039343, 0.903027873, 0.0328566977, 0.340947802, 0.721224467, 0.622375931, 0.190576047, 0.144003224, 0.999467894, 0.0624797614, 0.670864887, 0.198206265, 0.990748809, 0.600606629, 0.452754338, 0.917600696, 0.230395072, 0.519685031, 0.0495935082, 0.673111348, 0.430987873, 0.0946809905, 0.499169833, 0.664423787, 0.899512765, 0.288164523, 0.98189714, 0.863556803, 0.472990594, 0.882823163, 0.940879906, 0.603920444, 0.685201454;0.702324979, 0.383947009, 0.69110587, 0.948198507, 0.849469902, 0.547062991, 0.261397317, 0.649952098, 0.803859886, 0.141617245, 0.7750818, 0.606792896, 0.621936734, 0.7263035, 