classifier_name = 'LDA';
classifier_accuracy = 1e-07;
init_random = 42;
classifier_data_train = [0.7116077, 0.158556, 0.4733459, 0.4003939, 0.565, 0.4307053, 0.6456041, 0.2485137, 0.6132412, 0.1087866, 0.7650686, 0.2442045, 0.3249919, 0.3748306, 0.9181113, 0.6812556, 0.7442217, 0.0118553, 0.5927723, 0.8961978, 0.1253009, 0.472914;0.4141091, 0.5301936, 0.7503531, 0.7911141, 0.1005857, 0.5533337, 0.6217172, 0.6114913, 0.2859063, 0.7054327, 0.9824238, 0.3667086, 0.2003205, 0.9958456, 0.3761498, 0.5072395, 0.3966061, 0.1786079, 0.0738704, 0.9014646, 0.8814748, 0.0649236;0.9467715, 0.6139951, 0.6816756, 0.6004557, 0.9990095, 0.3181727, 0.7970768, 0.8294907, 0.2065891, 0.603345, 0.1488568, 0.1892829, 0.7931708, 0.2914391, 0.1004011, 0.0313218, 0.2134974, 0.1104838, 0.8545465, 0.5750616, 0.1188391, 0.6955044;0.0780495, 0.0498003, 0.7258937, 0.5566239, 0.9597197, 0.1806272, 0.2132142, 0.2398117, 0.1199402, 0.5229583, 0.6253564, 0.4584259, 0.9765431, 0.4239373, 0.3118901, 0.891868, 0.4437383, 0.4524345, 0.1205645, 0.5697194, 0.6881104, 0.533742;0.8024183, 0.4919164, 0.6475078, 0.9567968, 0.1538501, 0.7862969, 0.9455533, 0.9710052, 0.1363657, 0.1266585, 0.1136024, 0.5376057, 0.5893809, 0.5427735, 0.4784909, 0.6329322, 0.9711744, 0.6704029, 0.8833865, 0.5677612, 0.1290907, 0.8681484;0.1608535, 0.2932661, 0.6536827, 0.6326594, 0.1172718, 0.1397024, 0.7200782, 0.4436782, 0.9211585, 0.0524605, 0.0766724, 0.1717312, 0.3464513, 0.9725784, 0.3390768, 0.06527, 0.8506182, 0.8510369, 0.5656322, 0.9316081, 0.7811168, 0.2914584;0.9655176, 0.3555354, 0.9205542, 0.9349118, 0.8323331, 0.1181555, 0.1712906, 0.3106685, 0.543211, 0.1115954, 0.7784206, 0.5568237, 0.5269631, 0.7299113, 0.8997748, 0.0617938, 0.4255057, 0.531268, 0.8531118, 0.8286061, 0.155313, 0.3999601;0.8195176, 0.1939252, 0.2683261, 0.2366367, 0.8666082, 0.811988, 0.9627406, 0.7947293, 0.876833, 0.9898414, 0.9072657, 0.4822516, 0.0718861, 0.5015786, 0.5535588, 0.2960946, 0.0338755, 0.3027294, 0.6245852, 0.5720754, 0.7896685, 0.6159047;0.4253346, 0.0361527, 0.8718764, 0.0998863, 0.2761364, 0.4114847, 0.0802077, 0.5616722, 0.1408337, 0.9602062, 0.7351839, 0.7635512, 0.6176194, 0.7510792, 0.8466441, 0.4255004, 0.2158368, 0.9946992, 0.4147326, 0.3214213, 0.7151013, 0.4870154;0.5819875, 0.1966008, 0.3333971, 0.1125545, 0.242099, 0.9086107, 0.7465257, 0.2553656, 0.884418, 0.7908207, 0.2834677, 0.3952257, 0.8994268, 0.5599589, 0.6313897, 0.1466308, 0.8116839, 0.2465163, 0.8606889, 0.5636166, 0.4325743, 0.3385351;0.838846, 0.53217, 0.4560699, 0.4022728, 0.5742286, 0.3657159, 0.3258441, 0.2439326, 0.2924029, 0.7527929, 0.66947, 0.260393, 0.2602832, 0.6797406, 0.547246, 0.3232453, 0.7646626, 0.3758829, 0.726357, 0.9419605, 0.4755774, 0.2994128];
classifier_label_type = 'twoclass';
classifier_labels = [-1, -1, 1, -1, -1, -1, 1, -1, -1, -1, 1, -1, 1, -1, -1, -1, -1, -1, -1, -1, 1, 1];
classifier_data_test = [0.504577, 0.1766137, 0.8553361, 0.6269163, 0.9880679, 0.3654061, 0.0072524, 0.4704322, 0.6588347, 0.6280835, 0.6751439, 0.1897636, 0.1483017, 0.3134753, 0.8249385, 0.0047998, 0.063826, 0.3303577, 0.185165, 0.0549535, 0.045852, 0.9265006, 0.0322154, 0.8889916, 0.1737989, 0.4625349, 0.9164683, 0.4810672, 0.5091137, 0.5555187, 0.8403362, 0.5487196, 0.170233, 0.2311403;0.7546825, 0.0371753, 0.9173031, 0.2665501, 0.1094304, 0.8972041, 0.0776659, 0.0466359, 0.8828118, 0.2340762, 0.8274457, 0.8396294, 0.4594387, 0.9819178, 0.2149922, 0.2704691, 0.4323477, 0.8403615, 0.0246637, 0.1215566, 0.8789923, 0.4387622, 0.9334728, 0.9597268, 0.3448738, 0.4118635, 0.1408119, 0.4269021, 0.3603781, 0.7160919, 0.7839165, 0.18413, 0.6490445, 0.6650774;0.7743985, 0.9324959, 0.7257589, 0.6753235, 0.3464951, 0.1079057, 0.1697769, 0.2910034, 0.9751019, 0.3360784, 0.2369279, 0.2624563, 0.9622781, 0.2201294, 0.5807611, 0.6742366, 0.4836804, 0.8363693, 0.9599281, 0.5206225, 0.3285922, 0.6936348, 0.7020357, 0.3913328, 0.1482825, 0.2349292, 0.7969116, 0.7785458, 0.9350766, 0.8697592, 0.7288341, 0.1003311, 0.6899912, 0.3350492;0.1719704, 0.2934786, 0.7386527, 0.7549317, 0.346857, 0.8314356, 0.2114703, 0.2271264, 0.1864138, 0.8554162, 0.4206822, 0.5961628, 0.4356065, 0.0365698, 0.5811853, 0.4413601, 0.912896, 0.8883077, 0.668237, 0.7477458, 0.3386397, 0.3781718, 0.7845101, 0.5762294, 0.0214399, 0.0948304, 0.9586977, 0.7168842, 0.8933416, 0.325469, 0.2657464, 0.1883948, 0.3875817, 0.7467704;0.4424709, 0.5298992, 0.5811224, 0.2353256, 0.9905652, 0.1554523, 0.6013084, 0.7528694, 0.1122014, 0.9587866, 0.1678927, 0.0192317, 0.6211253, 0.8434404, 0.3610944, 0.8328431, 0.3170738, 0.1724518, 0.5395066, 0.8622717, 0.8540155, 0.5959416, 0.1825316, 0.6909206, 0.0646655, 0.3268203, 0.7715499, 0.2803942, 0.5575183, 0.712188, 0.4213398, 0.2349486, 0.6577784, 0.9755432;0.8647902, 0.9712188, 0.2373142, 0.4045164, 0.2915139, 0.4712507, 0.0081009, 0.42897, 0.6859292, 0.5325149, 0.9915077, 0.0937249, 0.3238496, 0.0919379, 0.6167123, 0.3496534, 0.7809332, 0.9568884, 0.0267706, 0.549275, 0.0928451, 0.5168006, 0.6827795, 0.2344057, 0.7272423, 0.2505444, 0.1142485, 0.3338421, 0.5311988, 0.2134479, 0.2199343, 0.879062, 0.694672, 0.0013336;0.4375977, 0.1674229, 0.5410303, 0.459587, 0.2655356, 0.9319027, 0.887589, 0.6157926, 0.7089541, 0.6337884, 0.6363443, 0.8560953, 0.9277323, 0.164217, 0.0559803, 0.5364295, 0.375884, 0.5000923, 0.0944571, 0.1033005, 0.479632, 0.2259868, 0.3708042, 0.3057595, 0.4454337, 0.6564131, 0.1976478, 0.8353624, 0.5127232, 0.7122489, 0.9272656, 0.9299848, 0.1865579, 0.1210157;0.1291839, 0.945738, 0.4949521, 0.5663907, 0.6591299, 0.5517509, 0.2959926, 0.2433697, 0.0505756, 0.1826948, 0.257342, 0.681535, 0.4933002, 0.3326545, 0.8630269, 0.9609174, 0.5714114, 0.3112453, 0.3261851, 0.0463533, 0.7438653, 0.3390285, 0.7963458, 0.5496697, 0.7475746, 0.7305426, 0.4669915, 0.9278423, 0.5098926, 0.4166701, 0.4473798, 0.2698335, 0.4113462, 0.5926586;0.3927502, 0.1975846, 0.799947, 0.3565562, 0.2820424, 0.8678285, 0.6794086, 0.501703, 0.4042627, 0.5654435, 0.8328558, 0.9011891, 0.9152519, 0.8342555, 0.3041825, 0.8613627, 0.3936762, 0.5477374, 0.8311348, 0.4362894, 0.4606637, 0.2517594, 0.8563741, 0.0443469, 0.5582765, 0.3748523, 0.2608352, 0.3100164, 0.8574148, 0.5399482, 0.3027554, 0.0832177, 0.4307166, 0.3084211;0.3814411, 0.5382527, 0.9973811, 0.8459813, 0.5529407, 0.5825517, 0.3996385, 0.6785392, 0.889145, 0.2191843, 0.1642637, 0.8738198, 0.1015721, 0.8726367, 0.8124025, 0.8593602, 0.0203408, 0.0526733, 0.2574112, 0.8112889, 0.2164431, 0.347028, 0.3723378, 0.6442414, 0.1889139, 0.7246313, 0.356167, 0.4690144, 0.0355519, 0.4764832, 0.8029298, 0.6211334, 0.2973437, 0.3182765;0.9335243, 0.0838084, 0.8993394, 0.6192079, 0.3564179, 0.4558826, 0.0297808, 0.9699256, 0.0908989, 0.9532549, 0.429048, 0.5671645, 0.6344531, 0.4579094, 0.0175655, 0.8504529, 0.5561155, 0.4313655, 0.7589864, 0.7332048, 0.4459653, 0.3086077, 0.6010768, 0.2471451, 0.1452329, 0.5147674, 0.4046554, 0.1607156, 0.7640556, 0.6073564, 0.5267497, 0.0638758, 0.85273, 0.2267696];
classifier_gamma = 0.1;
classifier_feature_type = 'Real';
classifier_type = 'lda';
classifier_num_threads = 1;
classifier_classified = [-2.02230023, 1.54749996, 2.08440251, 0.578128243, -0.968283587, 1.14116976, -3.44675097, -6.40360671, 4.51483164, -3.23845578, 1.57037865, -0.367831042, -0.999751356, -1.09059355, 4.29778857, -2.89985454, -0.415646876, 3.89204722, -1.11494052, -2.41127709, -2.53627289, 1.74760608, 2.5217198, 2.23796, -1.81995031, -3.5898754, 2.2434536, 2.37363777, 1.40947449, -0.257568279, 0.0927375034, -1.92217776, -2.21429854, 0.199864793];
classifier_feature_class = 'simple';
