classifier_accuracy = 1e-07
name = 'LDA'
classifier_num_threads = 1
data_train = [0.250242898, 0.549226665, 0.714595923, 0.660197377, 0.279933897, 0.954865281, 0.737896917, 0.554354053, 0.611720746, 0.419600062, 0.24773099;0.355972679, 0.75784611, 0.0143934886, 0.116072641, 0.046002642, 0.0407288023, 0.855460584, 0.703657859, 0.474173829, 0.0978341607, 0.491615875;0.473471771, 0.17320187, 0.433851649, 0.398504734, 0.615850098, 0.635093651, 0.0453040098, 0.374612615, 0.625859916, 0.503136259, 0.856489841;0.658693632, 0.162934427, 0.0705687474, 0.642419278, 0.0265113105, 0.585775581, 0.940230241, 0.575474178, 0.388169926, 0.643288218, 0.45825289;0.545616789, 0.941464809, 0.386102638, 0.961190564, 0.905350642, 0.195791135, 0.0693613009, 0.100778001, 0.0182218257, 0.0944429608, 0.683006773;0.0711886485, 0.31897563, 0.844875311, 0.0232719357, 0.814468483, 0.281854775, 0.118164828, 0.696737165, 0.628942847, 0.877472014, 0.735071044;0.80348093, 0.282034573, 0.177439544, 0.750614752, 0.806834739, 0.990505142, 0.412617677, 0.372018086, 0.776412961, 0.34080354, 0.930757326;0.858412752, 0.428994027, 0.750871068, 0.754542874, 0.103123869, 0.902552907, 0.505252372, 0.826457466, 0.320049601, 0.895523228, 0.389201679;0.0108376515, 0.905381976, 0.0912866768, 0.319313638, 0.950061967, 0.950607147, 0.573437888, 0.631837212, 0.448445522, 0.293210772, 0.328664545;0.672518456, 0.752374529, 0.791579044, 0.789618143, 0.091206103, 0.494420305, 0.05755876, 0.549528882, 0.441530501, 0.887704183, 0.350915013;0.117067016, 0.142991682, 0.761510632, 0.618218063, 0.101122676, 0.0841068061, 0.700969131, 0.0727630064, 0.821860059, 0.706242227, 0.0813487806]
classifier_labels = [1, -1, -1, 1, 1, 1, 1, -1, -1, 1, -1]
data_test = [0.0848377141, 0.986639579, 0.374270796, 0.370642147, 0.812799567, 0.947248577, 0.986001064, 0.753378185, 0.376259586, 0.0835007167, 0.777146916, 0.55840425, 0.424222009, 0.906354385, 0.111197482, 0.492625104, 0.0113536448;0.468660642, 0.0563032757, 0.118817916, 0.117526247, 0.649210302, 0.746044879, 0.583368765, 0.962172548, 0.37487058, 0.285712086, 0.868599128, 0.223595839, 0.963222539, 0.0121544747, 0.969878827, 0.043159912, 0.891143114;0.527701109, 0.992964796, 0.0737965647, 0.553854284, 0.969302536, 0.523097844, 0.629398638, 0.695748689, 0.454541065, 0.62755808, 0.584314312, 0.90115801, 0.0454463803, 0.28096319, 0.950411484, 0.890263784, 0.455656753;0.620132598, 0.277381183, 0.18812116, 0.463698405, 0.353352228, 0.583656112, 0.077734637, 0.974394808, 0.986210744, 0.698161714, 0.536096366, 0.309527616, 0.81379502, 0.684731173, 0.162616939, 0.910927184, 0.822537243;0.949799913, 0.725719508, 0.613415196, 0.418243036, 0.932728483, 0.86606389, 0.0452186701, 0.0263669745, 0.376463367, 0.810553331, 0.987276129, 0.150416891, 0.594130715, 0.380890857, 0.969914398, 0.842118923, 0.838328705;0.46869316, 0.414819502, 0.273407072, 0.0563754967, 0.864722376, 0.812901009, 0.999717673, 0.996636837, 0.555431706, 0.768987415, 0.94476573, 0.849647391, 0.247348102, 0.450544135, 0.129159415, 0.954051027, 0.606174634;0.228642806, 0.671700684, 0.61812824, 0.358162718, 0.113557592, 0.671573196, 0.520307701, 0.772318392, 0.520163501, 0.8521815, 0.551906839, 0.560937972, 0.876653603, 0.403482866, 0.134015228, 0.0287826763, 0.755137256;0.620309551, 0.704079768, 0.212964162, 0.136371476, 0.0145446657, 0.350587559, 0.589917687, 0.392244045, 0.437474922, 0.904158694, 0.348255467, 0.513989489, 0.783653013, 0.396542782, 0.6220867, 0.862363709, 0.949520624;0.147073481, 0.926587625, 0.492116293, 0.258244388, 0.459135756, 0.980032575, 0.492618094, 0.32875161, 0.633400854, 0.240145619, 0.0758633281, 0.128879722, 0.128045839, 0.151902694, 0.138827173, 0.640874745, 0.181880084;0.345667283, 0.89678841, 0.47396164, 0.667557739, 0.172319871, 0.192289019, 0.0408686163, 0.168935063, 0.278590339, 0.177010484, 0.0887025338, 0.120635871, 0.460778768, 0.206333718, 0.364269861, 0.503417271, 0.690394829;0.0393121398, 0.799410399, 0.627900389, 0.0817590319, 0.873578624, 0.920872401, 0.0610779599, 0.276877648, 0.80620128, 0.74825969, 0.184521019, 0.209349323, 0.370472103, 0.484522985, 0.618254772, 0.36891364, 0.462534716]
feature_class = 'simple'
data_type = 'double'
classifier_type = 'lda'
classifier_gamma = 0.1
classifier_classified = [6.56917691, -8.66682586, -7.08743129, 10.0101542, 5.6142066, 8.50540376, 6.83437973, -6.08658616, -6.83950877, 4.4970965, -6.34499598]
feature_type = 'Real'
