classifier_accuracy = 1e-07
name = 'LDA'
classifier_num_threads = 1
data_train = [0.345965251, 0.969708857, 0.409635439, 0.836412069, 0.602338995, 0.91999762, 0.0837191546, 0.603617578, 0.893011651, 0.712903692, 0.791892586;0.292897866, 0.87316321, 0.0469433898, 0.0772309037, 0.878568582, 0.444300416, 0.239810364, 0.492062519, 0.924184094, 0.911750239, 0.773816764;0.214245121, 0.969582288, 0.0296256052, 0.420097517, 0.652093831, 0.406823595, 0.260753131, 0.206655127, 0.784000599, 0.158832672, 0.524388689;0.141107448, 0.571554322, 0.693407869, 0.446241178, 0.369469796, 0.609566175, 0.29224969, 0.764179244, 0.894760857, 0.185855858, 0.77922063;0.246248195, 0.6441602, 0.0212467431, 0.984883428, 0.676432524, 0.722497401, 0.909546425, 0.38947452, 0.832495364, 0.350594758, 0.284940241;0.725414007, 0.0142548162, 0.0912222987, 0.18289334, 0.31316068, 0.500526053, 0.457366584, 0.746180049, 0.169556691, 0.844739924, 0.0508011436;0.642203968, 0.373269418, 0.375310473, 0.304706598, 0.729779038, 0.405024085, 0.566059164, 0.301933648, 0.0315142672, 0.283115338, 0.0246689206;0.427639993, 0.61921447, 0.116821463, 0.294861875, 0.732698878, 0.0290471081, 0.557510915, 0.396779536, 0.539855763, 0.413360221, 0.698380004;0.64505002, 0.524613457, 0.613926205, 0.772124473, 0.676623119, 0.710761909, 0.305748038, 0.309964864, 0.402696781, 0.343055047, 0.301093949;0.846175581, 0.0935704697, 0.705188597, 0.484944096, 0.175719607, 0.956929943, 0.49273066, 0.184410353, 0.377875796, 0.9467175, 0.617967885;0.113424244, 0.734380031, 0.0784751578, 0.171771735, 0.591618487, 0.770231814, 0.354391933, 0.730642451, 0.403306394, 0.390685796, 0.283959145]
classifier_labels = [1, 1, 1, 1, 1, -1, -1, 1, -1, 1, -1]
data_test = [0.503183465, 0.341355292, 0.748230597, 0.831489131, 0.863697125, 0.759140393, 0.0829739709, 0.874306861, 0.467355578, 0.00827425941, 0.799865569, 0.329730093, 0.266454237, 0.246865944, 0.479598722, 0.430176062, 0.333764968;0.146042448, 0.0273929275, 0.819908864, 0.904147388, 0.750972156, 0.380173529, 0.908932101, 0.217632016, 0.591328479, 0.682556206, 0.980029392, 0.00554842278, 0.221089084, 0.646945376, 0.18265118, 0.971953946, 0.146909206;0.0631949728, 0.588556763, 0.940822665, 0.209934673, 0.242747008, 0.16365101, 0.789624031, 0.845125672, 0.215988243, 0.168378133, 0.842625609, 0.308502066, 0.320040952, 0.448000255, 0.43702656, 0.744774529, 0.926684789;0.750124946, 0.795246334, 0.913118581, 0.430444161, 0.773400312, 0.464590131, 0.182864026, 0.199471897, 0.9506675, 0.257888353, 0.171946681, 0.709926396, 0.337830545, 0.502587677, 0.840455763, 0.913254743, 0.121227786;0.172227608, 0.457390843, 0.480987362, 0.353263774, 0.944858359, 0.944583444, 0.786126376, 0.420979582, 0.468678219, 0.0513765179, 0.671693849, 0.352340871, 0.320315805, 0.907205449, 0.559702756, 0.539276894, 0.0452857302;0.359125689, 0.325656698, 0.809014893, 0.421467823, 0.581963441, 0.946485528, 0.203177487, 0.348428295, 0.297497979, 0.325562706, 0.150241171, 0.0874364367, 0.907739953, 0.286474591, 0.50893469, 0.33611304, 0.276310747;0.906777033, 0.947265548, 0.706488334, 0.380260816, 0.152878336, 0.856188673, 0.836594227, 0.117911334, 0.161427417, 0.97277586, 0.343833652, 0.881756376, 0.70616161, 0.505130663, 0.110627871, 0.884904594, 0.439093705;0.588391977, 0.213585625, 0.708423908, 0.984740148, 0.933816529, 0.922068224, 0.715919681, 0.871312644, 0.73705531, 0.119050136, 0.370349242, 0.243941405, 0.278018783, 0.529425585, 0.0854523308, 0.603409168, 0.251545968;0.232490095, 0.347160232, 0.861638781, 0.289971015, 0.0954200501, 0.105491767, 0.336532973, 0.29070274, 0.802344197, 0.405991557, 0.97283055, 0.943845676, 0.553694675, 0.437385382, 0.152564893, 0.457250562, 0.924096085;0.100869614, 0.599402592, 0.248211635, 0.686390546, 0.382201446, 0.0775809272, 0.0530645619, 0.709846719, 0.702651896, 0.193521315, 0.325812239, 0.545341458, 0.121597843, 0.910947882, 0.0178168766, 0.325479777, 0.618781125;0.643717049, 0.313817909, 0.410912003, 0.907626665, 0.435258799, 0.593453651, 0.457427958, 0.677622052, 0.921739977, 0.827412738, 0.473090766, 0.562362252, 0.0174099887, 0.388604061, 0.66547129, 0.0345564449, 0.976468999]
feature_class = 'simple'
data_type = 'double'
classifier_type = 'lda'
classifier_gamma = 0.1
classifier_classified = [8.67369356, 5.098182, 5.79120745, 4.95011844, 7.66479023, -5.2666672, -6.25444285, 6.6134131, -7.83012709, 4.28053939, -5.26130239]
feature_type = 'Real'
