classifier_accuracy = 1e-06;
init_random = 42;
name = 'LDA';
classifier_num_threads = 1;
data_train = [0.0837191546, 0.874306861, 0.00827425941, 0.893011651, 0.712903692, 0.831489131, 0.503183465, 0.799865569, 0.969708857, 0.409635439, 0.836412069, 0.91999762, 0.863697125, 0.341355292, 0.467355578, 0.0829739709, 0.602338995, 0.748230597, 0.345965251, 0.759140393, 0.791892586, 0.603617578;0.329730093, 0.239810364, 0.819908864, 0.444300416, 0.492062519, 0.878568582, 0.0772309037, 0.292897866, 0.911750239, 0.904147388, 0.266454237, 0.479598722, 0.0273929275, 0.146042448, 0.87316321, 0.924184094, 0.430176062, 0.773816764, 0.750972156, 0.0469433898, 0.246865944, 0.333764968;0.260753131, 0.18265118, 0.646945376, 0.652093831, 0.971953946, 0.980029392, 0.969582288, 0.908932101, 0.214245121, 0.524388689, 0.380173529, 0.206655127, 0.00554842278, 0.591328479, 0.217632016, 0.0296256052, 0.420097517, 0.221089084, 0.682556206, 0.784000599, 0.406823595, 0.158832672;0.242747008, 0.0631949728, 0.77922063, 0.446241178, 0.845125672, 0.571554322, 0.215988243, 0.168378133, 0.29224969, 0.209934673, 0.369469796, 0.894760857, 0.609566175, 0.16365101, 0.789624031, 0.588556763, 0.185855858, 0.940822665, 0.764179244, 0.146909206, 0.693407869, 0.141107448;0.6441602, 0.320040952, 0.448000255, 0.984883428, 0.909546425, 0.832495364, 0.744774529, 0.246248195, 0.913118581, 0.795246334, 0.926684789, 0.842625609, 0.722497401, 0.43702656, 0.0212467431, 0.308502066, 0.676432524, 0.284940241, 0.750124946, 0.38947452, 0.350594758, 0.430444161;0.171946681, 0.844739924, 0.500526053, 0.457366584, 0.773400312, 0.502587677, 0.725414007, 0.840455763, 0.182864026, 0.9506675, 0.0912222987, 0.31316068, 0.0142548162, 0.169556691, 0.464590131, 0.257888353, 0.199471897, 0.18289334, 0.337830545, 0.709926396, 0.0508011436, 0.746180049;0.353263774, 0.0315142672, 0.642203968, 0.172227608, 0.121227786, 0.375310473, 0.913254743, 0.373269418, 0.405024085, 0.420979582, 0.566059164, 0.0246689206, 0.457390843, 0.944858359, 0.304706598, 0.944583444, 0.729779038, 0.283115338, 0.786126376, 0.301933648, 0.480987362, 0.468678219;0.396779536, 0.0290471081, 0.427639993, 0.539276894, 0.559702756, 0.671693849, 0.116821463, 0.732698878, 0.294861875, 0.539855763, 0.907205449, 0.325656698, 0.61921447, 0.557510915, 0.352340871, 0.0513765179, 0.413360221, 0.0452857302, 0.809014893, 0.359125689, 0.698380004, 0.320315805;0.305748038, 0.613926205, 0.309964864, 0.325562706, 0.301093949, 0.581963441, 0.150241171, 0.907739953, 0.203177487, 0.710761909, 0.676623119, 0.64505002, 0.297497979, 0.421467823, 0.946485528, 0.0874364367, 0.286474591, 0.402696781, 0.348428295, 0.524613457, 0.772124473, 0.343055047;0.152878336, 0.50893469, 0.49273066, 0.706488334, 0.836594227, 0.705188597, 0.956929943, 0.184410353, 0.377875796, 0.906777033, 0.117911334, 0.0935704697, 0.484944096, 0.846175581, 0.856188673, 0.175719607, 0.276310747, 0.33611304, 0.617967885, 0.9467175, 0.947265548, 0.380260816;0.213585625, 0.70616161, 0.403306394, 0.884904594, 0.734380031, 0.354391933, 0.505130663, 0.588391977, 0.591618487, 0.439093705, 0.171771735, 0.881756376, 0.283959145, 0.730642451, 0.390685796, 0.0784751578, 0.770231814, 0.110627871, 0.97277586, 0.343833652, 0.161427417, 0.113424244];
classifier_labels = [-1, 1, -1, 1, 1, 1, -1, 1, 1, 1, 1, -1, 1, -1, -1, 1, -1, -1, -1, 1, 1, 1];
data_test = [0.253120861, 0.226780856, 0.176083303, 0.830227459, 0.0250738795, 0.712438767, 0.965769396, 0.93647812, 0.855600008, 0.290850449, 0.305840348, 0.0945469596, 0.29090918, 0.789199839, 0.473354986, 0.958354044, 0.66195081, 0.333562462, 0.280664014, 0.192763591, 0.399133995, 0.935760695, 0.367201416, 0.192362497, 0.693187294, 0.864170669, 0.112691005, 0.524773575, 0.37379098, 0.16853288, 0.820783674, 0.855444843, 0.171275686, 0.173550054;0.825353511, 0.628733493, 0.772552295, 0.362879059, 0.621938453, 0.838692973, 0.934220257, 0.170919356, 0.424960889, 0.120353849, 0.255800536, 0.729890288, 0.000391360402, 0.843215721, 0.878801143, 0.17005916, 0.442431881, 0.222374667, 0.0452446413, 0.242127962, 0.0881065524, 0.836850176, 0.512837785, 0.994931573, 0.648824773, 0.805012542, 0.887353251, 0.887372724, 0.268034107, 0.887067715, 0.336442758, 0.476026035, 0.596641069, 0.380492338;0.922506579, 0.486612109, 0.261660503, 0.871431331, 0.431965849, 0.648561422, 0.304308282, 0.165275256, 0.379759351, 0.131581344, 0.240101189, 0.605242758, 0.201954192, 0.539615269, 0.0567341412, 0.443275432, 0.0802861319, 0.318731387, 0.0616139366, 0.423588266, 0.816925762, 0.712178088, 0.73507974, 0.260291091, 0.769313504, 0.817560957, 0.875462595, 0.216575174, 0.274602156, 0.216090305, 0.997091035, 0.653593604, 0.600162676, 0.438201949;0.932911816, 0.104474214, 0.638113543, 0.581955079, 0.686188753, 0.711259526, 0.843600621, 0.735002406, 0.862494581, 0.142181498, 0.290213744, 0.241575394, 0.892603475, 0.956470267, 0.682447292, 0.354274114, 0.731911921, 0.494798506, 0.616128482, 0.429998164, 0.447970935, 0.491908119, 0.76489559, 0.0929187947, 0.0950786647, 0.618810032, 0.195722248, 0.605196871, 0.0310973548, 0.0499825515, 0.22747975, 0.985531245, 0.817820881, 0.719424703;0.865310848, 0.839786052, 0.996858017, 0.0409209674, 0.0230117723, 0.716648861, 0.23397664, 0.82716199, 0.0946716669, 0.666854282, 0.837371499, 0.194041473, 0.132163429, 0.907428425, 0.442038525, 0.962147238, 0.416051962, 0.398828305, 0.6329293, 0.216669881, 0.722993602, 0.289187535, 0.281052777, 0.988501381, 0.171263879, 0.316798542, 0.314131111, 0.943490583, 0.284545702, 0.482093839, 0.363052876, 0.257430542, 0.770334483, 0.800204702;0.165546726, 0.969731289, 0.280253938, 0.339382766, 0.276774263, 0.505999284, 0.139795636, 0.954244975, 0.672469436, 0.784608491, 0.681803831, 0.0560038425, 0.828401297, 0.349035722, 0.0856607244, 0.01881162, 0.354920162, 0.949510365, 0.225097497, 0.418116181, 0.441572506, 0.0558260582, 0.267755077, 0.426391134, 0.859204654, 0.426098246, 0.502919001, 0.5050839, 0.264631306, 0.208427519, 0.27811617, 0.181718694, 0.874552545, 0.0294031185;0.817141256, 0.60289414, 0.0510838612, 0.937946631, 0.750729008, 0.350930804, 0.0819216622, 0.971653179, 0.383789789, 0.555827123, 0.473956685, 0.547016988, 0.154416445, 0.836181765, 0.673422724, 0.963192743, 0.0569408675, 0.255494374, 0.215437227, 0.874176036, 0.332716978, 0.162634778, 0.910442459, 0.0687161608, 0.149179813, 0.506761525, 0.880072865, 0.457650499, 0.654593822, 0.0409296623, 0.581285708, 0.111897101, 0.800368166, 0.307271843;0.863096155, 0.0328969042, 0.724196197, 0.364584424, 0.949228002, 0.394531327, 0.4334589, 0.889451198, 0.493353655, 0.509611418, 0.749094882, 0.936480233, 0.314674231, 0.917865717, 0.945877893, 0.799209268, 0.0255329811, 0.886992642, 0.695744708, 0.490360507, 0.841734747, 0.197416179, 0.515408019, 0.351135773, 0.6498754, 0.494808065, 0.245240357, 0.502834783, 0.978802286, 0.68216603, 0.345401983, 0.737101101, 0.350176109, 0.724894791;0.563539603, 0.489653712, 0.433382498, 0.442836422, 0.631687158, 0.867444536, 0.260530918, 0.234877036, 0.0299184417, 0.481119543, 0.474268247, 0.0350422715, 0.671900267, 0.597883986, 0.85820471, 0.374840593, 0.941979578, 0.484445301, 0.49489495, 0.110570147, 0.00749964224, 0.665478136, 0.953720619, 0.969726271, 0.566889344, 0.095426838, 0.84950684, 0.645783204, 0.7582407, 0.278611621, 0.41927297, 0.0791386819, 0.337755662, 0.175671662;0.706121728, 0.311228204, 0.378723848, 0.465842109, 0.320833811, 0.591190296, 0.0606421171, 0.69540879, 0.0155991924, 0.766002807, 0.840939357, 0.775832934, 0.84569179, 0.957371922, 0.0195252978, 0.488367165, 0.181540495, 0.728734489, 0.944511964, 0.39427244, 0.844157814, 0.399762169, 0.797940051, 0.675783838, 0.490270331, 0.238021508, 0.369309975, 0.53385669, 0.42044204, 0.502929343, 0.60142555, 0.900619448, 0.168033925, 0.917149014;0.511115466, 0.292032469, 0.091568325, 0.46639054, 0.915665424, 0.28495813, 0.338988268, 0.300153086, 0.754831115, 0.344689688, 0.628540697, 0.401609874, 0.147294508, 0.13931643, 0.00319865486, 0.553839679, 0.613579142, 0.947098593, 