classifier_accuracy = 1e-06;
init_random = 42;
name = 'LDA';
classifier_num_threads = 1;
data_train = [0.633889462, 0.994564257, 0.0038302905, 0.303364282, 0.238124843, 0.627958735, 0.171085967, 0.477109818, 0.957766658, 0.909005589, 0.275190212, 0.93844764, 0.113243452, 0.0719067173, 0.392839076, 0.861843823, 0.909586695, 0.570187216, 0.563164388, 0.94377412, 0.0777124184, 0.532360235;0.620001333, 0.434678148, 0.340222994, 0.836863422, 0.287402534, 0.578072102, 0.0864575071, 0.85592519, 0.0829145814, 0.179651218, 0.304307592, 0.6791717, 0.449583353, 0.192839609, 0.0740749072, 0.00142834308, 0.5030726, 0.407894237, 0.957979353, 0.557879184, 0.992832132, 0.191105623;0.232289654, 0.280455065, 0.792840045, 0.164063588, 0.572315186, 0.465486972, 0.321686369, 0.265587598, 0.94319585, 0.999207299, 0.767233394, 0.285186596, 0.206871875, 0.97508717, 0.905756791, 0.358219041, 0.931731425, 0.768764181, 0.15974946, 0.149399388, 0.286846646, 0.205887311;0.900760162, 0.421774242, 0.636105635, 0.320059564, 0.328255089, 0.453416231, 0.112840545, 0.509985079, 0.930005378, 0.896236249, 0.806707808, 0.989279945, 0.383567391, 0.429831258, 0.287257695, 0.460582551, 0.736794569, 0.881297546, 0.870024926, 0.164730896, 0.491737943, 0.00365631134;0.0377845066, 0.874747073, 0.851489182, 0.481900167, 0.0547449823, 0.938719302, 0.355015266, 0.729240249, 0.850580197, 0.41607067, 0.643369725, 0.0523471784, 0.805093377, 0.503133555, 0.315935822, 0.26251029, 0.801913953, 0.230979311, 0.483066245, 0.550545301, 0.229716284, 0.199571616;0.291867177, 0.316913014, 0.215359283, 0.910834227, 0.20056466, 0.526817166, 0.411946549, 0.977853694, 0.0570990784, 0.0484642325, 0.303503909, 0.285579616, 0.934410795, 0.961611442, 0.172757318, 0.398478762, 0.0980445381, 0.615347841, 0.467387335, 0.312844628, 0.379365598, 0.825888226;0.799691862, 0.565888605, 0.316468784, 0.0520724062, 0.739474654, 0.433250932, 0.110543166, 0.638139903, 0.698070546, 0.773995087, 0.320563224, 0.219389389, 0.333704208, 0.46435025, 0.649153965, 0.426318294, 0.0935201236, 0.615552623, 0.403038758, 0.210276178, 0.427112446, 0.0395575066;0.475170866, 0.48222523, 0.932503953, 0.811967742, 0.975244535, 0.317259174, 0.0469644224, 0.235565935, 0.70978505, 0.477146376, 0.795544392, 0.128754437, 0.947623659, 0.867152151, 0.766304071, 0.859502976, 0.310034024, 0.497948593, 0.673008166, 0.130881139, 0.0128216495, 0.520323626;0.819398231, 0.931544407, 0.752727138, 0.811104566, 0.473773293, 0.882495105, 0.197242666, 0.91852153, 0.00709653249, 0.405001099, 0.676093034, 0.215269046, 0.763294912, 0.136503012, 0.213537478, 0.228670751, 0.511525641, 0.56632288, 0.0201217219, 0.965770444, 0.446772159, 0.0890097349;0.953703626, 0.968022172, 0.166950179, 0.90411366, 0.6191214, 0.298150356, 0.909443664, 0.531339953, 0.156529213, 0.3666377, 0.677300686, 0.159394885, 0.359824901, 0.126464245, 0.540765631, 0.955980059, 0.399719551, 0.0854084828, 0.121155461, 0.914749329, 0.702629576, 0.642110235;0.0717353437, 0.599011044, 0.660469721, 0.448851366, 0.54661494, 0.470816419, 0.41334246, 0.436046974, 0.748672175, 0.060683069, 0.327006768, 0.416284929, 0.781290647, 0.601686609, 0.226758617, 0.19892978, 0.19362381, 0.842554501, 0.908410107, 0.362181603, 0.0194012456, 0.931490387];
classifier_labels = [1, 1, 1, 1, 1, 1, -1, -1, 1, 1, 1, 1, 1, 1, 1, 1, -1, -1, 1, -1, 1, -1];
data_type = 'double';
data_test = [0.945776497, 0.234057775, 0.774672937, 0.268500076, 0.103959376, 0.132574077, 0.219059173, 0.264816322, 0.518492975, 0.944041278, 0.933593144, 0.890220671, 0.533616931, 0.669053515, 0.65423578, 0.617813195, 0.769973618, 0.962365316, 0.189138696, 0.86162495, 0.215243821, 0.19378913, 0.126283473, 0.719959539, 0.352308884, 0.626259275, 0.443039977, 0.753813713, 0.21456482, 0.0497810015, 0.068010232, 0.573491764, 0.942185454, 0.738150755;0.241764507, 0.945774717, 0.168440551, 0.940639999, 0.454950777, 0.0422004686, 0.544461332, 0.518323923, 0.483014113, 0.461806482, 0.262416082, 0.396277262, 0.0519660981, 0.470784997, 0.580968587, 0.859747806, 0.267774315, 0.706642522, 0.329321277, 0.496295126, 0.458253315, 0.693863342, 0.822760243, 0.27034859, 0.629219193, 0.314434106, 0.699312921, 0.410932905, 0.489322747, 0.729889118, 0.512576216, 0.760464606, 0.984929108, 0.711121817;0.197106039, 0.189077654, 0.922223318, 0.87536324, 0.501441474, 0.373207369, 0.90090773, 0.704493636, 0.592568183, 0.0994962262, 0.674186949, 0.453846564, 0.633268917, 0.379924291, 0.233624764, 0.849600175, 0.120960662, 0.378347582, 0.99168614, 0.210528488, 0.409560927, 0.780084024, 0.886831539, 0.770437803, 0.476056702, 0.749725747, 0.228100378, 0.48013494, 0.493247493, 0.540610994, 0.096818731, 0.771224815, 0.579129804, 0.604173938;0.932443978, 0.486405036, 0.135516874, 0.527310896, 0.518399627, 0.605071253, 0.561150212, 0.812732904, 0.0892221681, 0.174786715, 0.766157102, 0.58881027, 0.649863922, 0.369017732, 0.987100086, 0.559890532, 0.975870863, 0.402785534, 0.0246972977, 0.286259035, 0.423808185, 0.504932804, 0.430983063, 0.131079862, 0.17641191, 0.947306899, 0.325418281, 0.501935581, 0.687436861, 0.0947389148, 0.0786976752, 0.112609229, 0.54176032, 0.933987419;0.147453917, 0.690615312, 0.383164469, 0.25276586, 0.162498415, 0.183579627, 0.363611449, 0.406636527, 0.0656007649, 0.53657819, 0.175715246, 0.267209895, 0.714702316, 0.572407726, 0.249901722, 0.794662892, 0.244715597, 0.565747307, 0.686024224, 0.278217187, 0.895033859, 0.404519524, 0.669611257, 0.0616079853, 0.611655676, 0.937704615, 0.17076826, 0.509113385, 0.456316821, 0.912254561, 0.970668028, 0.216814276, 0.946075618, 0.810259131;0.868801096, 0.714119141, 0.543877921, 0.424185056, 0.131565307, 0.423358027, 0.25414728, 0.613170361, 0.304760913, 0.446688722, 0.367708508, 0.442393741, 0.110017721, 0.0460691697, 0.415774801, 0.181808466, 0.390376446, 0.690075354, 0.825134876, 0.485255604, 0.859324951, 0.895085173, 0.473434934, 0.3022767, 0.543405852, 0.661901576, 0.338554027, 0.972053475, 0.0859103882, 0.947427998, 0.196234282, 0.469177496, 0.59711662, 0.00931029076;0.320662755, 0.903953065, 0.227533877, 0.663734361, 0.162902654, 0.0751429532, 0.30963181, 0.905582138, 0.0230470884, 0.28451196, 0.279601433, 0.460102627, 0.265285089, 0.531932978, 0.127408072, 0.210706665, 0.0470611979, 0.134202426, 0.210372082, 0.119759966, 0.853395734, 0.552338013, 0.434048868, 0.668546695, 0.914340443, 0.812413658, 0.286224307, 0.89674655, 0.665784401, 0.100619977, 0.193447228, 0.639262883, 0.819427854, 0.862770777;0.557424745, 0.65082795, 0.190413496, 0.805891169, 0.871333592, 0.33966062, 0.386236395, 0.267873583, 0.0438810884, 0.9989047, 0.707947827, 0.437148105, 0.963916012, 0.536410383, 0.669953491, 0.641579681, 0.720373213, 0.604004998, 0.256021173, 0.607762769, 0.256292375, 0.0505074708, 0.0792496061, 0.444479978, 0.11627368, 0.644756727, 0.191489615, 0.000401544025, 0.354995116, 0.320712165, 0.2252071, 0.404705874, 0.257096089, 0.48485874;0.544881686, 0.913814523, 0.83662021, 0.430175908, 0.842464107, 0.758384772, 0.0383638614, 0.667415531, 0.207823841, 0.373444591, 0.570312508, 0.606013832, 0.383534512, 0.61416885, 0.0945563448, 0.479454978, 0.368295468, 0.398250235, 0.497167281, 0.948425156, 0.50407008, 0.870797172, 0.334143022, 0.0535765596, 0.0234329554, 0.28350719, 0.622549396, 0.301456186, 0.8750087, 0.367277701, 0.5127499, 0.650788321, 0.817904177, 0.14049901;0.336847701, 0.129036409, 0.420896529, 0.599277518, 0.492781346, 0.430316428, 0.106130019, 0.403646694, 0.832994139, 0.158520234, 0.0405857121, 0.496322771, 0.397291293, 0.871551856, 0.678660094, 0.487467835, 0.722373508, 0.0127654265, 0.446739525, 0.569482388, 0.0779938664, 0.978265464, 0.160713349, 0.913727494, 0.639386421, 0.138245566, 0.807477936, 0.961417578, 0.439465374, 0.887751525, 0.274705033, 0.34296652, 0.364121057, 0.109355903;0.072574798, 0.948916218, 0.0312135603, 0.55681836, 0.362583213, 0.542878132, 0.532086824, 0.836927833, 0.668753254, 0.297570716, 0.0392919452, 0.212850086, 0.3269421, 0.96686555, 0.702866444, 0.414997758, 0.606689323, 0.86111352,