accuracy = 1e-06;
classifier_C = 30;
classifier_accuracy = 0.001;
init_random = 42;
kernel_arg0_width = 1.5;
name = 'LibSVMMultiClass';
classifier_num_threads = 16;
data_train = [1.90070186, 0.473209907, 0.968193428, 0.129514921, 1.62296658, 1.63156022, 0.580086208, 0.368526344, 0.955651498, 1.87342324, 1.42172093, 1.59235033, 1.21066219, 0.592939935, 0.0914868374, 0.776596853, 0.770921845, 0.0311340829, 1.2768278, 0.86435825, 0.265600043, 0.844783228, 0.223817615, 0.862127617, 1.91236335, 1.73311302, 1.48666894, 0.88874808, 0.651666825, 0.185525516, 0.536974423, 0.877460863, 0.868623168;1.18097695, 1.90903252, 1.24723107, 0.809516075, 0.616650315, 1.85438509, 1.97139509, 0.626220322, 0.796537291, 0.685565287, 0.259753784, 0.220183202, 0.0869867599, 0.117308189, 0.0325261795, 0.481522352, 1.71582496, 1.13156769, 0.408453213, 0.761023991, 1.23754332, 0.372688517, 1.49227786, 0.920847848, 0.723420114, 1.17968311, 0.125185792, 0.550857371, 0.495875735, 1.8707499, 0.655241981, 0.0810462159, 0.131244878;0.0724468878, 0.678016153, 0.565731964, 1.51481735, 0.683258764, 0.824680966, 0.455220149, 0.592407785, 0.797559101, 0.347809208, 0.851206914, 0.430305895, 1.59295085, 0.268993404, 0.480586577, 1.77347313, 1.44530526, 0.491594547, 0.0761308595, 1.25813343, 0.200524727, 1.65673666, 1.16352387, 1.96941232, 0.310361959, 0.26702827, 0.495146527, 1.35923337, 1.32519006, 1.39108154, 0.0116205399, 0.0642089371, 0.581971402;0.694981886, 0.658451835, 0.291662579, 0.797426022, 1.45378954, 0.0396188253, 0.680140772, 0.867294201, 0.600020548, 0.708362977, 0.779850989, 1.43088752, 0.242045016, 1.07349675, 0.697471462, 1.24871427, 0.878629986, 1.23605046, 0.104930178, 0.480506947, 0.850581729, 1.13087366, 1.51977395, 0.860122397, 1.96982105, 1.16975791, 0.479938835, 1.82888337, 0.618611378, 0.392493556, 0.837013328, 0.75271664, 1.33700318;1.03667143, 0.128869867, 1.47463088, 0.142495543, 0.498888153, 0.832134178, 0.986662593, 1.61714499, 0.618155734, 0.0878664991, 0.158605105, 1.84417045, 0.517711643, 0.871843528, 0.880870759, 0.160759896, 1.73640202, 0.335118854, 0.350626931, 0.326461308, 0.00977084742, 0.029247283, 0.825816751, 0.559648683, 0.702464971, 1.80567015, 0.743508256, 1.58535436, 1.66380453, 1.16704191, 1.16761922, 1.70677722, 0.817967024;1.11191962, 1.03934354, 1.93660569, 0.167482582, 0.0332031088, 1.45219903, 1.53116953, 0.616926918, 0.634005703, 1.12210991, 0.507467734, 1.86827128, 0.800586699, 1.93387502, 0.631813527, 1.20584121, 0.200150244, 1.26974961, 1.05708686, 0.00638587172, 0.0785784972, 0.396923276, 0.53998538, 0.779845395, 0.106980639, 0.259803581, 0.287038133, 0.132715754, 0.981186178, 0.567540848, 0.63643025, 0.689464969, 0.10456784;0.714086932, 0.0678370591, 0.870969124, 0.0519712837, 0.709060519, 1.50723481, 0.541296335, 0.801728083, 0.814825114, 0.300963567, 1.98663012, 1.95181179, 0.541266579, 0.706475726, 0.339450193, 1.63911994, 1.04157286, 1.45473986, 1.3161561, 0.932028106, 1.1483432, 1.9651187, 0.687885722, 0.962992004, 1.00493998, 0.761027903, 0.632621893, 0.937228487, 0.341872166, 0.936212246, 0.0315861448, 0.102509728, 1.86791829;0.526402661, 0.13008624, 1.48884658, 1.02997359, 1.66686426, 1.09390072, 0.731589522, 0.060352084, 0.708172089, 0.452318285, 0.547592376, 0.749651832, 0.871536806, 0.968877855, 0.81729777, 1.13965125, 0.894816656, 0.620915518, 0.345883057, 1.70468076, 0.973488969, 0.081629982, 1.20185345, 1.30792994, 0.58217046, 0.643577695, 1.96991205, 1.67343243, 0.0801148464, 1.51559603, 0.0673506015, 0.0457420338, 0.247103234;0.273626666, 0.0221235515, 1.49717476, 0.871783567, 0.219213987, 0.9971245, 0.182117916, 0.975865256, 0.426181302, 0.0245869165, 0.323610219, 1.94461422, 1.86814225, 1.61784724, 1.86890498, 0.336895792, 0.683295377, 1.17714979, 0.789698507, 0.770407418, 1.69262595, 0.555363551, 0.758263196, 0.15954468, 1.44375022, 1.68324803, 0.498195716, 0.48864319, 0.719201778, 0.445902706, 0.658707776, 1.83811529, 1.67260212;0.974793162, 1.39386441, 1.65123298, 1.03038706, 0.996333916, 0.680499302, 0.199542451, 1.68952675, 0.654511214, 0.462622957, 1.6578453, 0.868272505, 0.680228242, 1.65888547, 0.0306525022, 0.228454741, 0.950863562, 0.220769613, 0.650325686, 1.21567515, 1.10659303, 0.0823810456, 0.072198409, 0.693682226, 1.57060975, 0.257682889, 0.794809549, 0.151057892, 0.451387024, 0.273259527, 1.9309487, 1.67651339, 0.163623821;0.72525766, 0.72716907, 0.983977648, 0.867031496, 0.409334006, 0.397594398, 0.371038763, 0.742706521, 1.40414032, 0.213104704, 1.97717418, 0.987649564, 0.274215202, 1.73844921, 1.99941373, 1.87851556, 0.638525948, 0.432334801, 1.40690796, 0.229954606, 1.04821204, 0.578675409, 1.32703316, 0.0401091914, 1.56701626, 1.78238548, 1.87075345, 0.94361592, 0.419727317, 0.438615419, 0.345934993, 0.894099204, 0.425493334];
classifier_labels = [0.0, 1.0, 2.0, 3.0, 4.0, 5.0, 6.0, 7.0, 8.0, 9.0, 10.0, 11.0, 12.0, 13.0, 14.0, 15.0, 16.0, 17.0, 18.0, 19.0, 20.0, 21.0, 22.0, 23.0, 24.0, 25.0, 26.0, 27.0, 28.0, 29.0, 30.0, 31.0, 32.0];
classifier_tube_epsilon = 0.001;
classifier_epsilon = 0.0001;
