accuracy = 1e-06
classifier_C = 30
classifier_accuracy = 1e-06
kernel_arg0_width = 1.5
name = 'MPDSVM'
classifier_num_threads = 16
kernel_name = 'Gaussian'
data_train = [0.569255587, 0.310151609, 0.24106634, 0.63113215, 0.854210839, 0.657112501, 0.191288585, 0.551169401, 0.818008414, 0.928018918, 0.427350474, 0.24569683, 0.529670035, 0.268649608, 0.318786849, 0.771872529, 0.988943837, 0.176946736, 0.627943714, 0.700823415, 0.144707964, 0.42550457;0.72727544, 0.309674767, 0.776759736, 0.821357126, 0.255740479, 0.456731911, 0.0729511873, 0.0586274094, 0.140937562, 0.274073947, 0.041103612, 0.841313364, 0.423994198, 0.382613134, 0.1713243, 0.653443702, 0.833240959, 0.441982062, 0.148195771, 0.144363572, 0.822602298, 0.864823086;0.40057857, 0.259319503, 0.750669065, 0.88550074, 0.973255991, 0.807674079, 0.259778978, 0.365788548, 0.0170657247, 0.893038175, 0.283827246, 0.782031847, 0.457560733, 0.815070565, 0.353973303, 0.672820516, 0.0590414371, 0.653075078, 0.484995872, 0.284416557, 0.891049045, 0.437167723;0.785215102, 0.499185836, 0.249009936, 0.516696181, 0.718814317, 0.183948501, 0.302704647, 0.791124756, 0.596134496, 0.28790161, 0.0560893305, 0.841899933, 0.42548601, 0.982103417, 0.192585642, 0.471115215, 0.177048967, 0.0505767068, 0.84029606, 0.480447833, 0.94537752, 0.716739908;0.570312209, 0.431518668, 0.682771386, 0.588284278, 0.349475507, 0.886723791, 0.904502469, 0.086451792, 0.313641661, 0.102752849, 0.798064865, 0.426029308, 0.0256335242, 0.587530014, 0.374912762, 0.277504869, 0.966996748, 0.878398442, 0.138485495, 0.879443273, 0.632567429, 0.323941537;0.818885108, 0.565216791, 0.888665237, 0.319007432, 0.825365462, 0.598552837, 0.633053037, 0.00260039039, 0.231581407, 0.460003722, 0.198500404, 0.305053257, 0.213062424, 0.814719309, 0.3998394, 0.990117752, 0.97677422, 0.858302046, 0.626149068, 0.352332117, 0.987482083, 0.589164114;0.829246949, 0.242217848, 0.21507025, 0.969101041, 0.124739492, 0.133647092, 0.480933598, 0.36188663, 0.391913367, 0.832658587, 0.975088036, 0.497399594, 0.380371197, 0.832107497, 0.863562365, 0.614723792, 0.296270144, 0.22309509, 0.569952869, 0.889930603, 0.313616747, 0.759757653;0.770271039, 0.821542988, 0.473981035, 0.169612315, 0.807660861, 0.317261505, 0.309573915, 0.66904255, 0.579245233, 0.853071434, 0.57834495, 0.97498145, 0.935474398, 0.126949736, 0.237232212, 0.126631324, 0.194333974, 0.0850683693, 0.365034308, 0.89574388, 0.701981955, 0.37492899;0.91726484, 0.207779888, 0.23512196, 0.194974948, 0.539746262, 0.82814632, 0.551715485, 0.324533543, 0.769346587, 0.767992167, 0.666627141, 0.334772379, 0.980328434, 0.788361748, 0.78776503, 0.0242563528, 0.284802412, 0.481757246, 0.262605222, 0.757384096, 0.0576603671, 0.00743562807;0.754256776, 0.0189727407, 0.9695143, 0.342451144, 0.858290752, 0.977210748, 0.470873875, 0.0171479972, 0.194626751, 0.757626206, 0.372901104, 0.241752294, 0.5234112, 0.197954552, 0.797524919, 0.563225455, 0.124825607, 0.731477187, 0.520859616, 0.744721509, 0.867402187, 0.883608273;0.790213871, 0.829802496, 0.908273216, 0.306575548, 0.895440176, 0.900614155, 0.77780824, 0.93035825, 0.0485150166, 0.0410972367, 0.956544638, 0.667887732, 0.306337396, 0.910062371, 0.49688203, 0.777735486, 0.789027721, 0.409642054, 0.90890506, 0.0478455236, 0.663941666, 0.148307434]
classifier_labels = [-1, 1, 1, 1, 1, -1, -1, -1, 1, -1, 1, 1, 1, -1, -1, 1, 1, -1, 1, -1, 1, -1]
classifier_tube_epsilon = 0.001
classifier_epsilon = 0.0001
data_test = [0.997455124, 0.0839294232, 0.979811584, 0.314636036, 0.041087844, 0.451912089, 0.973788261, 0.564122518, 0.414277014, 0.982156325, 0.994225723, 0.177923456, 0.628065381, 0.356728622, 0.826339793, 0.158157828, 0.870337405, 0.578757362, 0.59344164, 0.973003223, 0.818650162, 0.372963404, 0.644492371, 0.747632126, 0.672791059, 0.451686695, 0.815517131, 0.858259705, 0.33298582, 0.488640595, 0.352022276, 0.639289879, 0.901612499, 0.799624928;0.412958946, 0.346338464, 0.507637399, 0.742879942, 0.674780063, 0.659278239, 0.297086439, 0.239778284, 0.819413352, 0.408858065, 0.45389834, 0.575381981, 0.2892495, 0.327583472, 0.669768324, 0.541476162, 0.0401007765, 0.232626987, 0.208053159, 0.382193713, 0.683789771, 0.126613117, 0.471844401, 0.641085126, 0.534794252, 0.871721566, 0.964803536, 0.192479099, 0.123871063, 0.441878367, 0.438668347, 0.447662617, 0.81096041, 0.842918647;0.107384974, 0.720469807, 0.321364723, 0.514238735, 0.860479677, 0.0321107441, 0.437652216, 0.104315174, 0.864360409, 0.301589726, 0.549772645, 0.0615293261, 0.924933745, 0.61204366, 0.0958694415, 0.181071539, 0.245147102, 0.628861706, 0.956870458, 0.700191089, 0.25866026, 0.674917358, 0.534179476, 0.443024693, 0.0457417235, 0.211209753, 0.842148491, 0.414096591, 0.299640457, 0.934905508, 0.708950386, 0.618180878, 0.68448393, 0.849987237;0.63219871, 0.148272461, 0.335688302, 0.482396205, 0.96847115, 0.411737966, 0.867489813, 0.692752923, 0.52622146, 0.294958695, 0.977243214, 0.343219653, 0.0386845285, 0.93082383, 0.343852285, 0.454997301, 0.0268812131, 0.277062252, 0.620735279, 0.0527655822, 0.699270041, 0.333209883, 0.793973537, 0.0482144051, 0.0148343562, 0.226954667, 0.284767802, 0.0126911945, 0.309859339, 0.98907397, 0.373888063, 0.532525593, 0.0864499272, 0.259467845;0.229762683, 0.902690402, 0.705983964, 0.994697696, 0.0642252632, 0.437407333, 0.660421804, 0.817037317, 0.00256676109, 0.966862214, 0.386669057, 0.456791921, 0.292888349, 0.54247347, 0.038366946, 0.290865336, 0.459254671, 0.701847635, 0.79363876, 0.378937593, 0.931636849, 0.977044481, 0.532517133, 0.817773572, 0.298769612, 0.566945873, 0.208692001, 0.871984136, 0.555941878, 0.75787566, 0.986649101, 0.245183144, 0.647073662, 0.311162007;0.682546482, 0.839533667, 0.20771465, 0.386924071, 0.426107936, 0.536964466, 0.988094897, 0.626557172, 0.833715096, 0.964944666, 0.883901602, 0.691251227, 0.891826379, 0.382953501, 0.244821379, 0.280905217, 0.835973719, 0.543323154, 0.619815529, 0.394945893, 0.431809581, 0.226692089, 0.0350658416, 0.641906085, 0.0878673517, 0.775737887, 0.310297688, 0.399462928, 0.364044988, 0.576139928, 0.464719165, 0.823882791, 0.64030984, 0.0480791772;0.189252116, 0.500063468, 0.169333381, 0.412964887, 0.0110020259, 0.0372335209, 0.866958437, 0.0594817167, 0.114844935, 0.237293836, 0.725160532, 0.870867292, 0.824124983, 0.489399291, 0.365505655, 0.231844809, 0.00694153758, 0.608097275, 0.667343452, 0.0520920925, 0.322660722, 0.700208384, 0.987159404, 0.501290375, 0.0210116152, 0.889289236, 0.138446938, 0.114381965, 0.6233149, 0.50661209, 0.521383673, 0.862776542, 0.150588437, 0.86176039;0.311078415, 0.692317141, 0.909629745, 0.629056941, 0.0702479454, 0.254519721, 0.114842651, 0.959730815, 0.794796649, 0.0814614502, 0.265256253, 0.828389613, 0.324170703, 0.034760678, 0.71990105, 0.47168548, 0.37248869, 0.102848769, 0.431902532, 0.370042647, 0.209377855, 0.690544819, 0.29189699, 0.600158366, 0.394614416, 0.222865836, 0.297884294, 0.116715316, 0.559325518, 0.201363492, 0.411921361, 0.293306335, 0.220575383, 0.13658276;0.961019162, 0.69373585, 0.86528564, 0.406990317, 0.705370191, 0.578373488, 0.685206439, 0.0557948738, 0.0701863048, 0.206119359, 0.412078689, 0.232907704, 0.599541832, 0.713279062, 0.905832316, 0.832230464, 0.402901867, 0.987313477, 0.210699906, 0.408518386, 0.00424461308, 0.0512342836, 0.337657122, 0.127507856, 0.746430403, 0.395572926, 0.859854195, 0.622857852, 0.149181242, 0.810111407, 0.598018768, 0.692842194, 0.396178009, 0.763187842;0.909530483, 0.816293243, 0.910772512, 0.754540433, 0.657835445, 0.802452604, 0.373303979, 0.13203575, 0.435612803, 0.548506727, 0.366821093, 0.202178187, 0.267202315, 0.406976473, 0.311415848, 0.219310509, 0.36228943, 0.842257973, 0.170917463, 0.0722323282, 0.212699809, 0.431576295, 0.423652225, 0.270249312, 0.0833725954, 0.681394429, 0.535373749, 0.334360399, 0.831423394, 0.603870662, 0.627144397, 0.222345707, 0.233159524, 0.474660743;0.324241567, 0.293724794, 0.705698043, 0.248145692, 0.432071899, 0.780801902, 0.337191036, 0.947841427, 0.270576084, 