classifier_accuracy = 1e-08
name = 'Perceptron'
classifier_num_threads = 1
data_train = [0.66331808, 0.798631369, 0.0717371218, 0.234483261, 0.0838561413, 0.332610992, 0.884283192, 0.0423183058, 0.727314817, 0.379240303, 0.120813896;0.328040242, 0.524460057, 0.123182894, 0.282050782, 0.154031832, 0.948499565, 0.0562409389, 0.597924333, 0.945739352, 0.25403996, 0.0716287524;0.93861455, 0.0150865997, 0.626183281, 0.0415413468, 0.176616382, 0.697403574, 0.621638005, 0.659743667, 0.048540279, 0.793042927, 0.144329294;0.848919791, 0.293183462, 0.968048616, 0.569867697, 0.0303225969, 0.513431873, 0.27013654, 0.462212927, 0.596362318, 0.716788742, 0.50595862;0.41352626, 0.628615198, 0.0118191998, 0.193857455, 0.36775326, 0.574513597, 0.638108539, 0.0311949276, 0.304299261, 0.0606822333, 0.582076099;0.559339512, 0.0230573646, 0.692842991, 0.732861296, 0.685305472, 0.333450948, 0.420214084, 0.970847017, 0.29081347, 0.712394897, 0.252183103;0.316742966, 0.554328662, 0.864397489, 0.0749978614, 0.0686223343, 0.855399628, 0.157327899, 0.230094062, 0.453777875, 0.455854686, 0.181648387;0.212784439, 0.645574231, 0.498178894, 0.99847424, 0.558962095, 0.446276788, 0.49725254, 0.27280174, 0.950809427, 0.813163718, 0.392552228;0.370804073, 0.255548488, 0.209799088, 0.868874302, 0.965133215, 0.52917419, 0.998713669, 0.933313302, 0.411915248, 0.14835797, 0.172116579;0.0710950081, 0.590465951, 0.000231389991, 0.343375942, 0.710748914, 0.5374008, 0.314428081, 0.729485133, 0.444128045, 0.403221842, 0.230500231;0.255142325, 0.444067709, 0.872704273, 0.850333434, 0.477192314, 0.714286459, 0.795196237, 0.834918552, 0.533403626, 0.407768678, 0.554121987]
classifier_labels = [1, 1, -1, 1, 1, -1, 1, 1, -1, -1, 1]
data_type = 'double'
data_test = [0.953067261, 0.228109759, 0.711150463, 0.100661009, 0.214968869, 0.511822712, 0.953198229, 0.273968617, 0.50293506, 0.383448384, 0.037921391, 0.109085335, 0.869057069, 0.348850424, 0.619367085, 0.600718512, 0.330190231;0.872422584, 0.429256284, 0.753669715, 0.574573422, 0.615482615, 0.115897541, 0.730478794, 0.326168215, 0.355277632, 0.556888742, 0.630047348, 0.245412458, 0.302047265, 0.0401294208, 0.122179265, 0.409508207, 0.477513975;0.311357988, 0.423709894, 0.630497613, 0.189298851, 0.384754371, 0.0376355934, 0.144870953, 0.779930123, 0.881412071, 0.580262485, 0.334376762, 0.927429523, 0.924691183, 0.930542655, 0.893433934, 0.423974626, 0.251458637;0.341008166, 0.576028438, 0.0634219805, 0.203835206, 0.397549001, 0.527030716, 0.450378326, 0.183494612, 0.687364286, 0.70783126, 0.17218921, 0.753245127, 0.362337798, 0.284792915, 0.451380654, 0.704270761, 0.873950782;0.101015638, 0.748223416, 0.649848761, 0.242193467, 0.230193998, 0.257612953, 0.957474381, 0.165868469, 0.907433847, 0.786892616, 0.633402327, 0.529274385, 0.962177232, 0.272967985, 0.79694779, 0.535343319, 0.0607126863;0.810627051, 0.426084218, 0.0390284326, 0.978583917, 0.77760819, 0.290740735, 0.593327133, 0.58628549, 0.369722947, 0.301793235, 0.49346788, 0.976112058, 0.513557099, 0.492708608, 0.983073226, 0.193037001, 0.354218699;0.581043522, 0.30573094, 0.395826093, 0.647500901, 0.943605597, 0.581472329, 0.169261018, 0.34017294, 0.865502939, 0.251524449, 0.851364034, 0.339668397, 0.492490835, 0.617216954, 0.475404874, 0.42872766, 0.312817577;0.582908241, 0.547725843, 0.871582503, 0.546725121, 0.319805112, 0.716137087, 0.582234134, 0.442121614, 0.703578474, 0.33657147, 0.142333732, 0.673222487, 0.385405967, 0.976705915, 0.444831365, 0.058998345, 0.938859188;0.171133675, 0.0809592162, 0.527009708, 0.358631497, 0.126979202, 0.375239578, 0.722942007, 0.98537057, 0.18580012, 0.39874759, 0.246400756, 0.883990055, 0.61851926, 0.562836399, 0.973024854, 0.993732325, 0.685053271;0.859188276, 0.422706543, 0.962478764, 0.959501435, 0.192007979, 0.903280374, 0.582277859, 0.407005624, 0.347832567, 0.65515518, 0.0747879323, 0.91638701, 0.658622751, 0.509910361, 0.3305781, 0.304338299, 0.00299646259;0.975697476, 0.798653553, 0.936698252, 0.380903947, 0.279030038, 0.429656379, 0.35544069, 0.205012673, 0.859206836, 0.0579937162, 0.576453754, 0.753958638, 0.762019726, 0.670036214, 0.128963871, 0.506150281, 0.94964358]
classifier_bias = 0.2
classifier_learn_rate = 0.1
classifier_type = 'perceptron'
classifier_max_iter = 1000
feature_class = 'simple'
classifier_classified = [0.0248693526, 0.0417672424, -0.92808763, 0.386166179, 0.986251194, -0.484005725, 1.09212704, 0.325350046, -0.419882058, -0.571102219, 0.27861368]
feature_type = 'Real'
