classifier_learn_rate = 0.1;
classifier_accuracy = 1e-06;
init_random = 42;
name = 'Perceptron';
classifier_num_threads = 1;
data_train = [0.749516415, 0.0446612164, 0.415439016, 0.288295805, 0.632472202, 0.638455071, 0.399598512, 0.932641063, 0.630559234, 0.781687098, 0.407962602, 0.286815747, 0.399109351, 0.758995762, 0.437347572, 0.32455411, 0.749599441, 0.478644871, 0.309559302, 0.982680049, 0.293632392, 0.292303047;0.432213188, 0.26360544, 0.39196774, 0.732441459, 0.0875755734, 0.446769834, 0.669183652, 0.203413002, 0.852430418, 0.603581247, 0.472825625, 0.768980195, 0.954640161, 0.933951339, 0.500297874, 0.678900842, 0.805675379, 0.146894164, 0.609028945, 0.679725796, 0.811087246, 0.855822907;0.318352022, 0.316004723, 0.186578499, 0.247617087, 0.628544031, 0.800663942, 0.436244448, 0.0375523201, 0.314109819, 0.105800359, 0.108077494, 0.633464119, 0.990712559, 0.670540507, 0.506456377, 0.643576223, 0.381229953, 0.0950402407, 0.269359701, 0.971950845, 0.45386862, 0.680917213;0.445106664, 0.113135938, 0.653289541, 0.459502267, 0.415213757, 0.0373529364, 0.0949536474, 0.324135174, 0.351378967, 0.728183357, 0.844402343, 0.0483244089, 0.0703681079, 0.239223214, 0.624372698, 0.586646328, 0.481188151, 0.977422948, 0.888842512, 0.998222451, 0.615091287, 0.362509731;0.904381135, 0.854740619, 0.556732308, 0.968816441, 0.540986236, 0.184219899, 0.563255844, 0.715267083, 0.663502069, 0.209534624, 0.631034176, 0.405215123, 0.929583095, 0.345730252, 0.647822305, 0.991892857, 0.789761774, 0.392382101, 0.145105573, 0.171398312, 0.436860037, 0.953237179;0.826453652, 0.125524181, 0.471083729, 0.905850192, 0.0789805994, 0.661878388, 0.813615726, 0.879929564, 0.035766243, 0.838549207, 0.236567925, 0.586459512, 0.261245132, 0.999741272, 0.784723415, 0.244064011, 0.763307615, 0.693297469, 0.528226608, 0.913765003, 0.411148932, 0.207469438;0.729993225, 0.0261583423, 0.604130629, 0.866427403, 0.234005287, 0.228471576, 0.935815624, 0.1317438, 0.688330762, 0.897898105, 0.118362228, 0.680237754, 0.645759178, 0.0333231994, 0.0189276405, 0.842456986, 0.259215334, 0.912787385, 0.128515668, 0.981905322, 0.250082469, 0.0843879479;0.804725984, 0.836552391, 0.61549096, 0.447213741, 0.753780601, 0.40788261, 0.410809001, 0.409389131, 0.914857806, 0.661447817, 0.0183716545, 0.0358927512, 0.28988068, 0.881903285, 0.512300361, 0.135241191, 0.570991571, 0.352016583, 0.27052178, 0.0145150945, 0.574839038, 0.309729222;0.776486881, 0.599704413, 0.297673716, 0.328774287, 0.402274767, 0.136982222, 0.610860084, 0.182935321, 0.65976364, 0.838971097, 0.608583155, 0.55985538, 0.984441954, 0.297754154, 0.686866494, 0.482810093, 0.749157823, 0.374649219, 0.913299712, 0.961118268, 0.323071068, 0.430055345;0.705306643, 0.627396555, 0.746670965, 0.224273418, 0.404645028, 0.0154474277, 0.259550433, 0.435734357, 0.512583903, 0.0938218724, 0.494157604, 0.303496232, 0.345343978, 0.38863229, 0.871264685, 0.292391024, 0.415989608, 0.991056509, 0.10195255, 0.0624475312, 0.735436594, 0.564194792;0.843036947, 0.821078362, 0.803263401, 0.0923458389, 0.672855038, 0.0752020288, 0.731873253, 0.275236106, 0.707783978, 0.398821527, 0.300488759, 0.57121391, 0.056483424, 0.674007356, 0.896504251, 0.825530823, 0.481803443, 0.383791256, 0.483011856, 0.944967064, 0.401541738, 0.522126493];
classifier_labels = [-1, -1, 1, 1, 1, -1, -1, -1, 1, -1, -1, 1, -1, -1, -1, 1, 1, -1, -1, 1, -1, 1];
data_type = 'double';
data_test = [0.805704792, 0.659350303, 0.361770006, 0.626174074, 0.489704032, 0.892152917, 0.843302966, 0.108169388, 0.999707638, 0.909726838, 0.65080269, 0.0195026476, 0.0103455965, 0.00181203387, 0.134119623, 0.348026963, 0.47047332, 0.762571113, 0.198030947, 0.0564013578, 0.868297018, 0.967862351, 0.294714847, 0.703913426, 0.986696796, 0.198891703, 0.24031231, 0.982390555, 0.448831693, 0.650866395, 0.619348249, 0.833377624, 0.527807364, 0.862971027;0.68924402, 0.160603146, 0.670826681, 0.582400965, 0.47605877, 0.0197257465, 0.277346762, 0.223818086, 0.350737298, 0.607709808, 0.468818958, 0.69519646, 0.567012325, 0.293761873, 0.500231479, 0.0666823004, 0.230734277, 0.587132802, 0.334818345, 0.0628574875, 0.990986169, 0.757734945, 0.34044108, 0.56237838, 0.538137068, 0.323979275, 0.688999985, 0.340685424, 0.135183054, 0.120250987, 0.82966868, 0.204713948, 0.523541594, 0.330307688;0.980986303, 0.00284215366, 0.703093904, 0.956245956, 0.898123835, 0.366998147, 0.366993267, 0.17560014, 0.946842552, 0.435230718, 0.766705238, 0.470371567, 0.874939406, 0.577661437, 0.27545791, 0.0645358838, 0.106125419, 0.467588948, 0.683592425, 0.849987593, 0.810828113, 0.969556875, 0.926547781, 0.746254345, 0.110920231, 0.77103837, 0.807210996, 0.35781328, 0.291484137, 0.930898144, 0.31700097, 0.731604341, 0.406249096, 0.846287336;0.928729369, 0.318187479, 0.0664731302, 0.378273894, 0.804304713, 0.324250874, 0.772411, 0.523292463, 0.356366638, 0.344075493, 0.249203771, 0.581651333, 0.745892265, 0.168260444, 0.423386749, 0.526759288, 0.955242768, 0.726604437, 0.975450524, 0.887724398, 0.761275456, 0.313276011, 0.761458833, 0.163114675, 0.341865602, 0.00450448098, 0.832498701, 0.997131894, 0.978654081, 0.688645052, 0.165987222, 0.423930535, 0.00158464447, 0.85077849;0.907872677, 0.328069684, 0.78331689, 0.0491526287, 0.268339791, 0.0462581893, 0.712753755, 0.419087754, 0.191836115, 0.333814912, 0.473172652, 0.66780622, 0.419938685, 0.68432865, 0.111034923, 0.00531416915, 0.390752985, 0.497202404, 0.442764957, 0.790849678, 0.660386838, 0.00157942108, 0.909232376, 0.101754529, 0.359914036, 0.697971791, 0.871507213, 0.266245699, 0.453261683, 0.0405959853, 0.03037958, 0.730413753, 0.630397731, 0.253252817;0.996088727, 0.260062748, 0.80300603, 0.72770637, 0.327654964, 0.636218829, 0.542926389, 0.49768796, 0.91801051, 0.896472857, 0.180662699, 0.247205119, 0.604801762, 0.261328396, 0.476020707, 0.587690128, 0.0530458812, 0.319879577, 0.309728184, 0.278465291, 0.730684097, 0.0347399474, 0.130026256, 0.98495797, 0.0718145838, 0.747315826, 0.241960636, 0.103378007, 0.669257093, 0.204238621, 0.716148779, 0.901505619, 0.210175835, 0.596657892;0.685603067, 0.225763075, 0.163545687, 0.96405413, 0.843373321, 0.0627221714, 0.95332008, 0.308847275, 0.133760695, 0.532685681, 0.0955744477, 0.638726182, 0.75888885, 0.64922878, 0.0336497234, 0.60879796, 0.480126229, 0.815665541, 0.885701914, 0.49475424, 0.815487766, 0.0225492215, 0.911872485, 0.203776034, 0.8103644, 0.0251397258, 0.722930672, 0.101088594, 0.141109648, 0.611357013, 0.179296235, 0.197824429, 0.742898814, 0.738945847;0.0557495985, 0.479415799, 0.0932978555, 0.0355821458, 0.316501779, 0.52257282, 0.781952617, 0.672278829, 0.419513709, 0.436954861, 0.721257908, 0.698272594, 0.0202803149, 0.903301127, 0.907815858, 0.764036823, 0.0524056865, 0.490004251, 0.127568151, 0.39194119, 0.784536519, 0.836384236, 0.0180379095, 0.207770629, 0.956132856, 0.897528622, 0.830192563, 0.136735403, 0.796848177, 0.155647993, 0.447160505, 0.677106366, 0.520874037, 0.110409498;0.333087131, 0.941135585, 0.993154104, 0.869121614, 0.926988475, 0.124697447, 0.586208166, 0.381415344, 0.764255674, 0.665120178, 0.0786620583, 0.608722942, 0.426545699, 0.929858501, 0.758302617, 0.616460878, 0.934253299, 0.867477023, 0.985922659, 0.793632414, 0.945784646, 0.639956385, 0.799238094, 0.690853504, 0.0864246324, 0.139296689, 0.0222724551, 0.554128716, 0.513703866, 0.860253286, 0.240262584, 0.898616541, 0.287550039, 0.171873703;0.360162153, 0.968207928, 0.413967698, 0.45208851, 0.90361787, 0.672522404, 0.0592233054, 0.177121458, 0.786968648, 0.483392067, 0.704259075, 0.148517424, 0.0483958819, 0.884075296, 0.263507154, 0.210927336, 0.566296144, 0.711682059, 0.341094317, 0.162776101, 0.558622337, 0.356476671, 0.428664824, 0.398400467, 0.922930078, 0.489134032, 0.110994814, 0.105396935, 0.11634845, 0.126712735, 0.857192954, 0.793843293, 0.543539647, 0.184651246;0.968638665, 0.284595795, 0.734108581, 0.621914421, 0.169989813, 0.045088856, 0.107792247, 0.285361386, 0.335338238, 0.406605853, 0.0949079098, 0.871985096, 0.607959351, 