classifier_name = 'Perceptron';
classifier_feature_type = 'Real';
classifier_accuracy = 1e-07;
init_random = 42;
classifier_data_train = [0.0797634, 0.6245586, 0.7692312, 0.4019202, 0.128135, 0.4262809, 0.3507185, 0.4635522, 0.831535, 0.7374895, 0.7072707, 0.1611637, 0.7227273, 0.6465973, 0.2733839, 0.3956468, 0.5121039, 0.5773993, 0.9335019, 0.9629759, 0.2790603, 0.0349819;0.1463759, 0.5204088, 0.1397717, 0.5996863, 0.765352, 0.45624, 0.2857314, 0.1952669, 0.5311446, 0.5452357, 0.6989851, 0.0962506, 0.1310146, 0.789712, 0.9307112, 0.8956692, 0.8694591, 0.7622326, 0.9639534, 0.9850097, 0.2042676, 0.5834154;0.3058026, 0.2838461, 0.0092057, 0.3790867, 0.8758857, 0.7237952, 0.1132206, 0.0095856, 0.2585063, 0.072272, 0.8427191, 0.2971172, 0.8848031, 0.4082668, 0.3096806, 0.3321735, 0.9599366, 0.2002209, 0.7987491, 0.669723, 0.524286, 0.284698;0.3612428, 0.4243381, 0.4979381, 0.1192996, 0.3988366, 0.8620177, 0.5160508, 0.9156914, 0.0666221, 0.1028086, 0.4021505, 0.0774873, 0.8822124, 0.7824416, 0.5932595, 0.3092561, 0.4600662, 0.1893477, 0.3459725, 0.2571147, 0.6180428, 0.6431786;0.6519737, 0.6722254, 0.2535062, 0.6545848, 0.4869407, 0.6699426, 0.2046255, 0.4856083, 0.4661902, 0.9162708, 0.7503889, 0.3883669, 0.1034975, 0.0731751, 0.013444, 0.9510329, 0.9189793, 0.5006966, 0.59641, 0.0894784, 0.7904153, 0.9816107;0.9310286, 0.9653887, 0.696539, 0.0193044, 0.9442662, 0.2921768, 0.6828373, 0.7643992, 0.9117377, 0.8310844, 0.2543401, 0.8398596, 0.2087425, 0.8194381, 0.5967389, 0.9631147, 0.7725264, 0.1492619, 0.2654732, 0.5529469, 0.1228756, 0.1227401;0.0362523, 0.4189937, 0.8487363, 0.3769932, 0.8381492, 0.9218455, 0.5157362, 0.2759226, 0.8561302, 0.3507023, 0.3480955, 0.2167577, 0.8147962, 0.0156473, 0.254882, 0.618597, 0.0996612, 0.657393, 0.2308178, 0.8136279, 0.0643749, 0.585514;0.4090077, 0.6268536, 0.1731254, 0.580219, 0.1391966, 0.8881079, 0.1528058, 0.4735396, 0.0478111, 0.5239742, 0.7364942, 0.9253297, 0.7465667, 0.5743697, 0.0259823, 0.2448107, 0.2888294, 0.768365, 0.8881779, 0.4468342, 0.1348748, 0.8046716;0.3580853, 0.1431975, 0.1916993, 0.0389337, 0.0736183, 0.5914499, 0.0359898, 0.6534319, 0.0778701, 0.894228, 0.3378539, 0.0192991, 0.0701966, 0.2464599, 0.9112698, 0.1896964, 0.3844089, 0.6726487, 0.5579487, 0.1849453, 0.5886917, 0.8315695;0.5143265, 0.2108778, 0.2788376, 0.4060125, 0.7633813, 0.1507324, 0.7704894, 0.1834643, 0.6790691, 0.6162918, 0.0934924, 0.8616326, 0.4293428, 0.2234988, 0.4736911, 0.9846856, 0.822536, 0.9659502, 0.8472095, 0.7554538, 0.9803221, 0.4919404;0.9176332, 0.5455743, 0.9976962, 0.7871011, 0.6324009, 0.2106456, 0.5323987, 0.2387288, 0.7533881, 0.3473974, 0.4274151, 0.9641458, 0.0781097, 0.9313584, 0.1460907, 0.7987046, 0.3245519, 0.8802913, 0.970791, 0.8986931, 0.9632026, 0.1798481];
classifier_num_threads = 1;
classifier_label_type = 'twoclass';
classifier_data_test = [0.1100582, 0.544802, 0.133469, 0.0088663, 0.5569675, 0.6881671, 0.4433068, 0.1832307, 0.7262258, 0.837637, 0.689788, 0.5827238, 0.7622468, 0.874387, 0.3498524, 0.1492111, 0.3150716, 0.6332835, 0.0579987, 0.3210134, 0.704787, 0.6319575, 0.4661411, 0.5941356, 0.8831143, 0.8277197, 0.6098655, 0.3447602, 0.5987351, 0.5756614, 0.4928759, 0.0828043, 0.2874571, 0.6451032;0.3474578, 0.4550897, 0.6284678, 0.2443817, 0.8822696, 0.4254155, 0.4921655, 0.9552862, 0.0955937, 0.1709053, 0.8863317, 0.4828715, 0.8905511, 0.8037607, 0.2889909, 0.676397, 0.2486688, 0.8363911, 0.4587899, 0.2996918, 0.4406536, 0.4327509, 0.7995951, 0.3384859, 0.3562967, 0.042897, 0.5132127, 0.1753886, 0.2089074, 0.9476065, 0.391632, 0.1844335, 0.4295666, 0.5337764;0.6987548, 0.5408123, 0.8318659, 0.8248018, 0.9854561, 0.6349537, 0.6386438, 0.0955356, 0.277539, 0.503378, 0.8349543, 0.2738206, 0.9998927, 0.1438427, 0.1112612, 0.3586234, 0.6020537, 0.3858807, 0.8604307, 0.4109418, 0.3639196, 0.4550326, 0.1681908, 0.1662744, 0.7704378, 0.5320135, 0.0427833, 0.8212752, 0.0279719, 0.1710601, 0.7188143, 0.9013234, 0.9942533, 0.2252889;0.1394655, 0.8163585, 0.2473018, 0.5378911, 0.0276899, 0.5150603, 0.0402469, 0.5383293, 0.9779761, 0.7378348, 0.8518825, 0.5439736, 0.9499248, 0.9223256, 0.9930187, 0.0357386, 0.049585, 0.6259351, 0.355064, 0.0775314, 0.6707102, 0.7667239, 0.7038527, 0.6921797, 0.6915342, 0.1394034, 0.0615426, 0.5062393, 0.8523232, 0.2315171, 0.7426317, 0.8313908, 0.8052788, 0.5703324;0.6167299, 0.0482022, 0.3795909, 0.3187027, 0.186849, 0.6367208, 0.9865468, 0.4339758, 0.8050955, 0.1222116, 0.2359201, 0.1052929, 0.5336356, 0.0429362, 0.5605316, 0.2394401, 0.4279862, 0.2444394, 0.7172961, 0.9117964, 0.4186646, 0.6722735, 0.2355172, 0.0728993, 0.4982117, 0.7740209, 0.2250917, 0.8928306, 0.1826014, 0.4312004, 0.6957452, 0.3554616, 0.881288, 0.3741711;0.6771629, 0.3701634, 0.8854073, 0.9066831, 0.055048, 0.2820603, 0.3778856, 0.7240972, 0.818855, 0.9478897, 0.0196893, 0.9900872, 0.9345182, 0.5637783, 0.8095813, 0.8429562, 0.7515804, 0.6384779, 0.3224972, 0.7516567, 0.6895432, 0.5252183, 0.3307028, 0.0258487, 0.1802955, 0.8638099, 0.8411941, 0.9586086, 0.014958, 0.6784686, 0.7139421, 0.9587983, 0.6903776, 0.0367937;0.2208249, 0.3783554, 0.4655955, 0.1232864, 0.5823617, 0.3242499, 0.426791, 0.7274357, 0.8589254, 0.3092077, 0.7854211, 0.4582468, 0.5932377, 0.8984455, 0.8094984, 0.3747044, 0.1904502, 0.0375729, 0.7015635, 0.9825925, 0.9383372, 0.469103, 0.6630539, 0.0628983, 0.1539573, 0.9098043, 0.4408811, 0.5389621, 0.4922564, 0.5149738, 0.7404647, 0.0125482, 0.8457885, 0.8883108;0.6406389, 0.4729269, 0.7924874, 0.696346, 0.8076906, 0.0556408, 0.09207, 0.7729567, 0.7712531, 0.4403592, 0.7186017, 0.8465813, 0.7098298, 0.9195589, 0.259384, 0.5880548, 0.67716, 0.8452881, 0.3348562, 0.1424631, 0.5254406, 0.335464, 0.8009859, 0.6381095, 0.7206703, 0.229412, 0.645137, 0.4437109, 0.6537201, 0.2781797, 0.4219056, 0.5870259, 0.5819698, 0.0220392;0.4584051, 0.5515875, 0.9121999, 0.8202194, 0.3352167, 0.5651523, 0.173115, 0.2579708, 0.4017159, 0.7586486, 0.9683598, 0.9836608, 0.9509784, 0.1723279, 0.5707352, 0.4048972, 0.1157124, 0.9382546, 0.656145, 0.6014266, 0.8486278, 0.7567391, 0.7752352, 0.0402813, 0.9443521, 0.7545293, 0.6076776, 0.67967, 0.0124097, 0.5238431, 0.1738922, 0.442605, 0.0954627, 0.8271252;0.2879059, 0.6798041, 0.5968793, 0.347765, 0.010508, 0.8088231, 0.1433502, 0.7755191, 0.4545835, 0.1680974, 0.4924108, 0.9203764, 0.3867702, 0.1863694, 0.3403315, 0.699371, 0.2630378, 0.3416023, 0.1795812, 0.9248723, 0.433177, 0.735621, 0.3472772, 0.1305864, 0.7849992, 0.1870346, 0.5512413, 0.6608951, 0.7655901, 0.1642926, 0.8837871, 0.4268867, 0.5707623, 0.2066729;0.0787334, 0.4324807, 0.2425395, 0.2074773, 0.7616763, 0.3036536, 0.8760391, 0.8476451, 0.1168714, 0.5935169, 0.9312986, 0.4230588, 0.1220436, 0.6458109, 0.0456027, 0.2026882, 0.1065974, 0.1118459, 0.6770343, 0.9835205, 0.8987261, 0.1346748, 0.6402607, 0.2131642, 0.4071651, 0.8791867, 0.9904015, 0.6800614, 0.2621311, 0.6578227, 0.8593106, 0.116753, 0.6056248, 0.5927006];
classifier_labels = [-1, 1, 1, -1, -1, 1, -1, 1, 1, -1, 1, 1, 1, -1, -1, 1, -1, -1, -1, -1, -1, -1];
classifier_bias = -1.1;
classifier_learn_rate = 0.1;
classifier_type = 'perceptron';
classifier_max_iter = 1000;
classifier_classified = [0.316710123, -1.78700933, -1.47483194, -1.01417341, -0.484171717, -1.69588387, 0.862241158, -0.303935134, 4.20157926, 0.556429989, -2.41692718, -1.50092315, 0.207578122, 2.37902538, 1.68629077, -1.20202739, 1.52093921, -1.76634933, -0.495120308, 0.00309042337, 0.499496128, -0.620655213, -1.04154476, 0.302118101, -1.97535813, 2.40060394, -0.594659259, 0.737351018, 0.493212693, -0.485646321, 1.05247895, -0.0427273527, 2.46719257, -1.20040193];
classifier_feature_class = 'simple';
