classifier_name = 'SVMLight';
classifier_C = 30;
classifier_epsilon = 1e-05;
init_random = 42;
kernel_feature_type = 'Real';
classifier_num_threads = 16;
classifier_labels = [1, -1, 1, 1, -1, 1, -1, 1, -1, -1, -1, 1, -1, 1, -1, -1, 1, 1, -1, 1, 1, 1];
kernel_arg0_width = 1.5;
classifier_tube_epsilon = 0.001;
classifier_accuracy = 0.0001;
classifier_bias = 0.893741613254;
kernel_data_train = [0.7080726, 0.0205845, 0.0069521, 0.2221078, 0.8661761, 0.9507143, 0.4271078, 0.3180035, 0.0580836, 0.2279352, 0.5986585, 0.3745401, 0.8960913, 0.5107473, 0.8607306, 0.1100519, 0.8180148, 0.1560186, 0.601115, 0.7319939, 0.1559945, 0.417411;0.1198654, 0.181825, 0.5247564, 0.3376152, 0.1834045, 0.3042422, 0.4972485, 0.2912291, 0.5187906, 0.2517823, 0.9699099, 0.9624473, 0.703019, 0.6118529, 0.1394939, 0.9717821, 0.8324426, 0.3232029, 0.3636296, 0.9429097, 0.431945, 0.2123391;0.1996738, 0.502679, 0.6075449, 0.6095643, 0.0514788, 0.5142344, 0.0650516, 0.0368869, 0.1705241, 0.3663618, 0.9082659, 0.4894528, 0.3008783, 0.0464504, 0.2921446, 0.1448949, 0.2395619, 0.785176, 0.5924146, 0.2848405, 0.2786465, 0.45607;0.8083973, 0.6721355, 0.965632, 0.5357747, 0.4951769, 0.2376375, 0.3046138, 0.4401525, 0.6323058, 0.2420553, 0.1220382, 0.9488855, 0.0976721, 0.9856505, 0.9093204, 0.3677831, 0.7616196, 0.684233, 0.0343885, 0.6335297, 0.7282163, 0.0902898;0.0165878, 0.8353025, 0.5979, 0.520068, 0.5120931, 0.1848545, 0.9394989, 0.6625223, 0.5467103, 0.9695846, 0.6775644, 0.0407751, 0.6451728, 0.25878, 0.1743664, 0.1865185, 0.8948274, 0.3207801, 0.5908929, 0.2264958, 0.7751328, 0.3117111;0.9246936, 0.5426961, 0.659984, 0.2809345, 0.6909377, 0.3567533, 0.2579416, 0.0452273, 0.1959829, 0.93673, 0.3886773, 0.8773394, 0.271349, 0.1134735, 0.8172222, 0.3253303, 0.3867353, 0.8287375, 0.3410664, 0.0884925, 0.1375209, 0.9218742;0.6331015, 0.0745506, 0.1987157, 0.7712703, 0.7068573, 0.8154614, 0.802197, 0.8972158, 0.5296506, 0.1409242, 0.9868869, 0.0055221, 0.3390298, 0.3492096, 0.7290072, 0.5552008, 0.7259557, 0.8971103, 0.9004181, 0.0931028, 0.7722448, 0.2418523;0.6420316, 0.330898, 0.6635018, 0.8870864, 0.3251833, 0.1158691, 0.6064291, 0.0050616, 0.08414, 0.8985542, 0.6375575, 0.1014715, 0.3584657, 0.0635584, 0.3109823, 0.1616287, 0.8631034, 0.7798755, 0.6232981, 0.0740447, 0.0091971, 0.7296062;0.6519613, 0.7464914, 0.5612772, 0.7132448, 0.5227328, 0.2242693, 0.7709672, 0.6918952, 0.5487338, 0.2372491, 0.4722149, 0.8492234, 0.6496329, 0.427541, 0.4937956, 0.7121792, 0.8872127, 0.1195942, 0.1608081, 0.760785, 0.0254191, 0.3253997;0.9730106, 0.6364104, 0.9075665, 0.0936748, 0.2652024, 0.1078914, 0.6576129, 0.3677158, 0.8920466, 0.2439896, 0.4103829, 0.0769799, 0.5683086, 0.6311386, 0.5085707, 0.7948113, 0.314356, 0.2492922, 0.7555511, 0.3930977, 0.0314292, 0.2287982;0.024316, 0.892559, 0.1612213, 0.5769039, 0.8714606, 0.195243, 0.1771107, 0.8074402, 0.5393422, 0.4925177, 0.2897515, 0.5026371, 0.6334038, 0.6454723, 0.1865701, 0.8036721, 0.9404586, 0.8081204, 0.7224521, 0.9539286, 0.2807724, 0.9296977];
classifier_label_type = 'twoclass';
kernel_name = 'Gaussian';
classifier_alpha_sum = -2.22044604925e-15;
kernel_feature_class = 'simple';
classifier_sv_sum = 231;
kernel_data_test = [0.6675577, 0.950062, 0.6725185, 0.1388272, 0.8955232, 0.1206359, 0.4484455, 0.8264575, 0.4607788, 0.7523745, 0.2932108, 0.2063337, 0.8967884, 0.3456673, 0.3286645, 0.0912867, 0.4739616, 0.2785903, 0.905382, 0.3193136, 0.9506071, 0.1723199, 0.1818801, 0.0108377, 0.5734379, 0.192289, 0.1689351, 0.3892017, 0.1770105, 0.6408747, 0.0887025, 0.0408686, 0.3200496, 0.6318372;0.6182181, 0.7009691, 0.3704721, 0.117067, 0.7615106, 0.3642699, 0.7896181, 0.072763, 0.6279004, 0.8735786, 0.6903948, 0.2093493, 0.0912061, 0.4415305, 0.5495289, 0.0841068, 0.081759, 0.4944203, 0.0393121, 0.0575588, 0.061078, 0.791579, 0.1429917, 0.8062013, 0.7482597, 0.484523, 0.1011227, 0.5034173, 0.7994104, 0.350915, 0.9208724, 0.184521, 0.2768776, 0.8877042;0.424222, 0.0813488, 0.7771469, 0.2524369, 0.8127996, 0.0848377, 0.9472486, 0.7474709, 0.107172, 0.9866396, 0.3772842, 0.9860011, 0.0366832, 0.7133496, 0.5584042, 0.0835007, 0.0200712, 0.8218601, 0.2424705, 0.4625347, 0.4474124, 0.3689136, 0.3762596, 0.2692432, 0.9063544, 0.5326173, 0.5321135, 0.6182548, 0.3706421, 0.7062422, 0.3742708, 0.7533782, 0.5116774, 0.8952068;0.5833688, 0.1197621, 0.0563033, 0.7460449, 0.9621725, 0.4686606, 0.2837759, 0.8905273, 0.3748706, 0.5868411, 0.3274974, 0.1188179, 0.4984422, 0.4926251, 0.2235958, 0.0113536, 0.8685991, 0.1275803, 0.3220792, 0.7891712, 0.6492103, 0.9632225, 0.4316595, 0.0121545, 0.3630823, 0.6791023, 0.0869203, 0.211448, 0.5935925, 0.7454395, 0.2857121, 0.1111975, 0.1175262, 0.5371065;0.1528591, 0.6957487, 0.2850952, 0.2809632, 0.5277011, 0.8967654, 0.5230978, 0.0737966, 0.6275581, 0.1017825, 0.186567, 0.1733736, 0.4545411, 0.9865152, 0.0454464, 0.3560967, 0.9929648, 0.901158, 0.6057748, 0.4103968, 0.1606814, 0.9693025, 0.5538543, 0.6459172, 0.2459577, 0.2372268, 0.9698788, 0.0431599, 0.5843143, 0.5707783, 0.5245114, 0.6293986, 0.0802337, 0.8911431;0.5836561, 0.9862107, 0.3236792, 0.2579028, 0.1881212, 0.6981617, 0.3533522, 0.6686432, 0.4556568, 0.6847312, 0.929376, 0.9743948, 0.3978556, 0.2773812, 0.3095276, 0.1708876, 0.8902638, 0.5716127, 0.6201326, 0.8655071, 0.2799791, 0.1120389, 0.4254364, 0.1870437, 0.9504115, 0.5567629, 0.0777346, 0.4636984, 0.9823786, 0.813795, 0.8170721, 0.7694929, 0.5360964, 0.9694704;0.026367, 0.1626169, 0.7257195, 0.2424097, 0.9497999, 0.1504169, 0.1344147, 0.0518235, 0.6134152, 0.4811401, 0.418243, 0.5941307, 0.8105533, 0.3223538, 0.9327285, 0.8098744, 0.9899602, 0.3366043, 0.5076104, 0.5812382, 0.9872761, 0.0452187, 0.3808909, 0.1543627, 0.2546407, 0.2886306, 0.5325894, 0.1148368, 0.8225372, 0.3764634, 0.61062, 0.9109272, 0.8660639, 0.063375;0.7689874, 0.8383287, 0.4118409, 0.9383405, 0.8496474, 0.9650269, 0.2473481, 0.9447657, 0.9699144, 0.0563755, 0.7308675, 0.8306194, 0.7602279, 0.5744731, 0.8647224, 0.0664963, 0.5956387, 0.1242972, 0.5554317, 0.9295291, 0.7411206, 0.4505441, 0.8421189, 0.1812331, 0.812901, 0.4686932, 0.9997177, 0.4715762, 0.6815027, 0.2734071, 0.9966368, 0.4148195, 0.3488683, 0.8418288;0.8521815, 0.6181282, 0.5201635, 0.6651972, 0.7952673, 0.5230654, 0.6715732, 0.5203077, 0.3769444, 0.1397724, 0.3924451, 0.8766536, 0.5519068, 0.8145747, 0.3013779, 0.2016273, 0.8772005, 0.7476094, 0.6717007, 0.560938, 0.954051, 0.1642658, 0.6061746, 0.4626798, 0.3581627, 0.4034829, 0.2286428, 0.4391349, 0.1135576, 0.7723184, 0.1636559, 0.8165994, 0.3588305, 0.1291594;0.9064721, 0.3482555, 0.5139895, 0.6200728, 0.6203096, 0.9398321, 0.3505876, 0.7885972, 0.3349056, 0.8938926, 0.9041587, 0.7940252, 0.783653, 0.5435529, 0.624238, 0.8995746, 0.0287827, 0.2129642, 0.2322127, 0.3838912, 0.4374749, 0.7040798, 0.5027204, 0.6277081, 0.7551373, 0.1363715, 0.5334611, 0.5899177, 0.0145447, 0.392244, 0.1392721, 0.116898, 0.1340152, 0.3965428;0.1470735, 0.3420817, 0.8623637, 0.9495206, 0.3117221, 0.2292514, 0.1499174, 0.3287516, 0.0758633, 0.2484891, 0.8212573, 0.1274887, 0.7624587, 0.7972954, 0.6220867, 0.2582444, 0.1106317, 0.4926181, 0.8464523, 0.2401456, 0.9800326, 0.1288797, 0.6334009, 0.1516749, 0.8767656, 0.4591358, 0.4921163, 0.1280458, 0.0335324, 0.9265876, 0.5698897, 0.1519027, 0.7439463, 0.3972873];
classifier_classified = [1.07574113, -0.537875718, -0.0192115925, 0.897969447, 0.572554193, -0.397126453, -0.0750095211, 1.35212939, -0.327456449, 0.201837363, 0.118296258, 0.970048026, -0.502561199, -0.682858437, 0.348557245, -0.196445947, -0.389193069, -0.741239463, -0.662280598, 0.479507561, 0.602135311, 0.430692741, -0.105404986, -1.01296998, 0.711747547, 0.884396271, -0.512822294, 0.650343551, 0.0663908969, -0.486760838, 0.275328961, 0.114569862, 1.08553349, -0.0263956181];
classifier_type = 'kernel';
