data_type = 'double'
classifier_C = 0.017
classifier_accuracy = 0.0001
init_random = 42
name = 'SVMSGD'
classifier_num_threads = 1
data_train = [0.354794409, 0.95498984, 0.623523902, 0.789870411, 0.0897344408, 0.81513491, 0.717037021, 0.178033672, 0.645104719, 0.638059808, 0.538533381, 0.897945001, 0.881842256, 0.180654515, 0.363519727, 0.135007002, 0.750207287, 0.0060686896, 0.152989726, 0.277926739, 0.286234997, 0.141385163;0.979366224, 0.608673158, 0.353442232, 0.0951292221, 0.28261603, 0.0141020856, 0.0159471278, 0.449975475, 0.928245507, 0.630074217, 0.540005043, 0.893239287, 0.294263542, 0.0405327585, 0.931896853, 0.557560006, 0.0384456291, 0.301124207, 0.966782814, 0.915353107, 0.61578153, 0.183326397;0.513136948, 0.946573046, 0.108496021, 0.142281953, 0.235230312, 0.881874019, 0.0153222418, 0.713464531, 0.0335257538, 0.817277442, 0.116660101, 0.957023967, 0.0480003486, 0.335983946, 0.485624812, 0.00126612089, 0.0079389284, 0.494179368, 0.624643321, 0.929655763, 0.995151048, 0.348626563;0.592971488, 0.833341941, 0.0147625768, 0.550671994, 0.861321223, 0.704982877, 0.657831989, 0.277139925, 0.183843475, 0.47146475, 0.5918967, 0.921397444, 0.469516649, 0.707286792, 0.0651706012, 0.0783296884, 0.0597104524, 0.296308127, 0.0577031808, 0.653291402, 0.881895259, 0.289676267;0.474121632, 0.123055387, 0.793468484, 0.399756886, 0.726986601, 0.71835693, 0.505110323, 0.999586726, 0.257566748, 0.108396405, 0.220285146, 0.0837507123, 0.449842823, 0.119765469, 0.078534717, 0.635875693, 0.972214718, 0.0627755816, 0.491818139, 0.404521489, 0.426428409, 0.372626598;0.0616790387, 0.613837086, 0.260083543, 0.838748061, 0.260182243, 0.303324877, 0.104646968, 0.781362187, 0.342366846, 0.333888693, 0.920018865, 0.946717392, 0.778776878, 0.325657286, 0.839656468, 0.852855615, 0.273922418, 0.0972456256, 0.240606456, 0.887482208, 0.761245374, 0.292730978;0.0493051907, 0.750475413, 0.112891332, 0.93992166, 0.195212471, 0.661256927, 0.588912462, 0.997379514, 0.686968777, 0.165686161, 0.733503863, 0.11885491, 0.509719418, 0.186887446, 0.0738503383, 0.723074327, 0.982606465, 0.908177805, 0.724015749, 0.483740757, 0.303864678, 0.986305034;0.446617923, 0.738482531, 0.597742161, 0.181846657, 0.552627273, 0.77852554, 0.884319524, 0.558535362, 0.464150141, 0.1297579, 0.990081252, 0.143074529, 0.797350161, 0.0237958808, 0.544525018, 0.761386543, 0.813443669, 0.649187124, 0.245327251, 0.00587167419, 0.171444956, 0.550509013;0.946241655, 0.524746296, 0.533920359, 0.287703348, 0.392696674, 0.674170151, 0.00374202551, 0.345468925, 0.209929656, 0.271994265, 0.344791914, 0.403481191, 0.813947996, 0.627706334, 0.824672826, 0.906509421, 0.347032188, 0.966449843, 0.0853059037, 0.725398661, 0.771974315, 0.117711072;0.373351481, 0.311213278, 0.272860205, 0.0884409181, 0.816877246, 0.84657705, 0.616944085, 0.578451397, 0.952527997, 0.927333065, 0.738258761, 0.86271296, 0.667775581, 0.727495927, 0.283873711, 0.760008321, 0.981966645, 0.102047237, 0.7594439, 0.323628363, 0.60059257, 0.854544132;0.190640748, 0.646155275, 0.364416569, 0.112859804, 0.150920861, 0.827509918, 0.976010573, 0.632675972, 0.0809908484, 0.7842989, 0.760037012, 0.397115419, 0.499509724, 0.0415944614, 0.220353886, 0.546822168, 0.535920661, 0.21345198, 0.198297787, 0.40933916, 0.976411726, 0.213800448]
classifier_labels = [1, 1, -1, -1, -1, -1, 1, -1, 1, 1, 1, 1, -1, -1, -1, -1, -1, 1, -1, -1, 1, 1]
classifier_epsilon = 1e-05
data_test = [0.289324313, 0.59926977, 0.592614467, 0.263057335, 0.213402198, 0.83898451, 0.0949016924, 0.46229207, 0.200993397, 0.369553472, 0.0377124405, 0.673626076, 0.917734069, 0.243976928, 0.276553291, 0.793955777, 0.756971049, 0.588463564, 0.233185205, 0.0892219331, 0.225061619, 0.212108935, 0.881457363, 0.718512626, 0.0152159326, 0.67101878, 0.160937199, 0.290346672, 0.0460821783, 0.90167189, 0.445909766, 0.657610891, 0.646788816, 0.583434677;0.858013678, 0.869670135, 0.104111102, 0.303454197, 0.530590364, 0.198558629, 0.55579684, 0.403042354, 0.00183872286, 0.877874373, 0.539659731, 0.835862425, 0.195182956, 0.533108137, 0.931513512, 0.719850039, 0.658787406, 0.654489399, 0.645284947, 0.688940867, 0.403609471, 0.250793537, 0.168117532, 0.717089583, 0.357665421, 0.202578745, 0.67010134, 0.403128739, 0.925338689, 0.927746532, 0.07760089, 0.352975564, 0.118560718, 0.707941573;0.852321386, 0.655984769, 0.122342552, 0.249307222, 0.0974772238, 0.728890501, 0.808120469, 0.143431456, 0.279079183, 0.191462628, 0.235508872, 0.66580202, 0.122786354, 0.800401104, 0.862539145, 0.756955727, 0.885565657, 0.735547247, 0.0528868978, 0.0967059125, 0.205593263, 0.914449447, 0.263171214, 0.403101107, 0.316754634, 0.154288681, 0.385441461, 0.0711922511, 0.500149478, 0.515772518, 0.0915667836, 0.597311435, 0.825773601, 0.85432666;0.738751419, 0.377978008, 0.194363952, 0.051105881, 0.0202464815, 0.574892042, 0.596423018, 0.0904341882, 0.715582657, 0.31533972, 0.844299126, 0.879510467, 0.761644669, 0.841705237, 0.0372755307, 0.575500317, 0.577302371, 0.393533558, 0.434221631, 0.221707356, 0.750532499, 0.273000702, 0.846142811, 0.73180882, 0.935878988, 0.434377076, 0.38587496, 0.96975831, 0.875251181, 0.624123072, 0.88946645, 0.0172831723, 0.351882655, 0.743581096;0.998066703, 0.296028683, 0.167339107, 0.920669322, 0.753615172, 0.132701905, 0.573811642, 0.0911495252, 0.413791605, 0.41610287, 0.67119333, 0.946235752, 0.277682786, 0.803817755, 0.969907693, 0.104064767, 0.423010592, 0.88040676, 0.899542015, 0.388613406, 0.103349212, 0.287309617, 0.933301068, 5.47363715e-05, 0.910849254, 0.961236019, 0.928702404, 0.245889549, 0.139079994, 0.815229186, 0.625436774, 0.300195487, 0.847085352, 0.239746078;0.862583057, 0.734532278, 0.181253643, 0.95241392, 0.907891918, 0.357110767, 0.731312711, 0.12115318, 0.359306958, 0.327992585, 0.268011601, 0.859568066, 0.747204936, 0.756056692, 0.325266764, 0.268040867, 0.953572101, 0.660110665, 0.134250732, 0.0153518637, 0.526468072, 0.56838915, 0.924774248, 0.869328097, 0.402760744, 0.731108441, 0.221762182, 0.771736038, 0.626920285, 0.731585924, 0.730258308, 0.521603305, 0.367011641, 0.141744603;0.505818538, 0.129464937, 0.784716916, 0.779143386, 0.122290716, 0.0548665558, 0.410058271, 0.0458828828, 0.302065372, 0.569798767, 0.95521084, 0.55816286, 0.972187759, 0.0680679815, 0.53475902, 0.0320860943, 0.735568659, 0.29414828, 0.444932797, 0.195702293, 0.244780002, 0.868660023, 0.79982382, 0.238269024, 0.598958022, 0.586106524, 0.488995049, 0.680618805, 0.920899965, 0.0316579967, 0.573036336, 0.0859946658, 0.880807763, 0.321856926;0.646663297, 0.411832449, 0.0324382443, 0.35976577, 0.295389808, 0.827024064, 0.799983489, 0.839743668, 0.546124655, 0.168869769, 0.75097213, 0.00653137742, 0.240260111, 0.0737486881, 0.776496408, 0.282327719, 0.969023977, 0.494042884, 0.50960013, 0.294330991, 0.59243759, 0.760438006, 0.821468929, 0.584097807, 0.770115077, 0.694061193, 0.922400471, 0.789490948, 0.471868045, 0.877554703, 0.522302243, 0.760998262, 0.523751634, 0.344357342;0.717179605, 0.964002529, 0.339827357, 0.694332041, 0.699324704, 0.754322251, 0.484311289, 0.217233253, 0.947610279, 0.221330311, 0.400136746, 0.448132145, 0.790753902, 0.813658908, 0.278404696, 0.822608104, 0.77440916, 0.0397807383, 0.780682094, 0.960298223, 0.895989163, 0.686793603, 0.194267256, 0.940287895, 0.27193822, 0.644065716, 0.46196914, 0.440854754, 0.515180059, 0.380982041, 0.946117892, 0.700180829, 0.537514425, 0.454623012;0.347023734, 0.886645705, 0.575371882, 0.15988142, 0.536259993, 0.13130022, 0.10738158, 0.613549168, 0.895374392, 0.710521869, 0.863748307, 0.892180648, 0.0871516922, 0.502865883, 0.700426718, 0.161722413, 0.420976504, 0.152195261, 0.00762765059, 0.654855287, 0.829910511, 0.957893915, 0.21903403, 0.272017929, 0.00218024758, 0.857134205, 0.237663362, 0.605010922, 0.748367119, 0.645757995, 0.246863834, 0.568596913, 0.619944216, 0.942614016;0.0897764758, 0.0390530043, 0.795601352, 0.219103154, 0.0458879415, 0.50231746, 0.510526067, 0.915167202, 0.0440700328, 0.740424442, 0.140786946, 0.627128032, 