accuracy = 1e-06;
init_random = 42;
name = 'LogPlusOne';
data_type = 'double';
km_train = [1, 0.703692422, 0.679235838, 0.816113324, 0.590308426, 0.517598001, 0.506786944, 0.486710555, 0.50375166, 0.45708646, 0.624819138;0.703692422, 1, 0.560455714, 0.481892862, 0.47028099, 0.474309173, 0.362311856, 0.535524847, 0.447213684, 0.480528946, 0.699965147;0.679235838, 0.560455714, 1, 0.558893991, 0.392008355, 0.571887545, 0.582537205, 0.662488818, 0.371651739, 0.490856825, 0.628776348;0.816113324, 0.481892862, 0.558893991, 1, 0.726278071, 0.486494758, 0.543044932, 0.458218188, 0.375530557, 0.517352891, 0.554305644;0.590308426, 0.47028099, 0.392008355, 0.726278071, 1, 0.430728938, 0.465697549, 0.404525795, 0.357196153, 0.514047898, 0.357170783;0.517598001, 0.474309173, 0.571887545, 0.486494758, 0.430728938, 1, 0.340233081, 0.491299755, 0.488795072, 0.478134751, 0.478671542;0.506786944, 0.362311856, 0.582537205, 0.543044932, 0.465697549, 0.340233081, 1, 0.715717821, 0.337393466, 0.424977115, 0.468069059;0.486710555, 0.535524847, 0.662488818, 0.458218188, 0.404525795, 0.491299755, 0.715717821, 1, 0.347729423, 0.526973329, 0.70201332;0.50375166, 0.447213684, 0.371651739, 0.375530557, 0.357196153, 0.488795072, 0.337393466, 0.347729423, 1, 0.406451337, 0.425194266;0.45708646, 0.480528946, 0.490856825, 0.517352891, 0.514047898, 0.478134751, 0.424977115, 0.526973329, 0.406451337, 1, 0.599250805;0.624819138, 0.699965147, 0.628776348, 0.554305644, 0.357170783, 0.478671542, 0.468069059, 0.70201332, 0.425194266, 0.599250805, 1];
data_train = [0.449866557, 0.321641193, 0.0375981806, 0.687736485, 0.766497809, 0.0241738529, 0.864096192, 0.297250858, 0.114214202, 0.158703583, 0.245874088;0.866918502, 0.865858472, 0.625907473, 0.887397506, 0.496359152, 0.582132734, 0.148316673, 0.408439514, 0.265153334, 0.101326815, 0.890004973;0.435206975, 0.224882276, 0.450724664, 0.499963339, 0.126272743, 0.177308187, 0.572277246, 0.79206359, 0.175119331, 0.634194129, 0.862932173;0.610455794, 0.137001868, 0.358658774, 0.922552135, 0.92782772, 0.415645806, 0.389894306, 0.128718893, 0.34194045, 0.538736083, 0.279752235;0.169074565, 0.222851067, 0.487637798, 0.552395183, 0.964137163, 0.902696797, 0.414625514, 0.6047304, 0.0180526342, 0.802081873, 0.241991523;0.199563141, 0.42850837, 0.501758541, 0.458289187, 0.549087981, 0.0301564, 0.872671688, 0.845493662, 0.278209767, 0.827754368, 0.796660748;0.650391373, 0.0490622962, 0.848048763, 0.976636634, 0.400176723, 0.605177794, 0.908787956, 0.365734546, 0.595152818, 0.430844653, 0.345918382;0.536920483, 0.557791462, 0.0108857506, 0.721706209, 0.914592533, 0.383679042, 0.0490239377, 0.107964277, 0.89005043, 0.920821604, 0.400473479;0.699034634, 0.680688118, 0.684071426, 0.769289273, 0.709548506, 0.596342029, 0.75613784, 0.926153316, 0.0546088215, 0.540025723, 0.542644768;0.392433931, 0.225137228, 0.289175752, 0.443156159, 0.714152926, 0.592460595, 0.805567073, 0.799944173, 0.98320612, 0.123895452, 0.25444898;0.917968638, 0.716697395, 0.852654323, 0.662672464, 0.952093908, 0.11719196, 0.690865478, 0.430012182, 0.378193517, 0.394763101, 0.250371199];
feature_class = 'simple';
data_test = [0.290346387, 0.433975416, 0.402610187, 0.0529627544, 0.85584722, 0.137671988, 0.890624363, 0.572515412, 0.222002369, 0.199255711, 0.89154778, 0.349227934, 0.571540502, 0.493743992, 0.892932757, 0.944800875, 0.875127378;0.0291741594, 0.288490922, 0.769830182, 0.381523182, 0.370577523, 0.538162601, 0.515010471, 0.228217275, 0.195488958, 0.0405965969, 0.638837614, 0.797105195, 0.538941632, 0.493624673, 0.766535212, 0.574361963, 0.548335342;0.812883132, 0.872742507, 0.98429452, 0.76539323, 0.317355607, 0.887542602, 0.421504001, 0.948460345, 0.816075784, 0.570763848, 0.568276411, 0.518417365, 0.0480075107, 0.417665467, 0.524701858, 0.487668394, 0.603407129;0.217793558, 0.230968372, 0.82974908, 0.0271501019, 0.102694623, 0.0661724791, 0.832573297, 0.713406814, 0.386373071, 0.866023545, 0.603471834, 0.585443665, 0.5855585, 0.436002551, 0.585502711, 0.375204532, 0.334351225;0.453897874, 0.576240626, 0.120004309, 0.390043767, 0.492086486, 0.795600478, 0.959471085, 0.0597055226, 0.911437871, 0.349284261, 0.0955587604, 0.613752344, 0.556312105, 0.680487338, 0.191388909, 0.91644364, 0.29005633;0.563421873, 0.85602555, 0.94546869, 0.740401679, 0.971524563, 0.420613543, 0.222237237, 0.998225648, 0.134103942, 0.309687361, 0.789925522, 0.685061186, 0.241592447, 0.0743435918, 0.976199079, 0.408200923, 0.397424393;0.86994074, 0.0397838521, 0.741108141, 0.937542799, 0.10029727, 0.194242883, 0.0357991325, 0.0194703783, 0.501639992, 0.539666867, 0.00871504555, 0.698167078, 0.872218887, 0.0881120181, 0.127955659, 0.88960033, 0.712801196;0.739807381, 0.872125084, 0.640410291, 0.384650833, 0.959895226, 0.397811625, 0.0576453883, 0.727501809, 0.398877011, 0.581868597, 0.633219363, 0.254164179, 0.876149723, 0.793112042, 0.975574751, 0.365983486, 0.974336455;0.614985042, 0.785837024, 0.649380755, 0.198777198, 0.590346302, 0.380781786, 0.783626537, 0.0958499361, 0.357518409, 0.0583027513, 0.0402370717, 0.90789234, 0.296377439, 0.701848589, 0.873322719, 0.229048242, 0.858215419;0.362532639, 0.379555588, 0.365672101, 0.653155839, 0.710726184, 0.817495238, 0.879594367, 0.237011406, 0.241500012, 0.760742452, 0.717564255, 0.451740949, 0.798662738, 0.631520233, 0.530768539, 0.605930263, 0.76255621;0.978104742, 0.192045956, 0.879425577, 0.910155008, 0.1143189, 0.254111265, 0.603284557, 0.685620011, 0.247494067, 0.160102357, 0.695460789, 0.134677398, 0.834675522, 0.187128955, 0.663613436, 0.304064564, 0.054284972];
km_test = [0.580025833, 0.419795668, 0.734898599, 0.515860021, 0.374454465, 0.448440637, 0.480659703, 0.428123837, 0.506223826, 0.444357146, 0.510857269, 0.625876157, 0.703333745, 0.57679022, 0.619666042, 0.549822764, 0.573310096;0.460561382, 0.582773498, 0.493189918, 0.454229898, 0.550500025, 0.548894532, 0.431100415, 0.465835773, 0.457092308, 0.332474892, 0.541625691, 0.531681803, 0.484659183, 0.626037703, 0.648000809, 0.411879691, 0.458718877;0.594278491, 0.369441349, 0.570147011, 0.687623796, 0.27637506, 0.520570877, 0.407638655, 0.304919596, 0.573708553, 0.392804161, 0.301809021, 0.688158463, 0.47031063, 0.38890116, 0.348633221, 0.502119331, 0.347724123;0.540465725, 0.430550095, 0.746883597, 0.427405728, 0.403134844, 0.396125872, 0.481096991, 0.365398045, 0.489686707, 0.431606916, 0.434801375, 0.724105512, 0.714407438, 0.537184996, 0.628266411, 0.676101776, 0.651923592;0.466160293, 0.438913663, 0.473134207, 0.326321082, 0.488911666, 0.368955533, 0.601604734, 0.353032356, 0.405811619, 0.39659811, 0.465472708, 0.500933531, 0.760522676, 0.584797792, 0.623970916, 0.561382797, 0.479907685;0.393133313, 0.403266985, 0.294818629, 0.411239271, 0.368360764, 0.626503877, 0.455243474, 0.196979886, 0.709244562, 0.541643275, 0.244194921, 0.663383799, 0.555106828, 0.702129058, 0.274875487, 0.565641622, 0.481730546;0.613817694, 0.420847265, 0.532940334, 0.550327626, 0.433708653, 0.428970153, 0.500635182, 0.36224469, 0.441056072, 0.422079112, 0.401843971, 0.600874806, 0.467688726, 0.365433501, 0.454769673, 0.629002922, 0.503187647;0.578009064, 0.666485085, 0.504054215, 0.62446938, 0.554599382, 0.770944586, 0.537539956, 0.372788209, 0.566028967, 0.41353606, 0.397857124, 0.73174222, 0.367339498, 0.524604543, 0.492443268, 0.54549378, 0.517822313;0.466763278, 0.358109482, 0.372516971, 0.543782566, 0.424842017, 0.467193624, 0.24221185, 0.39667743, 0.434332329, 0.720593208, 0.481913703, 0.367701538, 0.638551642, 0.483055023, 0.350764253, 0.424226427, 0.477952668;0.719520068, 0.748398186, 0.533328037, 0.509485766, 0.528220416, 0.54937123, 0.331149243, 0.546748175, 0.714180586, 0.578273759, 0.377151508, 0.580289679, 0.444525754, 0.546914909, 0.484524696, 0.486177252, 0.471809408;0.516604514, 0.710859278, 0.695221086, 0.584860727, 0.5531308, 0.69344935, 0.375613497, 0.562128887, 0.585075079, 0.460227152, 0.537729621, 0.771437666, 0.379718167, 0.548924639, 0.614240691, 0.528553648, 0.581204522];
