accuracy = 1e-06;
init_random = 42;
name = 'LogPlusOne';
data_type = 'double';
km_train = [1, 0.482887586, 0.390698348, 0.238560558, 0.331285622, 0.482736316, 0.518826201, 0.420163425, 0.356066446, 0.324622162, 0.31415751;0.482887586, 1, 0.39558058, 0.485015799, 0.370862692, 0.31826277, 0.353989699, 0.504224484, 0.487875141, 0.565087697, 0.369386755;0.390698348, 0.39558058, 1, 0.410335344, 0.393643538, 0.724878476, 0.505489404, 0.342776709, 0.622624423, 0.370488234, 0.409287368;0.238560558, 0.485015799, 0.410335344, 1, 0.709576654, 0.485536823, 0.385017683, 0.420827601, 0.714300736, 0.653128779, 0.399323814;0.331285622, 0.370862692, 0.393643538, 0.709576654, 1, 0.606261572, 0.50008336, 0.61291212, 0.684443832, 0.7233583, 0.522968262;0.482736316, 0.31826277, 0.724878476, 0.485536823, 0.606261572, 1, 0.605069889, 0.352253999, 0.659284145, 0.37700344, 0.444110439;0.518826201, 0.353989699, 0.505489404, 0.385017683, 0.50008336, 0.605069889, 1, 0.333055404, 0.570059507, 0.420217604, 0.356992483;0.420163425, 0.504224484, 0.342776709, 0.420827601, 0.61291212, 0.352253999, 0.333055404, 1, 0.573099914, 0.753261203, 0.373813668;0.356066446, 0.487875141, 0.622624423, 0.714300736, 0.684443832, 0.659284145, 0.570059507, 0.573099914, 1, 0.638249967, 0.454942305;0.324622162, 0.565087697, 0.370488234, 0.653128779, 0.7233583, 0.37700344, 0.420217604, 0.753261203, 0.638249967, 1, 0.438262974;0.31415751, 0.369386755, 0.409287368, 0.399323814, 0.522968262, 0.444110439, 0.356992483, 0.373813668, 0.454942305, 0.438262974, 1];
data_train = [0.374540119, 0.950714306, 0.731993942, 0.598658484, 0.15601864, 0.15599452, 0.0580836122, 0.866176146, 0.601115012, 0.708072578, 0.0205844943;0.969909852, 0.832442641, 0.212339111, 0.181824967, 0.18340451, 0.304242243, 0.524756432, 0.431945019, 0.29122914, 0.611852895, 0.139493861;0.292144649, 0.366361843, 0.456069984, 0.785175961, 0.199673782, 0.514234438, 0.592414569, 0.0464504127, 0.607544852, 0.170524124, 0.065051593;0.948885537, 0.965632033, 0.808397348, 0.304613769, 0.097672114, 0.684233027, 0.440152494, 0.122038235, 0.49517691, 0.0343885211, 0.909320402;0.258779982, 0.662522284, 0.311711076, 0.520068021, 0.546710279, 0.184854456, 0.969584628, 0.775132823, 0.939498942, 0.89482735, 0.597899979;0.921874235, 0.0884925021, 0.195982862, 0.0452272889, 0.325330331, 0.38867729, 0.271349032, 0.828737509, 0.356753327, 0.28093451, 0.542696083;0.140924225, 0.802196981, 0.0745506437, 0.986886937, 0.772244769, 0.198715682, 0.00552211712, 0.815461428, 0.706857344, 0.729007168, 0.771270347;0.0740446517, 0.358465729, 0.11586906, 0.863103426, 0.623298127, 0.330898025, 0.0635583503, 0.310982322, 0.325183322, 0.729606178, 0.637557471;0.887212743, 0.472214925, 0.119594246, 0.713244787, 0.760785049, 0.561277198, 0.77096718, 0.493795596, 0.522732829, 0.427541018, 0.0254191267;0.107891427, 0.0314291857, 0.636410411, 0.314355981, 0.508570691, 0.907566474, 0.249292229, 0.410382923, 0.755551139, 0.228798165, 0.0769799098;0.289751453, 0.161221287, 0.929697652, 0.80812038, 0.633403757, 0.87146059, 0.803672077, 0.186570059, 0.892558998, 0.539342242, 0.807440155];
feature_class = 'simple';
data_test = [0.8960913, 0.318003475, 0.110051925, 0.227935163, 0.427107789, 0.818014766, 0.860730583, 0.00695213053, 0.510747303, 0.417411003, 0.22210781, 0.119865367, 0.337615171, 0.942909704, 0.323202932, 0.518790622, 0.703018959;0.363629602, 0.971782083, 0.962447295, 0.251782296, 0.497248506, 0.30087831, 0.284840494, 0.0368869474, 0.609564334, 0.502679023, 0.0514787512, 0.278646464, 0.908265886, 0.239561891, 0.144894872, 0.48945276, 0.985650454;0.242055272, 0.672135547, 0.761619615, 0.237637544, 0.728216349, 0.367783133, 0.632305831, 0.633529711, 0.535774684, 0.0902897701, 0.835302496, 0.320780065, 0.18651851, 0.0407751416, 0.590892943, 0.677564362, 0.0165878289;0.512093058, 0.226495775, 0.64517279, 0.174366429, 0.690937738, 0.386735346, 0.936729989, 0.137520944, 0.341066351, 0.113473521, 0.924693618, 0.877339353, 0.257941628, 0.659984046, 0.8172222, 0.555200812, 0.529650578;0.241852291, 0.0931027678, 0.897215758, 0.900418057, 0.633101457, 0.339029791, 0.349209575, 0.725955679, 0.89711026, 0.887086424, 0.779875546, 0.642031646, 0.084139965, 0.161628714, 0.898554189, 0.60642906, 0.00919705162;0.101471543, 0.663501769, 0.00506158385, 0.160808051, 0.548733789, 0.691895198, 0.65196126, 0.224269309, 0.712179221, 0.237249087, 0.325399698, 0.746491405, 0.649632899, 0.84922341, 0.657612892, 0.568308603, 0.0936747678;0.367715803, 0.265202368, 0.243989643, 0.973010555, 0.393097725, 0.892046555, 0.631138626, 0.794811304, 0.502637093, 0.576903885, 0.492517694, 0.195242988, 0.722452115, 0.280772362, 0.0243159664, 0.645472296, 0.177110679;0.940458584, 0.953928577, 0.91486439, 0.3701587, 0.0154566165, 0.928318563, 0.428184148, 0.966654819, 0.963619977, 0.853009455, 0.294448892, 0.385097729, 0.851136672, 0.316922005, 0.169492747, 0.556801262, 0.936154774;0.696029797, 0.57006117, 0.0971764938, 0.615007227, 0.99005385, 0.140084015, 0.518329652, 0.877373072, 0.740768618, 0.697015741, 0.702484084, 0.359491151, 0.293591844, 0.809361155, 0.810113395, 0.867072319, 0.913240553;0.511342399, 0.501516295, 0.798295179, 0.649963931, 0.701966877, 0.795792669, 0.890005342, 0.337995157, 0.375582953, 0.0939819398, 0.578280141, 0.0359422738, 0.465598018, 0.542644635, 0.286541252, 0.590833261, 0.0305002499;0.0373481887, 0.822600561, 0.360190641, 0.127060513, 0.52224326, 0.769993553, 0.215821027, 0.622890476, 0.085347465, 0.0516817212, 0.531354632, 0.540635122, 0.637429901, 0.726091334, 0.975852079, 0.516300348, 0.322956473];
km_test = [0.382640213, 0.457606867, 0.256576111, 0.295969592, 0.630550172, 0.269080332, 0.471674502, 0.220149922, 0.463046608, 0.358917497, 0.41284497, 0.647811949, 0.438153865, 0.574053698, 0.53092283, 0.541057649, 0.479053393;0.589958275, 0.3156609, 0.393791634, 0.474321264, 0.469627674, 0.380038509, 0.530795523, 0.290453882, 0.535733825, 0.560153699, 0.44388359, 0.464642289, 0.408318336, 0.38539902, 0.335266193, 0.567723139, 0.506164528;0.428307991, 0.403627682, 0.404458366, 0.336968348, 0.560042654, 0.497330069, 0.561092178, 0.276048962, 0.300174832, 0.253584433, 0.575294949, 0.533845934, 0.391681012, 0.585157879, 0.596202432, 0.500782324, 0.302944754;0.550647839, 0.486989801, 0.40226326, 0.580737389, 0.468384173, 0.598620088, 0.500115153, 0.758173846, 0.531565663, 0.514927525, 0.609234927, 0.397320013, 0.483085968, 0.389568982, 0.403487979, 0.715808816, 0.358807566;0.531854532, 0.537192044, 0.390720046, 0.801353405, 0.531079301, 0.593584592, 0.471983675, 0.84160602, 0.59958812, 0.669281824, 0.596010713, 0.523831625, 0.628955572, 0.509394588, 0.466269119, 0.710567047, 0.377257651;0.463621668, 0.63448001, 0.479651925, 0.449374356, 0.712908893, 0.531479043, 0.613793863, 0.478580771, 0.4164056, 0.31045077, 0.713843783, 0.59539725, 0.552814479, 0.620194751, 0.649179247, 0.686939609, 0.350151928;0.298573428, 0.422940964, 0.440739601, 0.434137204, 0.691433252, 0.25220812, 0.332973491, 0.449651099, 0.423481493, 0.393544082, 0.630908054, 0.657671714, 0.320675202, 0.372967312, 0.793924231, 0.55594984, 0.287953394;0.522640047, 0.375561072, 0.261632755, 0.672020069, 0.495162903, 0.579882043, 0.558817422, 0.379443344, 0.671988517, 0.675314132, 0.393774582, 0.452731672, 0.547133176, 0.575613759, 0.356902474, 0.62166456, 0.336597771;0.460503353, 0.474170215, 0.484286131, 0.647851361, 0.756570879, 0.673678045, 0.67638749, 0.575994053, 0.568396251, 0.44041625, 0.78427795, 0.525487902, 0.48213291, 0.541924324, 0.640686154, 0.83894273, 0.259514652;0.56536024, 0.502773037, 0.429535627, 0.674395819, 0.421712858, 0.610619509, 0.424704566, 0.554460155, 0.687030268, 0.809791906, 0.40425721, 0.458597973, 0.631454165, 0.440900861, 0.365326727, 0.639454674, 0.457441971;0.300450404, 0.324197558, 0.341690347, 0.410805489, 0.311112059, 0.488513241, 0.354627219, 0.442716952, 0.358100041, 0.390563997, 0.478312113, 0.732267553, 0.490727237, 0.373268169, 0.419800128, 0.424330674, 0.256067895];
