init_random = 42;
kernel_feature_type = 'Real';
kernel_arg0_width = 1.2;
preproc_name = 'LogPlusOne';
kernel_accuracy = 1e-08;
kernel_data_train = [0.3745401, 0.9507143, 0.7319939, 0.5986585, 0.1560186, 0.1559945, 0.0580836, 0.8661761, 0.601115, 0.7080726, 0.0205845;0.9699099, 0.8324426, 0.2123391, 0.181825, 0.1834045, 0.3042422, 0.5247564, 0.431945, 0.2912291, 0.6118529, 0.1394939;0.2921446, 0.3663618, 0.45607, 0.785176, 0.1996738, 0.5142344, 0.5924146, 0.0464504, 0.6075449, 0.1705241, 0.0650516;0.9488855, 0.965632, 0.8083973, 0.3046138, 0.0976721, 0.684233, 0.4401525, 0.1220382, 0.4951769, 0.0343885, 0.9093204;0.25878, 0.6625223, 0.3117111, 0.520068, 0.5467103, 0.1848545, 0.9695846, 0.7751328, 0.9394989, 0.8948274, 0.5979;0.9218742, 0.0884925, 0.1959829, 0.0452273, 0.3253303, 0.3886773, 0.271349, 0.8287375, 0.3567533, 0.2809345, 0.5426961;0.1409242, 0.802197, 0.0745506, 0.9868869, 0.7722448, 0.1987157, 0.0055221, 0.8154614, 0.7068573, 0.7290072, 0.7712703;0.0740447, 0.3584657, 0.1158691, 0.8631034, 0.6232981, 0.330898, 0.0635584, 0.3109823, 0.3251833, 0.7296062, 0.6375575;0.8872127, 0.4722149, 0.1195942, 0.7132448, 0.760785, 0.5612772, 0.7709672, 0.4937956, 0.5227328, 0.427541, 0.0254191;0.1078914, 0.0314292, 0.6364104, 0.314356, 0.5085707, 0.9075665, 0.2492922, 0.4103829, 0.7555511, 0.2287982, 0.0769799;0.2897515, 0.1612213, 0.9296977, 0.8081204, 0.6334038, 0.8714606, 0.8036721, 0.1865701, 0.892559, 0.5393422, 0.8074402];
kernel_matrix_train = [1, 0.482887591, 0.390698342, 0.23856058, 0.331285614, 0.482736309, 0.518826205, 0.420163434, 0.35606645, 0.324622161, 0.314157532;0.482887591, 1, 0.395580566, 0.485015817, 0.370862692, 0.31826277, 0.353989701, 0.504224493, 0.487875157, 0.565087701, 0.369386769;0.390698342, 0.395580566, 1, 0.410335354, 0.393643535, 0.724878474, 0.505489408, 0.34277671, 0.622624446, 0.370488214, 0.409287384;0.23856058, 0.485015817, 0.410335354, 1, 0.709576643, 0.485536846, 0.385017712, 0.420827606, 0.714300767, 0.653128749, 0.399323801;0.331285614, 0.370862692, 0.393643535, 0.709576643, 1, 0.606261594, 0.500083368, 0.612912117, 0.684443834, 0.723358273, 0.522968253;0.482736309, 0.31826277, 0.724878474, 0.485536846, 0.606261594, 1, 0.605069905, 0.352254023, 0.659284182, 0.377003423, 0.444110448;0.518826205, 0.353989701, 0.505489408, 0.385017712, 0.500083368, 0.605069905, 1, 0.333055402, 0.570059517, 0.420217573, 0.35699249;0.420163434, 0.504224493, 0.34277671, 0.420827606, 0.612912117, 0.352254023, 0.333055402, 1, 0.573099903, 0.753261222, 0.373813672;0.35606645, 0.487875157, 0.622624446, 0.714300767, 0.684443834, 0.659284182, 0.570059517, 0.573099903, 1, 0.638249942, 0.454942307;0.324622161, 0.565087701, 0.370488214, 0.653128749, 0.723358273, 0.377003423, 0.420217573, 0.753261222, 0.638249942, 1, 0.438262956;0.314157532, 0.369386769, 0.409287384, 0.399323801, 0.522968253, 0.444110448, 0.35699249, 0.373813672, 0.454942307, 0.438262956, 1];
kernel_name = 'Gaussian';
kernel_feature_class = 'simple';
kernel_matrix_test = [0.382640211, 0.457606901, 0.256576127, 0.295969591, 0.63055014, 0.269080312, 0.471674513, 0.220149906, 0.463046609, 0.358917505, 0.412844995, 0.647812025, 0.438153879, 0.574053704, 0.530922849, 0.541057632, 0.479053434;0.589958286, 0.315660907, 0.393791617, 0.474321287, 0.469627658, 0.380038494, 0.53079554, 0.29045385, 0.535733825, 0.560153701, 0.443883627, 0.464642328, 0.408318348, 0.385399038, 0.3352662, 0.567723136, 0.506164533;0.428307979, 0.403627693, 0.404458362, 0.336968321, 0.560042623, 0.497330048, 0.561092146, 0.27604895, 0.300174851, 0.253584419, 0.575294937, 0.533845971, 0.391681015, 0.58515783, 0.596202447, 0.500782291, 0.302944722;0.550647857, 0.486989833, 0.402263244, 0.58073736, 0.468384185, 0.598620081, 0.500115154, 0.758173797, 0.53156569, 0.514927512, 0.609234958, 0.397320035, 0.483085976, 0.389568995, 0.40348799, 0.715808828, 0.358807567;0.531854486, 0.537192039, 0.390720038, 0.801353399, 0.531079291, 0.593584568, 0.471983647, 0.841606026, 0.599588099, 0.669281783, 0.59601073, 0.523831618, 0.62895555, 0.509394567, 0.466269125, 0.710567014, 0.377257612;0.463621658, 0.634479981, 0.479651906, 0.449374349, 0.712908892, 0.531479011, 0.613793846, 0.478580772, 0.416405621, 0.310450761, 0.713843813, 0.595397287, 0.552814447, 0.620194727, 0.649179281, 0.686939593, 0.35015188;0.298573436, 0.422940973, 0.440739608, 0.434137172, 0.691433241, 0.252208096, 0.332973493, 0.449651104, 0.423481502, 0.393544066, 0.630908079, 0.657671732, 0.320675197, 0.372967294, 0.793924251, 0.555949828, 0.287953399;0.522640009, 0.375561098, 0.261632745, 0.672020117, 0.495162909, 0.57988203, 0.558817423, 0.379443335, 0.671988492, 0.675314122, 0.393774598, 0.452731697, 0.5471332, 0.575613791, 0.356902499, 0.621664549, 0.336597782;0.460503358, 0.474170235, 0.484286115, 0.647851346, 0.756570885, 0.673678017, 0.676387481, 0.575994042, 0.568396273, 0.440416226, 0.784277972, 0.525487939, 0.482132903, 0.541924305, 0.640686195, 0.838942713, 0.259514648;0.565360222, 0.502773026, 0.429535603, 0.67439585, 0.421712836, 0.610619496, 0.424704553, 0.554460104, 0.687030262, 0.809791899, 0.404257208, 0.458597944, 0.631454171, 0.44090085, 0.365326702, 0.639454649, 0.457441958;0.300450393, 0.324197578, 0.341690347, 0.410805471, 0.311112042, 0.488513223, 0.354627202, 0.44271691, 0.358100056, 0.39056399, 0.478312106, 0.732267533, 0.490727247, 0.37326816, 0.419800137, 0.424330654, 0.256067897];
kernel_data_test = [0.8960913, 0.3180035, 0.1100519, 0.2279352, 0.4271078, 0.8180148, 0.8607306, 0.0069521, 0.5107473, 0.417411, 0.2221078, 0.1198654, 0.3376152, 0.9429097, 0.3232029, 0.5187906, 0.703019;0.3636296, 0.9717821, 0.9624473, 0.2517823, 0.4972485, 0.3008783, 0.2848405, 0.0368869, 0.6095643, 0.502679, 0.0514788, 0.2786465, 0.9082659, 0.2395619, 0.1448949, 0.4894528, 0.9856505;0.2420553, 0.6721355, 0.7616196, 0.2376375, 0.7282163, 0.3677831, 0.6323058, 0.6335297, 0.5357747, 0.0902898, 0.8353025, 0.3207801, 0.1865185, 0.0407751, 0.5908929, 0.6775644, 0.0165878;0.5120931, 0.2264958, 0.6451728, 0.1743664, 0.6909377, 0.3867353, 0.93673, 0.1375209, 0.3410664, 0.1134735, 0.9246936, 0.8773394, 0.2579416, 0.659984, 0.8172222, 0.5552008, 0.5296506;0.2418523, 0.0931028, 0.8972158, 0.9004181, 0.6331015, 0.3390298, 0.3492096, 0.7259557, 0.8971103, 0.8870864, 0.7798755, 0.6420316, 0.08414, 0.1616287, 0.8985542, 0.6064291, 0.0091971;0.1014715, 0.6635018, 0.0050616, 0.1608081, 0.5487338, 0.6918952, 0.6519613, 0.2242693, 0.7121792, 0.2372491, 0.3253997, 0.7464914, 0.6496329, 0.8492234, 0.6576129, 0.5683086, 0.0936748;0.3677158, 0.2652024, 0.2439896, 0.9730106, 0.3930977, 0.8920466, 0.6311386, 0.7948113, 0.5026371, 0.5769039, 0.4925177, 0.195243, 0.7224521, 0.2807724, 0.024316, 0.6454723, 0.1771107;0.9404586, 0.9539286, 0.9148644, 0.3701587, 0.0154566, 0.9283186, 0.4281841, 0.9666548, 0.96362, 0.8530095, 0.2944489, 0.3850977, 0.8511367, 0.316922, 0.1694927, 0.5568013, 0.9361548;0.6960298, 0.5700612, 0.0971765, 0.6150072, 0.9900539, 0.140084, 0.5183297, 0.8773731, 0.7407686, 0.6970157, 0.7024841, 0.3594912, 0.2935918, 0.8093612, 0.8101134, 0.8670723, 0.9132406;0.5113424, 0.5015163, 0.7982952, 0.6499639, 0.7019669, 0.7957927, 0.8900053, 0.3379952, 0.375583, 0.0939819, 0.5782801, 0.0359423, 0.465598, 0.5426446, 0.2865413, 0.5908333, 0.0305002;0.0373482, 0.8226006, 0.3601906, 0.1270605, 0.5222433, 0.7699936, 0.215821, 0.6228905, 0.0853475, 0.0516817, 0.5313546, 0.5406351, 0.6374299, 0.7260913, 0.9758521, 0.5163003, 0.3229565];
