accuracy = 1e-06
init_random = 42
name = 'NormOne'
data_type = 'double'
km_train = [1, 0.841041475, 0.827420545, 0.928057589, 0.79840076, 0.663868994, 0.707989908, 0.655845555, 0.632982011, 0.624006195, 0.734821648;0.841041475, 1, 0.696560723, 0.752897578, 0.741346312, 0.571234392, 0.582795011, 0.668698098, 0.517400925, 0.612293183, 0.764949738;0.827420545, 0.696560723, 1, 0.808169519, 0.678322211, 0.690991837, 0.768214386, 0.763800547, 0.500339351, 0.639516623, 0.722918566;0.928057589, 0.752897578, 0.808169519, 1, 0.863925564, 0.762483355, 0.769732613, 0.691857335, 0.649919965, 0.741444085, 0.763934169;0.79840076, 0.741346312, 0.678322211, 0.863925564, 1, 0.727377614, 0.722378609, 0.668144776, 0.651634775, 0.768616204, 0.60901411;0.663868994, 0.571234392, 0.690991837, 0.762483355, 0.727377614, 1, 0.579219875, 0.656769981, 0.572170488, 0.633492296, 0.580997294;0.707989908, 0.582795011, 0.768214386, 0.769732613, 0.722378609, 0.579219875, 1, 0.839310067, 0.569097504, 0.640780706, 0.663177227;0.655845555, 0.668698098, 0.763800547, 0.691857335, 0.668144776, 0.656769981, 0.839310067, 1, 0.515740979, 0.693758781, 0.799220204;0.632982011, 0.517400925, 0.500339351, 0.649919965, 0.651634775, 0.572170488, 0.569097504, 0.515740979, 1, 0.557539784, 0.510040884;0.624006195, 0.612293183, 0.639516623, 0.741444085, 0.768616204, 0.633492296, 0.640780706, 0.693758781, 0.557539784, 1, 0.70919095;0.734821648, 0.764949738, 0.722918566, 0.763934169, 0.60901411, 0.580997294, 0.663177227, 0.799220204, 0.510040884, 0.70919095, 1]
name_kernel = 'Gaussian'
data_train = [0.449866557, 0.321641193, 0.0375981806, 0.687736485, 0.766497809, 0.0241738529, 0.864096192, 0.297250858, 0.114214202, 0.158703583, 0.245874088;0.866918502, 0.865858472, 0.625907473, 0.887397506, 0.496359152, 0.582132734, 0.148316673, 0.408439514, 0.265153334, 0.101326815, 0.890004973;0.435206975, 0.224882276, 0.450724664, 0.499963339, 0.126272743, 0.177308187, 0.572277246, 0.79206359, 0.175119331, 0.634194129, 0.862932173;0.610455794, 0.137001868, 0.358658774, 0.922552135, 0.92782772, 0.415645806, 0.389894306, 0.128718893, 0.34194045, 0.538736083, 0.279752235;0.169074565, 0.222851067, 0.487637798, 0.552395183, 0.964137163, 0.902696797, 0.414625514, 0.6047304, 0.0180526342, 0.802081873, 0.241991523;0.199563141, 0.42850837, 0.501758541, 0.458289187, 0.549087981, 0.0301564, 0.872671688, 0.845493662, 0.278209767, 0.827754368, 0.796660748;0.650391373, 0.0490622962, 0.848048763, 0.976636634, 0.400176723, 0.605177794, 0.908787956, 0.365734546, 0.595152818, 0.430844653, 0.345918382;0.536920483, 0.557791462, 0.0108857506, 0.721706209, 0.914592533, 0.383679042, 0.0490239377, 0.107964277, 0.89005043, 0.920821604, 0.400473479;0.699034634, 0.680688118, 0.684071426, 0.769289273, 0.709548506, 0.596342029, 0.75613784, 0.926153316, 0.0546088215, 0.540025723, 0.542644768;0.392433931, 0.225137228, 0.289175752, 0.443156159, 0.714152926, 0.592460595, 0.805567073, 0.799944173, 0.98320612, 0.123895452, 0.25444898;0.917968638, 0.716697395, 0.852654323, 0.662672464, 0.952093908, 0.11719196, 0.690865478, 0.430012182, 0.378193517, 0.394763101, 0.250371199]
feature_class = 'simple'
data_test = [0.290346387, 0.433975416, 0.402610187, 0.0529627544, 0.85584722, 0.137671988, 0.890624363, 0.572515412, 0.222002369, 0.199255711, 0.89154778, 0.349227934, 0.571540502, 0.493743992, 0.892932757, 0.944800875, 0.875127378;0.0291741594, 0.288490922, 0.769830182, 0.381523182, 0.370577523, 0.538162601, 0.515010471, 0.228217275, 0.195488958, 0.0405965969, 0.638837614, 0.797105195, 0.538941632, 0.493624673, 0.766535212, 0.574361963, 0.548335342;0.812883132, 0.872742507, 0.98429452, 0.76539323, 0.317355607, 0.887542602, 0.421504001, 0.948460345, 0.816075784, 0.570763848, 0.568276411, 0.518417365, 0.0480075107, 0.417665467, 0.524701858, 0.487668394, 0.603407129;0.217793558, 0.230968372, 0.82974908, 0.0271501019, 0.102694623, 0.0661724791, 0.832573297, 0.713406814, 0.386373071, 0.866023545, 0.603471834, 0.585443665, 0.5855585, 0.436002551, 0.585502711, 0.375204532, 0.334351225;0.453897874, 0.576240626, 0.120004309, 0.390043767, 0.492086486, 0.795600478, 0.959471085, 0.0597055226, 0.911437871, 0.349284261, 0.0955587604, 0.613752344, 0.556312105, 0.680487338, 0.191388909, 0.91644364, 0.29005633;0.563421873, 0.85602555, 0.94546869, 0.740401679, 0.971524563, 0.420613543, 0.222237237, 0.998225648, 0.134103942, 0.309687361, 0.789925522, 0.685061186, 0.241592447, 0.0743435918, 0.976199079, 0.408200923, 0.397424393;0.86994074, 0.0397838521, 0.741108141, 0.937542799, 0.10029727, 0.194242883, 0.0357991325, 0.0194703783, 0.501639992, 0.539666867, 0.00871504555, 0.698167078, 0.872218887, 0.0881120181, 0.127955659, 0.88960033, 0.712801196;0.739807381, 0.872125084, 0.640410291, 0.384650833, 0.959895226, 0.397811625, 0.0576453883, 0.727501809, 0.398877011, 0.581868597, 0.633219363, 0.254164179, 0.876149723, 0.793112042, 0.975574751, 0.365983486, 0.974336455;0.614985042, 0.785837024, 0.649380755, 0.198777198, 0.590346302, 0.380781786, 0.783626537, 0.0958499361, 0.357518409, 0.0583027513, 0.0402370717, 0.90789234, 0.296377439, 0.701848589, 0.873322719, 0.229048242, 0.858215419;0.362532639, 0.379555588, 0.365672101, 0.653155839, 0.710726184, 0.817495238, 0.879594367, 0.237011406, 0.241500012, 0.760742452, 0.717564255, 0.451740949, 0.798662738, 0.631520233, 0.530768539, 0.605930263, 0.76255621;0.978104742, 0.192045956, 0.879425577, 0.910155008, 0.1143189, 0.254111265, 0.603284557, 0.685620011, 0.247494067, 0.160102357, 0.695460789, 0.134677398, 0.834675522, 0.187128955, 0.663613436, 0.304064564, 0.054284972]
km_test = [0.753909968, 0.601329032, 0.870864718, 0.700845693, 0.568824514, 0.601240571, 0.685878161, 0.615521247, 0.620302145, 0.603060911, 0.70318799, 0.768663083, 0.828638912, 0.709185847, 0.795338727, 0.693732818, 0.739014048;0.637075654, 0.687073961, 0.75498292, 0.599538734, 0.670406743, 0.614858591, 0.62498827, 0.599788809, 0.509304846, 0.425063312, 0.696541674, 0.698667131, 0.668766863, 0.706532968, 0.858566969, 0.567978919, 0.663924216;0.779887351, 0.55623793, 0.809504569, 0.818862454, 0.474755948, 0.633212488, 0.620417448, 0.515811968, 0.666140279, 0.53220845, 0.528287908, 0.81099861, 0.688394919, 0.54850682, 0.619008772, 0.673756185, 0.580146892;0.76491918, 0.676304718, 0.875558643, 0.69441239, 0.658315983, 0.645763268, 0.73364506, 0.640285737, 0.731766383, 0.715466214, 0.708362774, 0.878223238, 0.868275053, 0.776070227, 0.812678236, 0.830761597, 0.828128007;0.722743911, 0.696418367, 0.732445684, 0.617740328, 0.736822418, 0.645105285, 0.829501971, 0.645328165, 0.686269365, 0.696744653, 0.743914561, 0.733288017, 0.887611389, 0.834962327, 0.818383756, 0.769362421, 0.73351483;0.580077364, 0.568059254, 0.566980361, 0.571034648, 0.540911344, 0.724364262, 0.69558547, 0.367831785, 0.762554606, 0.630595858, 0.443519477, 0.801542383, 0.729237674, 0.787805754, 0.540632148, 0.738300172, 0.677168194;0.783615761, 0.651258372, 0.767273942, 0.766632823, 0.675619742, 0.640800344, 0.719463247, 0.61954991, 0.633225331, 0.638708058, 0.674426472, 0.774554051, 0.705792811, 0.596814568, 0.717695637, 0.79430542, 0.73445074;0.729723868, 0.802330109, 0.744946543, 0.748774894, 0.712114292, 0.848556224, 0.723396943, 0.597121393, 0.69347233, 0.579121629, 0.62118013, 0.838807309, 0.582921736, 0.685597312, 0.726737974, 0.687365005, 0.709688902;0.635627811, 0.525375506, 0.6209825, 0.670572371, 0.613077132, 0.578150096, 0.468439633, 0.536792543, 0.485859545, 0.772857811, 0.644613297, 0.528053308, 0.8156348, 0.616265316, 0.611905911, 0.58389971, 0.699768925;0.810940005, 0.864471252, 0.76437434, 0.670929897, 0.718208222, 0.68548576, 0.571506232, 0.73088239, 0.796711516, 0.693006961, 0.601267311, 0.726124437, 0.654625295, 0.706977095, 0.733885464, 0.65588758, 0.682236948;0.668451306, 0.804981431, 0.878140737, 0.705392542, 0.680929297, 0.760353265, 0.573283524, 0.717150791, 0.650761691, 0.561110181, 0.702041607, 0.848804518, 0.563570495, 0.648873126, 0.803510032, 0.653621626, 0.722886458]
