accuracy = 1e-06;
init_random = 42;
name = 'NormOne';
data_type = 'double';
km_train = [1, 0.584050224, 0.629746778, 0.791758972, 0.433118838, 0.751633789, 0.638524359, 0.726797783, 0.681957314, 0.673511241, 0.70255953;0.584050224, 1, 0.601028924, 0.715246356, 0.639472619, 0.610884505, 0.577077961, 0.709956478, 0.623156146, 0.563372259, 0.645316415;0.629746778, 0.601028924, 1, 0.63987433, 0.501044287, 0.655414452, 0.439179232, 0.728541976, 0.681235277, 0.841721892, 0.617057649;0.791758972, 0.715246356, 0.63987433, 1, 0.564021227, 0.701827968, 0.520227977, 0.611264091, 0.621999231, 0.669184712, 0.711375834;0.433118838, 0.639472619, 0.501044287, 0.564021227, 1, 0.56870158, 0.365040175, 0.503898171, 0.624426664, 0.486942935, 0.776760931;0.751633789, 0.610884505, 0.655414452, 0.701827968, 0.56870158, 1, 0.711974487, 0.801638522, 0.819435962, 0.680631572, 0.652423418;0.638524359, 0.577077961, 0.439179232, 0.520227977, 0.365040175, 0.711974487, 1, 0.798197797, 0.671852251, 0.50425329, 0.508253839;0.726797783, 0.709956478, 0.728541976, 0.611264091, 0.503898171, 0.801638522, 0.798197797, 1, 0.848602934, 0.805054751, 0.686560165;0.681957314, 0.623156146, 0.681235277, 0.621999231, 0.624426664, 0.819435962, 0.671852251, 0.848602934, 1, 0.746465426, 0.826826242;0.673511241, 0.563372259, 0.841721892, 0.669184712, 0.486942935, 0.680631572, 0.50425329, 0.805054751, 0.746465426, 1, 0.681802449;0.70255953, 0.645316415, 0.617057649, 0.711375834, 0.776760931, 0.652423418, 0.508253839, 0.686560165, 0.826826242, 0.681802449, 1];
data_train = [0.795186195, 0.270832251, 0.438971421, 0.0784563813, 0.0253507434, 0.962648415, 0.835980121, 0.695974206, 0.408952944, 0.17329432, 0.156437043;0.250242898, 0.549226665, 0.714595923, 0.660197377, 0.279933897, 0.954865281, 0.737896917, 0.554354053, 0.611720746, 0.419600062, 0.24773099;0.355972679, 0.75784611, 0.0143934886, 0.116072641, 0.046002642, 0.0407288023, 0.855460584, 0.703657859, 0.474173829, 0.0978341607, 0.491615875;0.473471771, 0.17320187, 0.433851649, 0.398504734, 0.615850098, 0.635093651, 0.0453040098, 0.374612615, 0.625859916, 0.503136259, 0.856489841;0.658693632, 0.162934427, 0.0705687474, 0.642419278, 0.0265113105, 0.585775581, 0.940230241, 0.575474178, 0.388169926, 0.643288218, 0.45825289;0.545616789, 0.941464809, 0.386102638, 0.961190564, 0.905350642, 0.195791135, 0.0693613009, 0.100778001, 0.0182218257, 0.0944429608, 0.683006773;0.0711886485, 0.31897563, 0.844875311, 0.0232719357, 0.814468483, 0.281854775, 0.118164828, 0.696737165, 0.628942847, 0.877472014, 0.735071044;0.80348093, 0.282034573, 0.177439544, 0.750614752, 0.806834739, 0.990505142, 0.412617677, 0.372018086, 0.776412961, 0.34080354, 0.930757326;0.858412752, 0.428994027, 0.750871068, 0.754542874, 0.103123869, 0.902552907, 0.505252372, 0.826457466, 0.320049601, 0.895523228, 0.389201679;0.0108376515, 0.905381976, 0.0912866768, 0.319313638, 0.950061967, 0.950607147, 0.573437888, 0.631837212, 0.448445522, 0.293210772, 0.328664545;0.672518456, 0.752374529, 0.791579044, 0.789618143, 0.091206103, 0.494420305, 0.05755876, 0.549528882, 0.441530501, 0.887704183, 0.350915013];
feature_class = 'simple';
data_test = [0.117067016, 0.142991682, 0.761510632, 0.618218063, 0.101122676, 0.0841068061, 0.700969131, 0.0727630064, 0.821860059, 0.706242227, 0.0813487806, 0.0848377141, 0.986639579, 0.374270796, 0.370642147, 0.812799567, 0.947248577;0.986001064, 0.753378185, 0.376259586, 0.0835007167, 0.777146916, 0.55840425, 0.424222009, 0.906354385, 0.111197482, 0.492625104, 0.0113536448, 0.468660642, 0.0563032757, 0.118817916, 0.117526247, 0.649210302, 0.746044879;0.583368765, 0.962172548, 0.37487058, 0.285712086, 0.868599128, 0.223595839, 0.963222539, 0.0121544747, 0.969878827, 0.043159912, 0.891143114, 0.527701109, 0.992964796, 0.0737965647, 0.553854284, 0.969302536, 0.523097844;0.629398638, 0.695748689, 0.454541065, 0.62755808, 0.584314312, 0.90115801, 0.0454463803, 0.28096319, 0.950411484, 0.890263784, 0.455656753, 0.620132598, 0.277381183, 0.18812116, 0.463698405, 0.353352228, 0.583656112;0.077734637, 0.974394808, 0.986210744, 0.698161714, 0.536096366, 0.309527616, 0.81379502, 0.684731173, 0.162616939, 0.910927184, 0.822537243, 0.949799913, 0.725719508, 0.613415196, 0.418243036, 0.932728483, 0.86606389;0.0452186701, 0.0263669745, 0.376463367, 0.810553331, 0.987276129, 0.150416891, 0.594130715, 0.380890857, 0.969914398, 0.842118923, 0.838328705, 0.46869316, 0.414819502, 0.273407072, 0.0563754967, 0.864722376, 0.812901009;0.999717673, 0.996636837, 0.555431706, 0.768987415, 0.94476573, 0.849647391, 0.247348102, 0.450544135, 0.129159415, 0.954051027, 0.606174634, 0.228642806, 0.671700684, 0.61812824, 0.358162718, 0.113557592, 0.671573196;0.520307701, 0.772318392, 0.520163501, 0.8521815, 0.551906839, 0.560937972, 0.876653603, 0.403482866, 0.134015228, 0.0287826763, 0.755137256, 0.620309551, 0.704079768, 0.212964162, 0.136371476, 0.0145446657, 0.350587559;0.589917687, 0.392244045, 0.437474922, 0.904158694, 0.348255467, 0.513989489, 0.783653013, 0.396542782, 0.6220867, 0.862363709, 0.949520624, 0.147073481, 0.926587625, 0.492116293, 0.258244388, 0.459135756, 0.980032575;0.492618094, 0.32875161, 0.633400854, 0.240145619, 0.0758633281, 0.128879722, 0.128045839, 0.151902694, 0.138827173, 0.640874745, 0.181880084, 0.345667283, 0.89678841, 0.47396164, 0.667557739, 0.172319871, 0.192289019;0.0408686163, 0.168935063, 0.278590339, 0.177010484, 0.0887025338, 0.120635871, 0.460778768, 0.206333718, 0.364269861, 0.503417271, 0.690394829, 0.0393121398, 0.799410399, 0.627900389, 0.0817590319, 0.873578624, 0.920872401];
km_test = [0.465214127, 0.57138819, 0.755430288, 0.821226434, 0.571836695, 0.566664364, 0.864268618, 0.600972092, 0.698020846, 0.670587262, 0.782710558, 0.631976637, 0.775574952, 0.691946448, 0.536025096, 0.740963088, 0.862334438;0.564061169, 0.533810053, 0.638838849, 0.578981807, 0.65988589, 0.472692263, 0.662814335, 0.546207383, 0.653440531, 0.636504354, 0.682898444, 0.570271878, 0.741202031, 0.655612902, 0.637374725, 0.731056638, 0.70684058;0.679472007, 0.549163314, 0.589947115, 0.641964589, 0.608897177, 0.706698927, 0.540903117, 0.677507582, 0.528304401, 0.759839252, 0.586440889, 0.429777177, 0.597181511, 0.729841189, 0.465819071, 0.578231053, 0.819095953;0.49096773, 0.536425117, 0.650759168, 0.704173613, 0.633771544, 0.561225497, 0.712083331, 0.751087511, 0.560548974, 0.667031157, 0.755590152, 0.677651994, 0.611438065, 0.661196813, 0.453029492, 0.680174978, 0.772095847;0.610763014, 0.527661767, 0.578458258, 0.644797351, 0.642754216, 0.630170242, 0.430832906, 0.530950731, 0.457116007, 0.603742127, 0.53382475, 0.577052756, 0.519908194, 0.545336148, 0.55172145, 0.371932318, 0.484258028;0.652326011, 0.617167033, 0.812432186, 0.700502888, 0.520067531, 0.646862402, 0.669238522, 0.702921659, 0.511748788, 0.702429074, 0.556011911, 0.62646589, 0.725855819, 0.700437406, 0.655826731, 0.569005516, 0.742720757;0.556754838, 0.69635995, 0.811045519, 0.572551534, 0.556144466, 0.468993556, 0.799054749, 0.607772573, 0.521954541, 0.563026357, 0.557966003, 0.687322216, 0.743736855, 0.579867118, 0.729790497, 0.717939908, 0.682250896;0.745671235, 0.777295524, 0.85960027, 0.730571108, 0.649371946, 0.682366024, 0.78052467, 0.653055805, 0.622221592, 0.77050425, 0.721399471, 0.632295847, 0.908600221, 0.824722627, 0.822760431, 0.721459502, 0.854886393;0.826921433, 0.866309881, 0.802569342, 0.710090773, 0.698741447, 0.830483318, 0.6930741, 0.704583543, 0.544409555, 0.666948247, 0.661075792, 0.727514239, 0.750381645, 0.695866665, 0.739144045, 0.584029366, 0.732737296;0.654158745, 0.683106531, 0.702898091, 0.702654562, 0.578804161, 0.743869322, 0.597738095, 0.702851722, 0.467325045, 0.788544319, 0.72057171, 0.547473664, 0.698714505, 0.881409312, 0.577871549, 0.573837733, 0.802091205;0.69412019, 0.780784529, 0.744615571, 0.862245906, 0.828199337, 0.831559216, 0.68677985, 0.657081133, 0.652532455, 0.708535605, 0.824289578, 0.79427589, 0.69572363, 0.665322551, 0.654854238, 0.570623614, 0.711595244];
