init_random = 42;
kernel_feature_type = 'Real';
kernel_arg0_width = 1.2;
preproc_name = 'NormOne';
kernel_accuracy = 1e-08;
kernel_data_train = [0.7951862, 0.2708323, 0.4389714, 0.0784564, 0.0253507, 0.9626484, 0.8359801, 0.6959742, 0.4089529, 0.1732943, 0.156437;0.2502429, 0.5492267, 0.7145959, 0.6601974, 0.2799339, 0.9548653, 0.7378969, 0.5543541, 0.6117207, 0.4196001, 0.247731;0.3559727, 0.7578461, 0.0143935, 0.1160726, 0.0460026, 0.0407288, 0.8554606, 0.7036579, 0.4741738, 0.0978342, 0.4916159;0.4734718, 0.1732019, 0.4338516, 0.3985047, 0.6158501, 0.6350937, 0.045304, 0.3746126, 0.6258599, 0.5031363, 0.8564898;0.6586936, 0.1629344, 0.0705687, 0.6424193, 0.0265113, 0.5857756, 0.9402302, 0.5754742, 0.3881699, 0.6432882, 0.4582529;0.5456168, 0.9414648, 0.3861026, 0.9611906, 0.9053506, 0.1957911, 0.0693613, 0.100778, 0.0182218, 0.094443, 0.6830068;0.0711886, 0.3189756, 0.8448753, 0.0232719, 0.8144685, 0.2818548, 0.1181648, 0.6967372, 0.6289428, 0.877472, 0.735071;0.8034809, 0.2820346, 0.1774395, 0.7506148, 0.8068347, 0.9905051, 0.4126177, 0.3720181, 0.776413, 0.3408035, 0.9307573;0.8584128, 0.428994, 0.7508711, 0.7545429, 0.1031239, 0.9025529, 0.5052524, 0.8264575, 0.3200496, 0.8955232, 0.3892017;0.0108377, 0.905382, 0.0912867, 0.3193136, 0.950062, 0.9506071, 0.5734379, 0.6318372, 0.4484455, 0.2932108, 0.3286645;0.6725185, 0.7523745, 0.791579, 0.7896181, 0.0912061, 0.4944203, 0.0575588, 0.5495289, 0.4415305, 0.8877042, 0.350915];
kernel_matrix_train = [1, 0.584050244, 0.629746762, 0.791758981, 0.433118822, 0.751633795, 0.638524369, 0.726797786, 0.681957312, 0.673511238, 0.702559528;0.584050244, 1, 0.601028919, 0.715246329, 0.63947262, 0.610884514, 0.577077986, 0.709956477, 0.623156143, 0.563372273, 0.645316424;0.629746762, 0.601028919, 1, 0.639874294, 0.50104428, 0.655414455, 0.439179233, 0.728541983, 0.681235247, 0.841721898, 0.617057624;0.791758981, 0.715246329, 0.639874294, 1, 0.564021207, 0.701827961, 0.520227985, 0.611264073, 0.621999216, 0.669184702, 0.711375836;0.433118822, 0.63947262, 0.50104428, 0.564021207, 1, 0.568701571, 0.365040168, 0.503898162, 0.624426656, 0.486942955, 0.776760903;0.751633795, 0.610884514, 0.655414455, 0.701827961, 0.568701571, 1, 0.711974496, 0.80163852, 0.819435971, 0.680631587, 0.65242341;0.638524369, 0.577077986, 0.439179233, 0.520227985, 0.365040168, 0.711974496, 1, 0.798197809, 0.67185224, 0.504253299, 0.508253847;0.726797786, 0.709956477, 0.728541983, 0.611264073, 0.503898162, 0.80163852, 0.798197809, 1, 0.848602917, 0.805054762, 0.686560159;0.681957312, 0.623156143, 0.681235247, 0.621999216, 0.624426656, 0.819435971, 0.67185224, 0.848602917, 1, 0.746465431, 0.826826232;0.673511238, 0.563372273, 0.841721898, 0.669184702, 0.486942955, 0.680631587, 0.504253299, 0.805054762, 0.746465431, 1, 0.681802457;0.702559528, 0.645316424, 0.617057624, 0.711375836, 0.776760903, 0.65242341, 0.508253847, 0.686560159, 0.826826232, 0.681802457, 1];
kernel_name = 'Gaussian';
kernel_feature_class = 'simple';
kernel_matrix_test = [0.465214114, 0.571388188, 0.755430266, 0.821226431, 0.571836692, 0.566664363, 0.864268622, 0.600972091, 0.698020859, 0.670587275, 0.782710565, 0.631976626, 0.775574963, 0.691946489, 0.536025102, 0.740963113, 0.862334448;0.564061182, 0.53381006, 0.638838874, 0.578981801, 0.659885876, 0.47269226, 0.662814331, 0.546207393, 0.653440542, 0.636504347, 0.682898423, 0.570271881, 0.741202029, 0.655612904, 0.637374725, 0.731056642, 0.706840566;0.679472007, 0.549163311, 0.589947095, 0.641964577, 0.608897163, 0.706698922, 0.540903116, 0.677507545, 0.5283044, 0.759839245, 0.586440867, 0.429777146, 0.597181513, 0.729841185, 0.465819054, 0.578231045, 0.819095942;0.490967711, 0.536425118, 0.650759162, 0.704173606, 0.633771535, 0.561225489, 0.712083343, 0.751087531, 0.560548959, 0.667031152, 0.755590136, 0.677651992, 0.611438049, 0.661196823, 0.453029467, 0.680174978, 0.772095839;0.610763018, 0.527661769, 0.578458276, 0.644797327, 0.642754185, 0.63017025, 0.430832888, 0.530950734, 0.457115989, 0.603742123, 0.533824751, 0.577052761, 0.51990819, 0.545336155, 0.551721453, 0.371932313, 0.484258017;0.652326008, 0.617167059, 0.812432194, 0.700502893, 0.52006754, 0.646862416, 0.669238518, 0.702921674, 0.511748796, 0.702429088, 0.556011917, 0.626465894, 0.72585582, 0.70043742, 0.655826718, 0.569005538, 0.742720775;0.556754834, 0.696359948, 0.811045513, 0.572551538, 0.556144475, 0.468993537, 0.799054748, 0.607772577, 0.521954542, 0.56302635, 0.557966008, 0.687322197, 0.743736873, 0.579867131, 0.729790483, 0.717939927, 0.682250899;0.745671233, 0.777295533, 0.85960026, 0.730571109, 0.649371961, 0.682366018, 0.780524674, 0.65305581, 0.622221584, 0.770504241, 0.721399469, 0.632295834, 0.908600217, 0.824722631, 0.822760406, 0.721459516, 0.854886391;0.826921403, 0.866309885, 0.802569334, 0.710090774, 0.698741426, 0.830483309, 0.693074101, 0.704583527, 0.544409539, 0.66694823, 0.661075799, 0.727514223, 0.75038165, 0.69586667, 0.739144021, 0.584029351, 0.732737279;0.654158744, 0.683106544, 0.702898083, 0.702654558, 0.578804183, 0.743869341, 0.597738106, 0.702851715, 0.467325062, 0.788544345, 0.720571704, 0.547473664, 0.698714509, 0.881409318, 0.577871551, 0.573837759, 0.802091219;0.694120173, 0.780784542, 0.74461558, 0.862245906, 0.828199348, 0.831559218, 0.686779873, 0.657081151, 0.652532451, 0.708535607, 0.824289614, 0.794275914, 0.695723635, 0.665322575, 0.65485424, 0.570623634, 0.711595247];
kernel_data_test = [0.117067, 0.1429917, 0.7615106, 0.6182181, 0.1011227, 0.0841068, 0.7009691, 0.072763, 0.8218601, 0.7062422, 0.0813488, 0.0848377, 0.9866396, 0.3742708, 0.3706421, 0.8127996, 0.9472486;0.9860011, 0.7533782, 0.3762596, 0.0835007, 0.7771469, 0.5584042, 0.424222, 0.9063544, 0.1111975, 0.4926251, 0.0113536, 0.4686606, 0.0563033, 0.1188179, 0.1175262, 0.6492103, 0.7460449;0.5833688, 0.9621725, 0.3748706, 0.2857121, 0.8685991, 0.2235958, 0.9632225, 0.0121545, 0.9698788, 0.0431599, 0.8911431, 0.5277011, 0.9929648, 0.0737966, 0.5538543, 0.9693025, 0.5230978;0.6293986, 0.6957487, 0.4545411, 0.6275581, 0.5843143, 0.901158, 0.0454464, 0.2809632, 0.9504115, 0.8902638, 0.4556568, 0.6201326, 0.2773812, 0.1881212, 0.4636984, 0.3533522, 0.5836561;0.0777346, 0.9743948, 0.9862107, 0.6981617, 0.5360964, 0.3095276, 0.813795, 0.6847312, 0.1626169, 0.9109272, 0.8225372, 0.9497999, 0.7257195, 0.6134152, 0.418243, 0.9327285, 0.8660639;0.0452187, 0.026367, 0.3764634, 0.8105533, 0.9872761, 0.1504169, 0.5941307, 0.3808909, 0.9699144, 0.8421189, 0.8383287, 0.4686932, 0.4148195, 0.2734071, 0.0563755, 0.8647224, 0.812901;0.9997177, 0.9966368, 0.5554317, 0.7689874, 0.9447657, 0.8496474, 0.2473481, 0.4505441, 0.1291594, 0.954051, 0.6061746, 0.2286428, 0.6717007, 0.6181282, 0.3581627, 0.1135576, 0.6715732;0.5203077, 0.7723184, 0.5201635, 0.8521815, 0.5519068, 0.560938, 0.8766536, 0.4034829, 0.1340152, 0.0287827, 0.7551373, 0.6203096, 0.7040798, 0.2129642, 0.1363715, 0.0145447, 0.3505876;0.5899177, 0.392244, 0.4374749, 0.9041587, 0.3482555, 0.5139895, 0.783653, 0.3965428, 0.6220867, 0.8623637, 0.9495206, 0.1470735, 0.9265876, 0.4921163, 0.2582444, 0.4591358, 0.9800326;0.4926181, 0.3287516, 0.6334009, 0.2401456, 0.0758633, 0.1288797, 0.1280458, 0.1519027, 0.1388272, 0.6408747, 0.1818801, 0.3456673, 0.8967884, 0.4739616, 0.6675577, 0.1723199, 0.192289;0.0408686, 0.1689351, 0.2785903, 0.1770105, 0.0887025, 0.1206359, 0.4607788, 0.2063337, 0.3642699, 0.5034173, 0.6903948, 0.0393121, 0.7994104, 0.6279004, 0.081759, 0.8735786, 0.9208724];
