accuracy = 1e-06
init_random = 42
name = 'PruneVarSubMean'
data_type = 'double'
km_train = [1, 9.44447091e-05, 0.000354142527, 0.00164752612, 2.00239218e-07, 1.71225156e-08, 6.63617892e-09, 4.26844563e-10, 8.47265247e-11, 3.11420058e-10, 1.71662476e-07;9.44447091e-05, 1, 1.21375572e-06, 2.14221904e-10, 1.64522633e-10, 8.12080802e-09, 6.32076285e-13, 7.98381637e-09, 1.46579482e-11, 2.06586551e-09, 7.68523151e-06;0.000354142527, 1.21375572e-06, 1, 7.18163776e-07, 2.63295412e-11, 4.88432883e-07, 3.68176406e-07, 8.89657684e-07, 1.20365578e-12, 2.22749777e-08, 8.39961609e-07;0.00164752612, 2.14221904e-10, 7.18163776e-07, 1, 1.13475873e-05, 1.56881615e-09, 5.77230492e-08, 2.1569164e-11, 1.35579212e-14, 1.62609805e-09, 1.86024675e-09;2.00239218e-07, 1.64522633e-10, 2.63295412e-11, 1.13475873e-05, 1, 6.4183536e-11, 4.16314633e-10, 6.50507738e-13, 1.62805492e-14, 1.56064725e-09, 2.26246519e-15;1.71225156e-08, 8.12080802e-09, 4.88432883e-07, 1.56881615e-09, 6.4183536e-11, 1, 3.85357568e-13, 9.81736423e-10, 4.22214865e-09, 5.57084771e-09, 4.77298766e-10;6.63617892e-09, 6.32076285e-13, 3.68176406e-07, 5.77230492e-08, 4.16314633e-10, 3.85357568e-13, 1, 2.04532383e-05, 2.77188216e-14, 1.20905472e-10, 1.55112852e-10;4.26844563e-10, 7.98381637e-09, 8.89657684e-07, 2.1569164e-11, 6.50507738e-13, 9.81736423e-10, 2.04532383e-05, 1, 2.8647943e-15, 3.42787822e-08, 1.36694914e-05;8.47265247e-11, 1.46579482e-11, 1.20365578e-12, 1.35579212e-14, 1.62805492e-14, 4.22214865e-09, 2.77188216e-14, 2.8647943e-15, 1, 4.59777219e-12, 9.07328227e-13;3.11420058e-10, 2.06586551e-09, 2.22749777e-08, 1.62609805e-09, 1.56064725e-09, 5.57084771e-09, 1.20905472e-10, 3.42787822e-08, 4.59777219e-12, 1, 1.27468175e-06;1.71662476e-07, 7.68523151e-06, 8.39961609e-07, 1.86024675e-09, 2.26246519e-15, 4.77298766e-10, 1.55112852e-10, 1.36694914e-05, 9.07328227e-13, 1.27468175e-06, 1]
name_kernel = 'Gaussian'
data_train = [0.449866557, 0.321641193, 0.0375981806, 0.687736485, 0.766497809, 0.0241738529, 0.864096192, 0.297250858, 0.114214202, 0.158703583, 0.245874088;0.866918502, 0.865858472, 0.625907473, 0.887397506, 0.496359152, 0.582132734, 0.148316673, 0.408439514, 0.265153334, 0.101326815, 0.890004973;0.435206975, 0.224882276, 0.450724664, 0.499963339, 0.126272743, 0.177308187, 0.572277246, 0.79206359, 0.175119331, 0.634194129, 0.862932173;0.610455794, 0.137001868, 0.358658774, 0.922552135, 0.92782772, 0.415645806, 0.389894306, 0.128718893, 0.34194045, 0.538736083, 0.279752235;0.169074565, 0.222851067, 0.487637798, 0.552395183, 0.964137163, 0.902696797, 0.414625514, 0.6047304, 0.0180526342, 0.802081873, 0.241991523;0.199563141, 0.42850837, 0.501758541, 0.458289187, 0.549087981, 0.0301564, 0.872671688, 0.845493662, 0.278209767, 0.827754368, 0.796660748;0.650391373, 0.0490622962, 0.848048763, 0.976636634, 0.400176723, 0.605177794, 0.908787956, 0.365734546, 0.595152818, 0.430844653, 0.345918382;0.536920483, 0.557791462, 0.0108857506, 0.721706209, 0.914592533, 0.383679042, 0.0490239377, 0.107964277, 0.89005043, 0.920821604, 0.400473479;0.699034634, 0.680688118, 0.684071426, 0.769289273, 0.709548506, 0.596342029, 0.75613784, 0.926153316, 0.0546088215, 0.540025723, 0.542644768;0.392433931, 0.225137228, 0.289175752, 0.443156159, 0.714152926, 0.592460595, 0.805567073, 0.799944173, 0.98320612, 0.123895452, 0.25444898;0.917968638, 0.716697395, 0.852654323, 0.662672464, 0.952093908, 0.11719196, 0.690865478, 0.430012182, 0.378193517, 0.394763101, 0.250371199]
feature_class = 'simple'
data_test = [0.290346387, 0.433975416, 0.402610187, 0.0529627544, 0.85584722, 0.137671988, 0.890624363, 0.572515412, 0.222002369, 0.199255711, 0.89154778, 0.349227934, 0.571540502, 0.493743992, 0.892932757, 0.944800875, 0.875127378;0.0291741594, 0.288490922, 0.769830182, 0.381523182, 0.370577523, 0.538162601, 0.515010471, 0.228217275, 0.195488958, 0.0405965969, 0.638837614, 0.797105195, 0.538941632, 0.493624673, 0.766535212, 0.574361963, 0.548335342;0.812883132, 0.872742507, 0.98429452, 0.76539323, 0.317355607, 0.887542602, 0.421504001, 0.948460345, 0.816075784, 0.570763848, 0.568276411, 0.518417365, 0.0480075107, 0.417665467, 0.524701858, 0.487668394, 0.603407129;0.217793558, 0.230968372, 0.82974908, 0.0271501019, 0.102694623, 0.0661724791, 0.832573297, 0.713406814, 0.386373071, 0.866023545, 0.603471834, 0.585443665, 0.5855585, 0.436002551, 0.585502711, 0.375204532, 0.334351225;0.453897874, 0.576240626, 0.120004309, 0.390043767, 0.492086486, 0.795600478, 0.959471085, 0.0597055226, 0.911437871, 0.349284261, 0.0955587604, 0.613752344, 0.556312105, 0.680487338, 0.191388909, 0.91644364, 0.29005633;0.563421873, 0.85602555, 0.94546869, 0.740401679, 0.971524563, 0.420613543, 0.222237237, 0.998225648, 0.134103942, 0.309687361, 0.789925522, 0.685061186, 0.241592447, 0.0743435918, 0.976199079, 0.408200923, 0.397424393;0.86994074, 0.0397838521, 0.741108141, 0.937542799, 0.10029727, 0.194242883, 0.0357991325, 0.0194703783, 0.501639992, 0.539666867, 0.00871504555, 0.698167078, 0.872218887, 0.0881120181, 0.127955659, 0.88960033, 0.712801196;0.739807381, 0.872125084, 0.640410291, 0.384650833, 0.959895226, 0.397811625, 0.0576453883, 0.727501809, 0.398877011, 0.581868597, 0.633219363, 0.254164179, 0.876149723, 0.793112042, 0.975574751, 0.365983486, 0.974336455;0.614985042, 0.785837024, 0.649380755, 0.198777198, 0.590346302, 0.380781786, 0.783626537, 0.0958499361, 0.357518409, 0.0583027513, 0.0402370717, 0.90789234, 0.296377439, 0.701848589, 0.873322719, 0.229048242, 0.858215419;0.362532639, 0.379555588, 0.365672101, 0.653155839, 0.710726184, 0.817495238, 0.879594367, 0.237011406, 0.241500012, 0.760742452, 0.717564255, 0.451740949, 0.798662738, 0.631520233, 0.530768539, 0.605930263, 0.76255621;0.978104742, 0.192045956, 0.879425577, 0.910155008, 0.1143189, 0.254111265, 0.603284557, 0.685620011, 0.247494067, 0.160102357, 0.695460789, 0.134677398, 0.834675522, 0.187128955, 0.663613436, 0.304064564, 0.054284972]
