init_random = 42;
kernel_feature_type = 'Real';
preproc_arg0_divide = 'False';
kernel_arg0_width = 1.2;
preproc_name = 'PruneVarSubMean';
kernel_accuracy = 1e-08;
kernel_data_train = [0.0610779599, 0.276877648, 0.80620128, 0.74825969, 0.184521019, 0.209349323, 0.370472103, 0.484522985, 0.618254772, 0.36891364, 0.462534716;0.747470938, 0.0366832029, 0.252436944, 0.713349586, 0.895206838, 0.511677442, 0.532113485, 0.107172011, 0.447412367, 0.532617266, 0.242470504;0.269243231, 0.377284163, 0.0200711978, 0.322079166, 0.211448007, 0.327497352, 0.119762132, 0.890527281, 0.593592454, 0.679102319, 0.789171239;0.498442199, 0.0869202881, 0.537106542, 0.586841118, 0.745439474, 0.431659546, 0.127580303, 0.283775906, 0.363082296, 0.645917241, 0.570778305;0.356096726, 0.986515249, 0.605774819, 0.237226792, 0.101782473, 0.152859139, 0.245957728, 0.160681373, 0.186567024, 0.285095169, 0.173373595;0.896765425, 0.0802337457, 0.52451139, 0.410396827, 0.982378617, 0.112038902, 0.397855599, 0.969470433, 0.865507126, 0.817072071, 0.257902827;0.170887587, 0.66864322, 0.929375989, 0.556762893, 0.571612689, 0.279979094, 0.769492933, 0.187043749, 0.323679236, 0.425436439, 0.507610379;0.242409732, 0.114836825, 0.610620042, 0.288630553, 0.581238221, 0.154362715, 0.481140102, 0.532589433, 0.0518235368, 0.336604278, 0.134414677;0.0633749705, 0.989960232, 0.322353845, 0.809874446, 0.254640655, 0.681502722, 0.76022786, 0.595638741, 0.471576189, 0.411840914, 0.348868267;0.929529144, 0.830619408, 0.965026911, 0.124297223, 0.730867475, 0.938340457, 0.181233066, 0.0664962674, 0.741120649, 0.574473113, 0.841828777;0.139772377, 0.795267312, 0.20162732, 0.163655943, 0.164265798, 0.81457472, 0.665197221, 0.523065425, 0.358830484, 0.877200541, 0.392445107];
kernel_matrix_train = [1, 0.0608599553, 0.214416667, 0.174945064, 0.645405547, 0.263661143, 0.147100009, 0.14414215, 0.486953446, 0.365736115, 0.308466554;0.0608599553, 1, 0.169581986, 0.116827903, 0.0363003762, 0.336428854, 0.262012087, 0.0792008341, 0.152711853, 0.158845205, 0.228196596;0.214416667, 0.169581986, 1, 0.253516397, 0.278736206, 0.182740524, 0.251886909, 0.0903365254, 0.286313884, 0.213972459, 0.304765382;0.174945064, 0.116827903, 0.253516397, 1, 0.287502961, 0.253088316, 0.527635144, 0.275952042, 0.411848843, 0.320624302, 0.323288619;0.645405547, 0.0363003762, 0.278736206, 0.287502961, 1, 0.199360708, 0.227476611, 0.156507238, 0.390466381, 0.401965374, 0.247704593;0.263661143, 0.336428854, 0.182740524, 0.253088316, 0.199360708, 1, 0.367730797, 0.14495208, 0.393638984, 0.444339904, 0.539229562;0.147100009, 0.262012087, 0.251886909, 0.527635144, 0.227476611, 0.367730797, 1, 0.275173524, 0.300069566, 0.362090421, 0.256970035;0.14414215, 0.0792008341, 0.0903365254, 0.275952042, 0.156507238, 0.14495208, 0.275173524, 1, 0.439378188, 0.464019225, 0.272912223;0.486953446, 0.152711853, 0.286313884, 0.411848843, 0.390466381, 0.393638984, 0.300069566, 0.439378188, 1, 0.626935474, 0.614683716;0.365736115, 0.158845205, 0.213972459, 0.320624302, 0.401965374, 0.444339904, 0.362090421, 0.464019225, 0.626935474, 1, 0.516021311;0.308466554, 0.228196596, 0.304765382, 0.323288619, 0.247704593, 0.539229562, 0.256970035, 0.272912223, 0.614683716, 0.516021311, 1];
kernel_name = 'Gaussian';
kernel_feature_class = 'simple';
kernel_matrix_test = [0.160487218, 0.417385443, 0.390749239, 0.299527393, 0.222477911, 0.190318606, 0.20766762, 0.413727535, 0.0340856161, 0.242709932, 0.0954772905, 0.0659786727, 0.219581768, 0.195044829, 0.146184876, 0.287365873, 0.319512649;0.324126951, 0.0649028457, 0.255306372, 0.153738516, 0.102622372, 0.090123252, 0.205018982, 0.0987112031, 0.143477842, 0.0844646948, 0.206033565, 0.11359334, 0.0486868332, 0.0938993081, 0.0741499745, 0.158483459, 0.134896949;0.350258737, 0.243731353, 0.487694067, 0.127277943, 0.370170878, 0.189974932, 0.234285423, 0.181327996, 0.210165766, 0.187522949, 0.178494707, 0.0980730035, 0.366227033, 0.106848206, 0.290401417, 0.202264025, 0.243086702;0.28665151, 0.154025199, 0.206984773, 0.398732034, 0.428165928, 0.262982313, 0.216051021, 0.18745493, 0.34593703, 0.312991359, 0.212772255, 0.447794918, 0.498664917, 0.196660115, 0.30469155, 0.163875697, 0.171397098;0.111351765, 0.272893114, 0.298903398, 0.25732618, 0.493662934, 0.151406908, 0.143708314, 0.329139407, 0.0602615743, 0.244001457, 0.0849547573, 0.0745292613, 0.444922734, 0.259838516, 0.223098511, 0.181220951, 0.284410508;0.252868136, 0.18136493, 0.244023937, 0.307995176, 0.293751557, 0.151489349, 0.140972968, 0.4729205, 0.0773561917, 0.122868917, 0.268926353, 0.218261519, 0.122126692, 0.397661323, 0.114630439, 0.362226264, 0.48101309;0.192799708, 0.0855091126, 0.298037899, 0.27049919, 0.501441975, 0.200452192, 0.286597495, 0.15033205, 0.203290733, 0.23632518, 0.2703261, 0.237628867, 0.339207319, 0.446271678, 0.214225162, 0.151596974, 0.289076593;0.218881066, 0.0553577779, 0.143256588, 0.55090283, 0.1028038, 0.12395747, 0.484014398, 0.265642755, 0.124838266, 0.225356711, 0.211031208, 0.151952565, 0.194807223, 0.170552418, 0.37790397, 0.110283715, 0.357408068;0.474946209, 0.191484166, 0.335404402, 0.68803768, 0.228666437, 0.191903297, 0.375492541, 0.455158318, 0.119841863, 0.230843802, 0.227296528, 0.183970695, 0.233826126, 0.189376285, 0.476279588, 0.326641577, 0.445704624;0.339643772, 0.211566948, 0.336985015, 0.713436449, 0.262225219, 0.272089119, 0.355387683, 0.582899437, 0.172482213, 0.334358594, 0.396995175, 0.248710314, 0.291120919, 0.321797461, 0.48756968, 0.477191902, 0.56576575;0.64864375, 0.194593961, 0.319643782, 0.404842662, 0.256434017, 0.16606995, 0.293541092, 0.654840502, 0.187798529, 0.250624, 0.420729565, 0.173732297, 0.235125661, 0.154733859, 0.394131543, 0.355800821, 0.481734667];
