init_random = 42;
kernel_feature_type = 'Real';
preproc_arg0_divide = 'False';
kernel_arg0_width = 1.2;
preproc_name = 'PruneVarSubMean';
kernel_accuracy = 1e-08;
kernel_data_train = [0.061078, 0.2768776, 0.8062013, 0.7482597, 0.184521, 0.2093493, 0.3704721, 0.484523, 0.6182548, 0.3689136, 0.4625347;0.7474709, 0.0366832, 0.2524369, 0.7133496, 0.8952068, 0.5116774, 0.5321135, 0.107172, 0.4474124, 0.5326173, 0.2424705;0.2692432, 0.3772842, 0.0200712, 0.3220792, 0.211448, 0.3274974, 0.1197621, 0.8905273, 0.5935925, 0.6791023, 0.7891712;0.4984422, 0.0869203, 0.5371065, 0.5868411, 0.7454395, 0.4316595, 0.1275803, 0.2837759, 0.3630823, 0.6459172, 0.5707783;0.3560967, 0.9865152, 0.6057748, 0.2372268, 0.1017825, 0.1528591, 0.2459577, 0.1606814, 0.186567, 0.2850952, 0.1733736;0.8967654, 0.0802337, 0.5245114, 0.4103968, 0.9823786, 0.1120389, 0.3978556, 0.9694704, 0.8655071, 0.8170721, 0.2579028;0.1708876, 0.6686432, 0.929376, 0.5567629, 0.5716127, 0.2799791, 0.7694929, 0.1870437, 0.3236792, 0.4254364, 0.5076104;0.2424097, 0.1148368, 0.61062, 0.2886306, 0.5812382, 0.1543627, 0.4811401, 0.5325894, 0.0518235, 0.3366043, 0.1344147;0.063375, 0.9899602, 0.3223538, 0.8098744, 0.2546407, 0.6815027, 0.7602279, 0.5956387, 0.4715762, 0.4118409, 0.3488683;0.9295291, 0.8306194, 0.9650269, 0.1242972, 0.7308675, 0.9383405, 0.1812331, 0.0664963, 0.7411206, 0.5744731, 0.8418288;0.1397724, 0.7952673, 0.2016273, 0.1636559, 0.1642658, 0.8145747, 0.6651972, 0.5230654, 0.3588305, 0.8772005, 0.3924451];
kernel_matrix_train = [1, 0.0608599695, 0.214416688, 0.174945092, 0.645405573, 0.263661177, 0.14710004, 0.144142181, 0.486953461, 0.365736195, 0.308466587;0.0608599695, 1, 0.169581974, 0.116827897, 0.036300384, 0.336428885, 0.26201209, 0.0792008427, 0.15271185, 0.158845212, 0.228196643;0.214416688, 0.169581974, 1, 0.25351639, 0.278736211, 0.182740508, 0.251886903, 0.0903365304, 0.286313851, 0.213972452, 0.30476541;0.174945092, 0.116827897, 0.25351639, 1, 0.287502971, 0.253088272, 0.527635142, 0.275952042, 0.411848843, 0.320624293, 0.323288625;0.645405573, 0.036300384, 0.278736211, 0.287502971, 1, 0.199360717, 0.227476628, 0.156507238, 0.390466362, 0.401965423, 0.247704615;0.263661177, 0.336428885, 0.182740508, 0.253088272, 0.199360717, 1, 0.367730793, 0.14495209, 0.39363899, 0.444339886, 0.53922962;0.14710004, 0.26201209, 0.251886903, 0.527635142, 0.227476628, 0.367730793, 1, 0.275173501, 0.300069566, 0.362090423, 0.256970049;0.144142181, 0.0792008427, 0.0903365304, 0.275952042, 0.156507238, 0.14495209, 0.275173501, 1, 0.439378229, 0.464019249, 0.272912234;0.486953461, 0.15271185, 0.286313851, 0.411848843, 0.390466362, 0.39363899, 0.300069566, 0.439378229, 1, 0.626935491, 0.6146837;0.365736195, 0.158845212, 0.213972452, 0.320624293, 0.401965423, 0.444339886, 0.362090423, 0.464019249, 0.626935491, 1, 0.516021279;0.308466587, 0.228196643, 0.30476541, 0.323288625, 0.247704615, 0.53922962, 0.256970049, 0.272912234, 0.6146837, 0.516021279, 1];
kernel_name = 'Gaussian';
kernel_feature_class = 'simple';
kernel_matrix_test = [0.16048725, 0.417385495, 0.390749263, 0.299527421, 0.222477939, 0.190318626, 0.207667619, 0.413727575, 0.0340856172, 0.242709936, 0.0954773071, 0.0659786876, 0.21958178, 0.195044821, 0.14618489, 0.287365897, 0.319512673;0.324126985, 0.0649028591, 0.255306367, 0.153738524, 0.102622359, 0.0901232564, 0.205018995, 0.09871123, 0.143477821, 0.0844646978, 0.20603361, 0.11359334, 0.0486868372, 0.0938993098, 0.0741499754, 0.158483462, 0.134896952;0.350258757, 0.243731359, 0.487694045, 0.12727794, 0.370170844, 0.189974921, 0.234285418, 0.181328003, 0.210165759, 0.187522931, 0.178494724, 0.0980729922, 0.36622701, 0.106848186, 0.290401421, 0.202264021, 0.24308668;0.286651542, 0.154025221, 0.206984777, 0.398732024, 0.428165959, 0.262982326, 0.21605104, 0.187454949, 0.345937004, 0.312991367, 0.212772249, 0.44779491, 0.49866499, 0.196660078, 0.304691539, 0.16387571, 0.171397071;0.11135179, 0.272893153, 0.298903418, 0.257326183, 0.493662978, 0.151406901, 0.143708307, 0.329139436, 0.0602615731, 0.244001438, 0.0849547553, 0.074529269, 0.444922725, 0.259838481, 0.223098509, 0.181220963, 0.284410501;0.252868169, 0.181364933, 0.244023938, 0.307995145, 0.293751526, 0.15148933, 0.140972976, 0.472920562, 0.0773561672, 0.122868903, 0.268926352, 0.218261487, 0.122126681, 0.397661294, 0.114630443, 0.362226253, 0.481013097;0.192799731, 0.0855091238, 0.298037882, 0.270499189, 0.501441983, 0.200452182, 0.286597486, 0.150332072, 0.203290693, 0.236325151, 0.270326069, 0.237628869, 0.339207337, 0.446271674, 0.21422513, 0.151596979, 0.289076565;0.218881126, 0.0553577905, 0.143256585, 0.550902848, 0.102803795, 0.123957484, 0.484014446, 0.265642773, 0.124838248, 0.225356701, 0.211031205, 0.151952578, 0.194807235, 0.170552389, 0.377903972, 0.110283741, 0.357408064;0.474946245, 0.191484185, 0.335404369, 0.688037721, 0.228666423, 0.191903309, 0.375492511, 0.455158331, 0.119841843, 0.230843782, 0.227296536, 0.183970721, 0.233826127, 0.189376253, 0.476279593, 0.326641607, 0.445704593;0.339643813, 0.211566988, 0.336985043, 0.713436445, 0.262225221, 0.272089136, 0.355387725, 0.582899464, 0.172482173, 0.33435861, 0.396995125, 0.248710321, 0.291120946, 0.321797447, 0.487569667, 0.477191922, 0.56576575;0.648643778, 0.194593994, 0.319643795, 0.404842654, 0.256434037, 0.16606995, 0.293541085, 0.654840532, 0.187798508, 0.250623972, 0.420729559, 0.173732306, 0.235125661, 0.154733857, 0.39413155, 0.355800831, 0.481734648];
kernel_data_test = [0.8165994, 0.4391349, 0.3769444, 0.4626798, 0.3013779, 0.7476094, 0.5027204, 0.2322127, 0.8995746, 0.3838912, 0.5435529, 0.9064721, 0.624238, 0.116898, 0.9398321, 0.6277081, 0.3349056;0.1392721, 0.7940252, 0.6200728, 0.5334611, 0.8938926, 0.7885972, 0.1516749, 0.3117221, 0.2484891, 0.7439463, 0.0335324, 0.5698897, 0.7624587, 0.8767656, 0.3420817, 0.8212573, 0.1106317;0.8464523, 0.1274887, 0.3972873, 0.7972954, 0.1499174, 0.2292514, 0.7222526, 0.7200365, 0.6411476, 0.6939484, 0.5427244, 0.2517991, 0.345696, 0.1815977, 0.9084506, 0.5833918, 0.4008514;0.4620058, 0.9472833, 0.1533514, 0.5862298, 0.5058887, 0.6114542, 0.0181102, 0.8721239, 0.9321183, 0.5651332, 0.6966508, 0.9224994, 0.7072386, 0.152539, 0.5762884, 0.606715, 0.4241307;0.7364442, 0.934367, 0.9255685, 0.4508394, 0.113238, 0.9848412, 0.8388981, 0.1246627, 0.9208419, 0.8698964, 0.5188381, 0.5912754, 0.3990027, 0.0547616, 0.3351972, 0.8028534, 0.004632;0.3334992, 0.3981687, 0.5373956, 0.9198556, 0.346346, 0.3469532, 0.7375012, 0.4522179, 0.2246048, 0.4524395, 0.140857, 0.176387, 0.4983678, 0.4189254, 0.9148459, 0.3623939, 0.5805884;0.6322643, 0.0130945, 0.6635374, 0.178036, 0.9610703, 0.1486627, 0.4146241, 0.0853497, 0.9968743, 0.502195, 0.595385, 0.0670765, 0.7499605, 0.2099056, 0.8980543, 0.2051396, 0.1906877;0.0365497, 0.4720669, 0.5648411, 0.0657086, 0.7755276, 0.4532888, 0.5243903, 0.4407627, 0.4007631, 0.5596403, 0.1552402, 0.1819281, 0.8617856, 0.9461155, 0.3733093, 0.2707447, 0.6439995;0.4087342, 0.0253864, 0.1561526, 0.7159722, 0.6589239, 0.027096, 0.2219722, 0.2310748, 0.6718927, 0.0197105, 0.1041086, 0.7999161, 0.1785447, 0.6527461, 0.2381828, 0.0994414, 0.2431722;0.7222669, 0.8556965, 0.8302199, 0.3971835, 0.6680851, 0.2049843, 0.2931477, 0.8963358, 0.0130019, 0.0855085, 0.2078863, 0.0265322, 0.1814354, 0.5830416, 0.4214246, 0.8926717, 0.8174436;0.3418174, 0.2594234, 0.3796924, 0.5902949, 0.2680636, 0.6241489, 0.4094117, 0.5520472, 0.4361265, 0.2944658, 0.9484533, 0.7636058, 0.1401132, 0.868468, 0.4874312, 0.8945522, 0.7998553];
