init_random = 42;
kernel_feature_type = 'Real';
preproc_arg0_divide = 'True';
kernel_arg0_width = 1.2;
preproc_name = 'PruneVarSubMean';
kernel_accuracy = 1e-08;
kernel_data_train = [0.4252135, 0.0224693, 0.2686774, 0.5416342, 0.6334782, 0.2578877, 0.1393561, 0.8349302, 0.9844022, 0.5256902, 0.1716793;0.2723073, 0.0183907, 0.9142988, 0.1177511, 0.5765165, 0.2740552, 0.554178, 0.6514204, 0.8297418, 0.2064213, 0.0109958;0.1368856, 0.9000186, 0.8738901, 0.5974131, 0.6005169, 0.6650367, 0.1753713, 0.9144119, 0.4187705, 0.3831385, 0.5189177;0.046966, 0.1662834, 0.7380336, 0.0827987, 0.6031521, 0.2453491, 0.3892956, 0.2886937, 0.3556727, 0.7190459, 0.2971217;0.5664046, 0.4760504, 0.6636712, 0.9368297, 0.7325721, 0.2149404, 0.0311831, 0.262264, 0.5950779, 0.0514258, 0.4963662;0.5968428, 0.3342439, 0.7709122, 0.1065983, 0.0751378, 0.7281888, 0.4954913, 0.6884024, 0.4348273, 0.246402, 0.8191023;0.7994159, 0.6946965, 0.2721451, 0.5902307, 0.3609739, 0.0915821, 0.9173136, 0.1368186, 0.9502374, 0.4460058, 0.1851329;0.5419009, 0.8729458, 0.7322249, 0.8065611, 0.6587834, 0.6922766, 0.8491957, 0.249668, 0.489425, 0.2212094, 0.987668;0.9440593, 0.0394268, 0.7055752, 0.9252483, 0.1805753, 0.5679452, 0.9154883, 0.033946, 0.6974203, 0.297349, 0.9243962;0.9710582, 0.9442665, 0.4742142, 0.8620427, 0.8445494, 0.3191005, 0.8289155, 0.0370076, 0.5962699, 0.2300088, 0.1205669;0.0769532, 0.6962888, 0.339875, 0.7247668, 0.0653563, 0.3152903, 0.5394913, 0.7907232, 0.3187525, 0.6258914, 0.8859777];
kernel_matrix_train = [1, 1.77192045e-10, 1.15493789e-11, 7.89377307e-07, 5.92486926e-09, 1.28824647e-07, 1.80072437e-05, 2.00167436e-16, 1.27550202e-05, 5.32121648e-12, 2.82456158e-11;1.77192045e-10, 1, 3.10939318e-11, 3.03499148e-06, 6.13767852e-09, 2.60849344e-07, 7.23482129e-09, 9.05803671e-13, 1.28399349e-12, 2.18532129e-11, 5.86735269e-09;1.15493789e-11, 3.10939318e-11, 1, 1.12845151e-11, 8.75684295e-07, 1.52113529e-05, 1.07936545e-09, 3.28319374e-09, 4.11687395e-08, 1.41890774e-10, 1.15354026e-08;7.89377307e-07, 3.03499148e-06, 1.12845151e-11, 1, 7.21337546e-08, 2.211199e-09, 2.97010802e-09, 1.18351839e-14, 7.81761673e-08, 1.38635268e-12, 2.23119145e-08;5.92486926e-09, 6.13767852e-09, 8.75684295e-07, 7.21337546e-08, 1, 2.55104885e-08, 1.07633449e-10, 1.72598294e-11, 7.30865989e-06, 3.41785233e-08, 1.38009524e-14;1.28824647e-07, 2.60849344e-07, 1.52113529e-05, 2.211199e-09, 2.55104885e-08, 1, 2.12081785e-07, 1.26356398e-06, 2.0715992e-09, 3.52111867e-07, 0.000253184938;1.80072437e-05, 7.23482129e-09, 1.07936545e-09, 2.97010802e-09, 1.07633449e-10, 2.12081785e-07, 1, 7.19107869e-16, 1.90089246e-07, 5.222295e-09, 8.80252656e-09;2.00167436e-16, 9.05803671e-13, 3.28319374e-09, 1.18351839e-14, 1.72598294e-11, 1.26356398e-06, 7.19107869e-16, 1, 1.03021874e-09, 6.10883882e-07, 2.01813544e-11;1.27550202e-05, 1.28399349e-12, 4.11687395e-08, 7.81761673e-08, 7.30865989e-06, 2.0715992e-09, 1.90089246e-07, 1.03021874e-09, 1, 1.2712828e-08, 1.07057467e-13;5.32121648e-12, 2.18532129e-11, 1.41890774e-10, 1.38635268e-12, 3.41785233e-08, 3.52111867e-07, 5.222295e-09, 6.10883882e-07, 1.2712828e-08, 1, 3.32289919e-11;2.82456158e-11, 5.86735269e-09, 1.15354026e-08, 2.23119145e-08, 1.38009524e-14, 0.000253184938, 8.80252656e-09, 2.01813544e-11, 1.07057467e-13, 3.32289919e-11, 1];
kernel_name = 'Gaussian';
kernel_feature_class = 'simple';
kernel_matrix_test = [4.1815855e-08, 1.37186226e-06, 2.40512115e-09, 3.46372629e-12, 5.67088396e-10, 4.61202026e-19, 8.8879872e-11, 1.6866887e-12, 1.02864039e-12, 1.26987813e-12, 4.25615358e-06, 1.45414169e-10, 2.04157866e-11, 7.62878876e-12, 1.81138538e-11, 1.81713142e-07, 0.000150545809;3.42754005e-10, 4.54177464e-07, 1.32446621e-10, 6.98447538e-12, 1.71156349e-13, 3.84613776e-14, 1.26188973e-11, 6.11607796e-11, 6.74453887e-15, 5.08394501e-11, 8.62125776e-09, 2.30098255e-07, 1.0912555e-12, 7.18901781e-09, 1.5133762e-12, 6.56193073e-14, 3.58446502e-13;9.1223218e-07, 1.78760946e-06, 1.57146569e-10, 2.86500986e-11, 7.56979854e-12, 9.79335908e-13, 7.34942586e-07, 3.01917811e-07, 1.73806689e-10, 2.67644986e-10, 4.1706845e-09, 5.08960541e-09, 0.158995167, 1.33441519e-13, 2.03384065e-05, 1.85291163e-09, 7.81582231e-12;3.50848963e-11, 1.47030302e-07, 4.69063829e-08, 6.68991484e-12, 4.87126487e-12, 9.7154587e-13, 2.11463471e-16, 3.10569534e-09, 1.39804266e-09, 7.27420612e-10, 2.10358771e-07, 6.30964915e-08, 3.26030235e-12, 2.05976418e-12, 2.42259818e-09, 3.93639311e-09, 3.14981021e-09;2.5291716e-07, 1.80638601e-07, 5.1355989e-09, 2.03120476e-08, 2.38009854e-15, 2.1708016e-11, 1.01993694e-07, 5.34490198e-05, 8.25321419e-10, 7.03565694e-08, 9.36187904e-11, 3.84236877e-05, 7.71521758e-06, 2.52752913e-13, 8.93075362e-06, 1.8491952e-12, 4.75390958e-11;4.00409577e-07, 9.59352621e-05, 3.87339094e-12, 1.98082379e-08, 1.37319768e-09, 1.2253104e-13, 1.10482289e-06, 3.60443015e-11, 1.45737866e-14, 5.93001546e-08, 5.51512006e-07, 1.83100084e-10, 6.30998484e-05, 7.98271975e-09, 1.29971652e-05, 1.31840787e-07, 1.47289694e-07;1.01665793e-11, 1.34947193e-07, 0.000158758951, 4.43415826e-09, 2.07558685e-15, 8.67167057e-15, 2.42666398e-08, 4.14324715e-12, 4.96622885e-11, 5.94561356e-19, 3.23985276e-07, 1.58616547e-11, 1.6487437e-09, 4.96079519e-10, 6.92378528e-09, 2.20069234e-07, 5.11168741e-06;3.91307449e-06, 3.62327133e-11, 2.58448723e-20, 2.26439918e-05, 1.23801117e-12, 3.17077161e-10, 4.50197613e-10, 8.75791e-14, 1.17425304e-15, 0.000109036999, 9.22844213e-12, 4.02969279e-12, 1.17948114e-08, 3.7329719e-05, 1.10166513e-09, 7.53932532e-09, 5.71451624e-15;4.98532823e-05, 1.42225234e-06, 1.11425824e-09, 3.08227654e-05, 1.65479295e-11, 5.66313006e-11, 2.75551622e-08, 1.80760237e-07, 4.12730362e-08, 8.47881949e-09, 2.91280833e-07, 3.49283378e-07, 7.3431406e-08, 7.63977239e-09, 6.95588264e-08, 4.28127722e-06, 7.80183674e-06;7.53127733e-10, 1.01516492e-10, 2.87534081e-09, 0.000215448946, 1.56514925e-13, 3.9793008e-05, 6.95242551e-06, 7.88675385e-11, 2.75522085e-09, 1.58489298e-10, 1.29756833e-08, 2.96763664e-08, 1.29908625e-09, 1.0876125e-05, 3.49565426e-05, 3.0801412e-10, 2.81409475e-12;8.6771421e-15, 5.93160312e-08, 7.56073216e-11, 9.55317736e-13, 9.09119708e-13, 4.86768612e-15, 4.91248275e-12, 3.91316588e-12, 7.34214549e-12, 3.32479864e-13, 2.34862829e-05, 4.61582614e-14, 7.20205363e-09, 1.50942901e-12, 2.43928191e-07, 4.08791656e-08, 3.05409341e-09];
