accuracy = 1e-08;
init_random = 42;
name = 'SortWord';
data_type = 'ushort';
km_train = [1.0555561, 0.891761536, 0.87697112, 1.0197437, 1.10784055, 0.943510713, 1.10373525, 1.18824865, 0.930946758, 0.972807742, 1.02907904;0.891761536, 0.770238985, 0.744916152, 0.850466311, 0.95140835, 0.795147919, 0.918137189, 1.01015328, 0.796242815, 0.821266687, 0.853628454;0.87697112, 0.744916152, 0.762269129, 0.851889953, 0.9053092, 0.795450482, 0.908855954, 0.977118758, 0.803096017, 0.812912231, 0.85912295;1.0197437, 0.850466311, 0.851889953, 1.00161942, 1.05185813, 0.913418861, 1.08190879, 1.13955723, 0.893901232, 0.949861975, 1.01826841;1.10784055, 0.95140835, 0.9053092, 1.05185813, 1.19648657, 0.980701911, 1.14423072, 1.2634987, 0.976279454, 1.01501039, 1.05506282;0.943510713, 0.795147919, 0.795450482, 0.913418861, 0.980701911, 0.857712386, 0.991977109, 1.0643677, 0.844802379, 0.874142511, 0.922519984;1.10373525, 0.918137189, 0.908855954, 1.08190879, 1.14423072, 0.991977109, 1.18661177, 1.24649801, 0.956723807, 1.02954538, 1.09996895;1.18824865, 1.01015328, 0.977118758, 1.13955723, 1.2634987, 1.0643677, 1.24649801, 1.35635823, 1.04771632, 1.09760707, 1.14596312;0.930946758, 0.796242815, 0.803096017, 0.893901232, 0.976279454, 0.844802379, 0.956723807, 1.04771632, 0.858787419, 0.860144274, 0.895990349;0.972807742, 0.821266687, 0.812912231, 0.949861975, 1.01501039, 0.874142511, 1.02954538, 1.09760707, 0.860144274, 0.912369136, 0.963413716;1.02907904, 0.853628454, 0.85912295, 1.01826841, 1.05506282, 0.922519984, 1.09996895, 1.14596312, 0.895990349, 0.963413716, 1.04199085];
data_train = [61236, 6915, 55109, 29192, 59445, 19657, 42368, 45226, 17839, 25934, 37393;32624, 30633, 17581, 57338, 62892, 22125, 52874, 16139, 1461, 13635, 64882;8507, 7222, 26522, 26101, 8173, 50846, 34028, 65507, 58848, 50172, 28524;43849, 48037, 52090, 41725, 43903, 55927, 61559, 15602, 8603, 44269, 59861;18352, 3629, 17187, 36631, 34208, 55888, 11670, 15687, 58035, 48561, 40378;58142, 25390, 17609, 32058, 62628, 14590, 52567, 30665, 41880, 35385, 40120;50347, 59424, 14767, 8225, 4430, 39556, 29272, 63714, 11542, 64863, 35375;35487, 48170, 11303, 12983, 3035, 3783, 52446, 63266, 14068, 565, 14371;19520, 48807, 8402, 62468, 55803, 22056, 57127, 57512, 12891, 25227, 9148;60418, 34358, 37528, 52933, 55919, 50214, 22310, 65075, 64627, 19163, 45894;6310, 1635, 63942, 39751, 1367, 20794, 29481, 1311, 36194, 41715, 35536];
feature_class = 'simple';
data_test = [47277, 22796, 30996, 61202, 53049, 26610, 12332, 27598, 37966, 2776, 7268, 11938, 61046, 60924, 27098, 50795, 7676;46737, 23570, 22447, 7307, 41239, 31619, 13334, 3316, 43245, 12903, 11938, 62950, 19271, 17965, 61954, 23014, 63983;48788, 14352, 17087, 5391, 53575, 21569, 10837, 23977, 64706, 7206, 64506, 39135, 46563, 23121, 12001, 58176, 10518;33100, 17768, 38243, 41902, 5628, 43377, 10542, 37939, 6950, 7037, 16905, 19577, 35197, 45044, 16886, 47609, 15592;26267, 37657, 25446, 26211, 26053, 30063, 37494, 8390, 22543, 22564, 6871, 19286, 55255, 37979, 60537, 591, 54352;22173, 46508, 63939, 62805, 33131, 65523, 64601, 23819, 21749, 54945, 58469, 21485, 18351, 16665, 61830, 38118, 56956;58934, 55462, 49386, 42738, 22599, 59603, 32727, 20162, 49004, 24645, 50871, 37242, 4162, 16882, 5029, 59582, 18802;17630, 7739, 45440, 19902, 22278, 64123, 37692, 61486, 8798, 61021, 62192, 14681, 10936, 41208, 21850, 42566, 30835;25848, 53160, 19240, 8335, 18942, 39785, 53124, 52397, 52055, 30484, 10920, 42563, 18738, 42632, 65327, 13817, 20961;15827, 13918, 29949, 47056, 13842, 53579, 57361, 10282, 34731, 34361, 46950, 64149, 36539, 63590, 7215, 19072, 2947;52185, 60705, 14746, 55388, 41827, 3276, 1052, 26201, 35661, 59741, 31595, 47293, 34018, 64594, 2205, 63303, 53164];
km_test = [0.9883514, 0.947515224, 0.903835068, 1.03231012, 0.863431115, 1.12915607, 0.92885941, 0.802208342, 0.984570904, 0.899890219, 1.0295268, 0.992834192, 0.908212191, 1.10239818, 0.994275174, 1.1006907, 0.946207363;0.825692109, 0.803175708, 0.760195034, 0.878211047, 0.724872725, 0.944954381, 0.794388243, 0.680466631, 0.829824487, 0.768341693, 0.880300812, 0.83710214, 0.767450259, 0.924686737, 0.859719915, 0.927967385, 0.812153536;0.82346389, 0.803880374, 0.768824364, 0.858874022, 0.727546324, 0.942770715, 0.790791529, 0.688018097, 0.820344522, 0.769969399, 0.867303675, 0.837395815, 0.767227773, 0.919204934, 0.853564607, 0.90614365, 0.809727954;0.96611928, 0.915719181, 0.887994267, 0.995160592, 0.843080064, 1.10392868, 0.89614037, 0.785217652, 0.961388936, 0.8664107, 0.98503005, 0.968112769, 0.885918941, 1.07365916, 0.945419751, 1.06733761, 0.907248768;1.02520301, 0.988854964, 0.930307506, 1.09373062, 0.893349118, 1.16841587, 0.980745208, 0.833161817, 1.02445344, 0.946075665, 1.09246357, 1.03469803, 0.947039401, 1.14872783, 1.04721986, 1.15681382, 0.991762441;0.890616455, 0.856915132, 0.813065315, 0.91899702, 0.780700245, 1.01802415, 0.834548121, 0.719156821, 0.878045452, 0.805936848, 0.92601256, 0.891830213, 0.814980413, 0.981701486, 0.901089659, 0.981520461, 0.857843729;1.05661705, 0.990302064, 0.958960998, 1.07495922, 0.912773615, 1.19868547, 0.962978683, 0.835449943, 1.03787231, 0.922416402, 1.06632449, 1.04758729, 0.953995271, 1.16225014, 1.0122083, 1.15910232, 0.974476447;1.11382883, 1.06664704, 1.00920758, 1.16694445, 0.969497815, 1.27177896, 1.05109617, 0.892129142, 1.10176664, 1.00746876, 1.1679542, 1.1169589, 1.02119034, 1.23516055, 1.12105155, 1.24331192, 1.06534134;0.867004902, 0.852264522, 0.801845026, 0.914390787, 0.766400797, 0.994069662, 0.844638065, 0.722080181, 0.862407898, 0.818504001, 0.930083766, 0.882650074, 0.811230814, 0.965699188, 0.911618252, 0.961678224, 0.861737052;0.920078292, 0.876612274, 0.844449779, 0.954259244, 0.803512608, 1.05229137, 0.863612349, 0.749670413, 0.915898248, 0.828439011, 0.948352782, 0.922751703, 0.847006187, 1.01707517, 0.9114155, 1.02070422, 0.873367041;0.980655384, 0.923287466, 0.90251913, 1.00376904, 0.856391054, 1.11930117, 0.90068681, 0.799649547, 0.976140527, 0.871177936, 0.987867455, 0.981896451, 0.897114752, 1.08693818, 0.944462593, 1.07973582, 0.911379182];
kernel_name = 'LinearWord';
data_class = 'rand';
feature_type = 'Word';
