kernel_arg1_normalization = 2;
accuracy = 1e-09;
init_random = 42;
name = 'SortUlongString';
data_type = '';
km_train = [1, 0.491452362, 0.524727532, 0.505510701, 0.394971929, 0.378164613, 0.520107995, 0.694428346, 0.358019505, 0.537029258, 0.582807038;0.491452362, 1, 0.608780778, 0.394911118, 0.350542604, 0.41894116, 0.459265762, 0.496236544, 0.471864652, 0.571204579, 0.557543956;0.524727532, 0.608780778, 1, 0.411843884, 0.38340579, 0.456435465, 0.58630197, 0.637598822, 0.441941738, 0.415425234, 0.51970115;0.505510701, 0.394911118, 0.411843884, 1, 0.554989027, 0.519183284, 0.637634533, 0.422681972, 0.433359528, 0.424692338, 0.481812056;0.394971929, 0.350542604, 0.38340579, 0.554989027, 1, 0.466666667, 0.583874208, 0.393495501, 0.411504481, 0.435710626, 0.33640696;0.378164613, 0.41894116, 0.456435465, 0.519183284, 0.466666667, 1, 0.476830603, 0.450880262, 0.451848057, 0.387298335, 0.457168433;0.520107995, 0.459265762, 0.58630197, 0.637634533, 0.583874208, 0.476830603, 1, 0.469076743, 0.414578099, 0.480533705, 0.453275417;0.694428346, 0.496236544, 0.637598822, 0.422681972, 0.393495501, 0.450880262, 0.469076743, 1, 0.317500318, 0.381000381, 0.509133175;0.358019505, 0.471864652, 0.441941738, 0.433359528, 0.411504481, 0.451848057, 0.414578099, 0.317500318, 1, 0.46875, 0.45935526;0.537029258, 0.571204579, 0.415425234, 0.424692338, 0.435710626, 0.387298335, 0.480533705, 0.381000381, 0.46875, 1, 0.41759569;0.582807038, 0.557543956, 0.51970115, 0.481812056, 0.33640696, 0.457168433, 0.453275417, 0.509133175, 0.45935526, 0.41759569, 1];
data_train = {'GAGCCTCTTGAGTTCCTGCTGTGCACTGTCTCTGCGGAGAGAACGCGTGGCGGACGATGA', 'TCCAAAGCCACGGACGGACGCGTAGAGCGCCATAATCGGGGAGACAGGTTTAGGCGCTTG', 'GCTTCCATTGAAGTACGCTCTCTAGAGTCAAAAGGAAAAGACAGCGGGTGGCGCACTCGC', 'GTTCCTCCTACTGCCGACCGGACTGTTTAGATTGTGCCCATAGTTGTCAACTTACAAAAC', 'TTTAATGTACATCATTTGTGTGATCATTGCGTGGCGACTAGTTCACGCAATGTACTTTTC', 'TTAAACATTCCACGAATACTGACACACGTCTTAGCCCCATGCACAAATTGCCGTGAAATT', 'CATCACTCGTTACGGAGTAAGGATTTGTATTCTTGCTGCAGTCCCTCAAACAGTTTAGCT', 'CCACAGCGAGCGTGCATGAAGAGACTCCAGACCTCTACTCTCTTGCATGCGGCCTCACGC', 'AAAGGTTTGTGGAGCTTGGAATGGTTTGGTGCCATAAGAATATAGAACGTCCCATATACA', 'TCCGGTACGAGGTCCGGCGGAATGTCCCTTTTTTCTTAGCGGCTGGAATGCCACGGCTTG', 'AGTACGTGCCGGGGCATAGAGCGTGGGACACTGCCGAAGTCGACTAAGAAGGAGCTGCCG'};
feature_class = 'string_complex';
seqlen = 60;
data_test = {'ACCGGTGTAAGACGATGCTACATGACCAATGTTCGCGGGTGACGATCGAGATCCGTGGAG', 'ACGGCGAAAGACCTAGGTTAATCGGGTTGCTAATCAATGGATTCCATGTCTTGTCAGGGA'};
gap = 0;
feature_obtain = 'Char';
km_test = [0.53541741, 0.431894423;0.53579972, 0.585874925;0.419523539, 0.510860314;0.448774555, 0.521386273;0.539640733, 0.552005566;0.365563078, 0.409245506;0.345574142, 0.566806636;0.453804381, 0.39322809;0.404519917, 0.534477091;0.438229911, 0.589767825;0.540562478, 0.413757963];
feature_type = 'Ulong';
kernel_arg0_use_sign = 'False';
alphabet = 'DNA';
kernel_name = 'CommUlongString';
data_class = 'dna';
order = 3;
reverse = 'False';
