accuracy = 1e-08;
init_random = 42;
name = 'SortWord';
data_type = 'ushort';
km_train = [1.92189509e+10, 1.59343758e+10, 1.84098432e+10, 1.73890567e+10, 1.33207461e+10, 1.84539996e+10, 1.36788625e+10, 1.57736095e+10, 1.67738333e+10, 1.79819068e+10, 1.68314834e+10;1.59343758e+10, 1.36643189e+10, 1.53508426e+10, 1.46135536e+10, 1.13851352e+10, 1.55587835e+10, 1.19850186e+10, 1.38130218e+10, 1.42586737e+10, 1.50579004e+10, 1.40683757e+10;1.84098432e+10, 1.53508426e+10, 1.79296852e+10, 1.66130707e+10, 1.26615364e+10, 1.77434977e+10, 1.29460118e+10, 1.50311091e+10, 1.63772166e+10, 1.72312265e+10, 1.61509044e+10;1.73890567e+10, 1.46135536e+10, 1.66130707e+10, 1.62431321e+10, 1.22513541e+10, 1.68198807e+10, 1.31291341e+10, 1.48920433e+10, 1.53473944e+10, 1.65568702e+10, 1.56540358e+10;1.33207461e+10, 1.13851352e+10, 1.26615364e+10, 1.22513541e+10, 9.77785388e+09, 1.29366431e+10, 1.01234975e+10, 1.14994188e+10, 1.1755013e+10, 1.26282195e+10, 1.17250963e+10;1.84539996e+10, 1.55587835e+10, 1.77434977e+10, 1.68198807e+10, 1.29366431e+10, 1.79699399e+10, 1.35370322e+10, 1.56699689e+10, 1.63191422e+10, 1.73489459e+10, 1.62239777e+10;1.36788625e+10, 1.19850186e+10, 1.29460118e+10, 1.31291341e+10, 1.01234975e+10, 1.35370322e+10, 1.14449565e+10, 1.28615157e+10, 1.22698882e+10, 1.32762619e+10, 1.25486043e+10;1.57736095e+10, 1.38130218e+10, 1.50311091e+10, 1.48920433e+10, 1.14994188e+10, 1.56699689e+10, 1.28615157e+10, 1.47370855e+10, 1.42796917e+10, 1.51865059e+10, 1.4255418e+10;1.67738333e+10, 1.42586737e+10, 1.63772166e+10, 1.53473944e+10, 1.1755013e+10, 1.63191422e+10, 1.22698882e+10, 1.42796917e+10, 1.53690473e+10, 1.59317549e+10, 1.48647302e+10;1.79819068e+10, 1.50579004e+10, 1.72312265e+10, 1.65568702e+10, 1.26282195e+10, 1.73489459e+10, 1.32762619e+10, 1.51865059e+10, 1.59317549e+10, 1.71026608e+10, 1.59881317e+10;1.68314834e+10, 1.40683757e+10, 1.61509044e+10, 1.56540358e+10, 1.17250963e+10, 1.62239777e+10, 1.25486043e+10, 1.4255418e+10, 1.48647302e+10, 1.59881317e+10, 1.51617399e+10];
data_train = [1605, 11970, 43705, 44130, 29265, 32330, 2933, 15187, 25791, 24900, 5074;46805, 26426, 39867, 50642, 893, 34158, 19773, 4239, 20863, 51415, 3432;35139, 60430, 53464, 1515, 31670, 48674, 39094, 14605, 56240, 5586, 35685;54883, 56838, 48669, 31186, 26928, 32728, 17551, 57454, 21493, 20711, 54962;20039, 36561, 9947, 32335, 15859, 23122, 1577, 42256, 28350, 51372, 41932;33798, 31898, 15881, 10785, 6691, 53144, 61957, 65431, 17297, 6358, 51333;63772, 19581, 55192, 1462, 63312, 64173, 15511, 10570, 48665, 44414, 15474;7037, 28129, 42267, 54146, 13386, 58533, 54460, 6221, 23474, 40537, 49839;47124, 21045, 25783, 51046, 40157, 4922, 46407, 22706, 42771, 52335, 32479;52949, 5178, 30022, 15240, 26220, 36736, 2716, 16574, 46279, 17719, 8181;45763, 44066, 49530, 61826, 20213, 6380, 615, 62982, 51482, 63488, 50906];
feature_class = 'simple';
data_test = [463, 31973, 9158, 20651, 3158, 20008, 46202, 4938, 38185, 22388, 65440, 8881, 59966, 5603, 34980, 22504, 54970;16766, 51408, 28386, 11695, 17796, 42543, 14559, 38914, 33139, 54958, 38333, 8802, 8307, 40205, 33214, 34159, 11516;50492, 29086, 48222, 30480, 52091, 62487, 44659, 47766, 38737, 9265, 48629, 53965, 52721, 5454, 35918, 26181, 15386;39182, 37425, 56099, 43254, 24327, 52814, 53634, 21181, 47662, 21452, 38248, 40801, 33751, 21991, 41311, 9916, 10143;25855, 15581, 1907, 29424, 23308, 41984, 41505, 46525, 36942, 62699, 26957, 25464, 48476, 23649, 42065, 27125, 34758;5596, 16374, 53150, 3775, 27388, 58264, 21029, 18445, 53639, 48474, 14645, 31105, 64720, 13668, 62413, 15960, 60983;11357, 64604, 37203, 51796, 15804, 62196, 50197, 14626, 28132, 7951, 6449, 19065, 35967, 39536, 9130, 23824, 62287;41401, 51702, 36993, 31875, 49748, 6054, 34273, 41821, 48517, 10832, 29670, 49112, 22852, 23620, 28307, 47551, 1551;47922, 63080, 27812, 13799, 26312, 39620, 1449, 65208, 55105, 57608, 24426, 35427, 40277, 31551, 24277, 56597, 35489;58806, 45212, 9637, 43258, 35693, 9824, 64017, 26950, 23488, 62334, 39008, 49664, 215, 40067, 11523, 10364, 3153;23834, 34474, 43066, 34335, 10400, 59675, 10345, 33896, 19894, 28899, 40635, 28229, 51517, 5583, 4897, 54870, 6001];
km_test = [1.56987125e+10, 1.95859847e+10, 1.67095899e+10, 1.45690547e+10, 1.33930559e+10, 2.10167839e+10, 1.81327771e+10, 1.67301029e+10, 1.80126104e+10, 1.84577231e+10, 1.69330069e+10, 1.60831592e+10, 1.96710581e+10, 1.19259775e+10, 1.5444253e+10, 1.52223383e+10, 1.51254493e+10;1.33004471e+10, 1.65721791e+10, 1.39813961e+10, 1.22660971e+10, 1.1513963e+10, 1.7436357e+10, 1.51748618e+10, 1.41491195e+10, 1.51776426e+10, 1.5646094e+10, 1.42722803e+10, 1.35518687e+10, 1.64140997e+10, 1.00949675e+10, 1.29654101e+10, 1.30758905e+10, 1.31725393e+10;1.49787416e+10, 1.90579544e+10, 1.59912971e+10, 1.40383751e+10, 1.28812908e+10, 2.02671318e+10, 1.73934616e+10, 1.60931823e+10, 1.77026772e+10, 1.77032954e+10, 1.63334272e+10, 1.5525017e+10, 1.88880561e+10, 1.14612688e+10, 1.47687062e+10, 1.46671755e+10, 1.43012818e+10;1.46080996e+10, 1.7781317e+10, 1.52563604e+10, 1.32879358e+10, 1.22598769e+10, 1.90867136e+10, 1.66410949e+10, 1.53155721e+10, 1.61709171e+10, 1.72166175e+10, 1.52882043e+10, 1.46682963e+10, 1.78854109e+10, 1.10494976e+10, 1.40797909e+10, 1.39591779e+10, 1.43730334e+10;1.11505634e+10, 1.36806219e+10, 1.16521772e+10, 1.02371907e+10, 9.61131664e+09, 1.44023596e+10, 1.27311622e+10, 1.19103826e+10, 1.24422301e+10, 1.29754018e+10, 1.2017451e+10, 1.12268724e+10, 1.36682801e+10, 8.36450421e+09, 1.09898553e+10, 1.08394615e+10, 1.10077206e+10;1.52363316e+10, 1.90428838e+10, 1.61190908e+10, 1.40808241e+10, 1.30677317e+10, 2.02612326e+10, 1.74336688e+10, 1.61868698e+10, 1.74802195e+10, 1.79515577e+10, 1.63512551e+10, 1.56179007e+10, 1.89799445e+10, 1.15913379e+10, 1.48907678e+10, 1.49153873e+10, 1.48891279e+10;1.19230305e+10, 1.41408137e+10, 1.22402713e+10, 1.06549629e+10, 1.00860127e+10, 1.49377518e+10, 1.32844527e+10, 1.23561635e+10, 1.26821647e+10, 1.40260763e+10, 1.21754562e+10, 1.17525928e+10, 1.41338262e+10, 9.03196524e+09, 1.13126589e+10, 1.15340851e+10, 1.23065582e+10;1.36124143e+10, 1.64555295e+10, 1.40705152e+10, 1.22615262e+10, 1.16092663e+10, 1.73152124e+10, 1.5156954e+10, 1.41861543e+10, 1.48706465e+10, 1.60992653e+10, 1.40527651e+10, 1.36193226e+10, 1.63189537e+10, 1.03379991e+10, 1.2952879e+10, 1.33499542e+10, 1.40310764e+10;1.39407638e+10, 1.76466772e+10, 1.46871512e+10, 1.29109012e+10, 1.19404289e+10, 1.85342838e+10, 1.59606752e+10, 1.49305661e+10, 1.63361964e+10, 1.66193429e+10, 1.50305714e+10, 1.43402262e+10, 1.72801468e+10, 1.06083988e+10, 1.36088834e+10, 1.36786143e+10, 1.36395798e+10;1.4935157e+10, 1.84543152e+10, 1.57093213e+10, 1.36916668e+10, 1.26203487e+10, 1.9670549e+10, 1.71123555e+10, 1.58397764e+10, 1.68822007e+10, 1.76495116e+10, 1.59048327e+10, 1.51545091e+10, 1.84436941e+10, 1.13067497e+10, 1.4530355e+10, 1.43939098e+10, 1.45947524e+10;1.40489546e+10, 1.72031962e+10, 1.47770737e+10, 1.28651477e+10, 1.1795438e+10, 1.85124844e+10, 1.60985597e+10, 1.47750952e+10, 1.57445505e+10, 1.6603374e+10, 1.47549853e+10, 1.41866309e+10, 1.72770017e+10, 1.07047547e+10, 1.3587231e+10, 1.34612761e+10, 1.37288159e+10];
kernel_name = 'LinearWord';
data_class = 'rand';
feature_type = 'Word';
