kernel_arg1_normalization = 2
accuracy = 1e-09
init_random = 42
name = 'SortUlongString'
data_type = ''
km_train = [1, 0.533853913, 0.723339349, 0.606142646, 0.458831468, 0.529812943, 0.428639776, 0.500074333, 0.477949446, 0.441602758, 0.474208419;0.533853913, 1, 0.564384099, 0.490290338, 0.400083325, 0.656599154, 0.476731295, 0.441875817, 0.540928985, 0.509992738, 0.497110294;0.723339349, 0.564384099, 1, 0.660225292, 0.525493854, 0.640128038, 0.557000498, 0.556017865, 0.515388203, 0.676466641, 0.464867395;0.606142646, 0.490290338, 0.660225292, 1, 0.360288346, 0.515078754, 0.532919784, 0.505510701, 0.570456548, 0.48121774, 0.586753493;0.458831468, 0.400083325, 0.525493854, 0.360288346, 1, 0.602093852, 0.389249472, 0.360790093, 0.458333333, 0.439977553, 0.293141951;0.529812943, 0.656599154, 0.640128038, 0.515078754, 0.602093852, 1, 0.53935989, 0.464960396, 0.608279748, 0.641533028, 0.502157228;0.428639776, 0.476731295, 0.557000498, 0.532919784, 0.389249472, 0.53935989, 1, 0.526640075, 0.564411735, 0.440385506, 0.491530737;0.500074333, 0.441875817, 0.556017865, 0.505510701, 0.360790093, 0.464960396, 0.526640075, 1, 0.497965494, 0.407478736, 0.559322034;0.477949446, 0.540928985, 0.515388203, 0.570456548, 0.458333333, 0.608279748, 0.564411735, 0.497965494, 1, 0.343732463, 0.469778768;0.441602758, 0.509992738, 0.676466641, 0.48121774, 0.439977553, 0.641533028, 0.440385506, 0.407478736, 0.343732463, 1, 0.52263577;0.474208419, 0.497110294, 0.464867395, 0.586753493, 0.293141951, 0.502157228, 0.491530737, 0.559322034, 0.469778768, 0.52263577, 1]
data_train = ['CATTGCAACATTTCCTCGATCCGCCTAATAGCGACGTATGGAAGCACGATGGACGATCGA', 'GGACTATGTACACAAGGGCCATGTCAGTGCAATAAGCGACGAGGGCGTCTTGTACACCGA', 'TGCTCAGAATGGTAAGCGATTGGTAACACCGCAAACGAGTCTCGACCTTCGATGATGCGG', 'AATTGAGTATGCCGGCTCCTGATTACGTACCTCGGCGAACGATTTGCGTTTGCACAGAGC', 'CGAATCATCATGCCAGAAGATCAGACTCTATAAGCCTAAGCAGATGGTATGGCTCAGAGA', 'GCTCAAACGAAGGCGAAAGGCCTTAAAGATGTGTATGCCGCTATGCACATTCAGTCTCCA', 'CCCGTATGACTCGCTCATGAATGCGCTCAACCGTGCAACGTCTTTAGACTTGCCCGGGGA', 'GATTTGCTGATGGTGCTCGTGGCCTACGCTTACAACTAATTGTGGACATGGGTCGCTAAT', 'GTTCATGGCGAATCGGCCCTGGGCAAAGCTTGCCTTGTTACGTCCGTCAGCTCTTTCACC', 'GGTAACGAACACCCAAAGTGAAAGTCCGAGATGAGTTGTATGAGACTCGCTAAAGGTTCG', 'CGCTCTCGGCCGTACTCGAGTGTTGACTGTGTGTTGAGGCCGATTTTCGCCATATGGATT']
feature_class = 'string_complex'
seqlen = 60
data_test = ['GCACTAGTCTTGCGTAAAGACTGTCAGAGTTTGCTGTCAGCGAAATCAGTCGTCGTCCAG', 'TTTCACGCCCTATGCATGGTAACAGCGCTTGAGCAACTGACGCGCGAAAGCAAGCCACAG']
gap = 0
feature_obtain = 'Char'
km_test = [0.297152812, 0.570175439;0.523070685, 0.552585629;0.449993592, 0.602782791;0.428828906, 0.486750912;0.469093828, 0.466478659;0.476409263, 0.57711767;0.425145461, 0.509009734;0.323648351, 0.448342505;0.577615535, 0.516185401;0.470320083, 0.513701167;0.339436076, 0.336256879]
feature_type = 'Ulong'
kernel_arg0_use_sign = 'False'
alphabet = 'DNA'
kernel_name = 'CommUlongString'
data_class = 'dna'
order = 3
reverse = 'False'
