accuracy = 1e-08;
init_random = 42;
name = 'SortWord';
data_type = 'ushort';
km_train = [1.25376141, 1.0394899, 1.20097872, 1.13438701, 0.868987981, 1.20385929, 0.89234995, 1.02900221, 1.09425249, 1.17306199, 1.09801334;1.0394899, 0.891401191, 1.00142272, 0.953325164, 0.742717084, 1.01498789, 0.781850889, 0.901101928, 0.930174335, 0.982312433, 0.917760113;1.20097872, 1.00142272, 1.16965528, 1.08376503, 0.825983986, 1.15750921, 0.844541935, 0.980564681, 1.06837893, 1.12409084, 1.0536153;1.13438701, 0.953325164, 1.08376503, 1.05963183, 0.799225468, 1.09725642, 0.856488044, 0.971492634, 1.00119777, 1.08009875, 1.02120173;0.868987981, 0.742717084, 0.825983986, 0.799225468, 0.637864986, 0.84393076, 0.660413287, 0.750172451, 0.766846316, 0.823810535, 0.76489468;1.20385929, 1.01498789, 1.15750921, 1.09725642, 0.84393076, 1.17228132, 0.883097557, 1.02224114, 1.0645904, 1.13177035, 1.05838228;0.89234995, 0.781850889, 0.844541935, 0.856488044, 0.660413287, 0.883097557, 0.746619565, 0.839029773, 0.800434547, 0.866086028, 0.818616784;1.02900221, 0.901101928, 0.980564681, 0.971492634, 0.750172451, 1.02224114, 0.839029773, 0.961383854, 0.931545458, 0.990702102, 0.929961947;1.09425249, 0.930174335, 1.06837893, 1.00119777, 0.766846316, 1.0645904, 0.800434547, 0.931545458, 1.00261031, 1.03931893, 0.969710845;1.17306199, 0.982312433, 1.12409084, 1.08009875, 0.823810535, 1.13177035, 0.866086028, 0.990702102, 1.03931893, 1.11570378, 1.04299671;1.09801334, 0.917760113, 1.0536153, 1.02120173, 0.76489468, 1.05838228, 0.818616784, 0.929961947, 0.969710845, 1.04299671, 0.989086475];
data_train = [1605, 11970, 43705, 44130, 29265, 32330, 2933, 15187, 25791, 24900, 5074;46805, 26426, 39867, 50642, 893, 34158, 19773, 4239, 20863, 51415, 3432;35139, 60430, 53464, 1515, 31670, 48674, 39094, 14605, 56240, 5586, 35685;54883, 56838, 48669, 31186, 26928, 32728, 17551, 57454, 21493, 20711, 54962;20039, 36561, 9947, 32335, 15859, 23122, 1577, 42256, 28350, 51372, 41932;33798, 31898, 15881, 10785, 6691, 53144, 61957, 65431, 17297, 6358, 51333;63772, 19581, 55192, 1462, 63312, 64173, 15511, 10570, 48665, 44414, 15474;7037, 28129, 42267, 54146, 13386, 58533, 54460, 6221, 23474, 40537, 49839;47124, 21045, 25783, 51046, 40157, 4922, 46407, 22706, 42771, 52335, 32479;52949, 5178, 30022, 15240, 26220, 36736, 2716, 16574, 46279, 17719, 8181;45763, 44066, 49530, 61826, 20213, 6380, 615, 62982, 51482, 63488, 50906];
feature_class = 'simple';
data_test = [463, 31973, 9158, 20651, 3158, 20008, 46202, 4938, 38185, 22388, 65440, 8881, 59966, 5603, 34980, 22504, 54970;16766, 51408, 28386, 11695, 17796, 42543, 14559, 38914, 33139, 54958, 38333, 8802, 8307, 40205, 33214, 34159, 11516;50492, 29086, 48222, 30480, 52091, 62487, 44659, 47766, 38737, 9265, 48629, 53965, 52721, 5454, 35918, 26181, 15386;39182, 37425, 56099, 43254, 24327, 52814, 53634, 21181, 47662, 21452, 38248, 40801, 33751, 21991, 41311, 9916, 10143;25855, 15581, 1907, 29424, 23308, 41984, 41505, 46525, 36942, 62699, 26957, 25464, 48476, 23649, 42065, 27125, 34758;5596, 16374, 53150, 3775, 27388, 58264, 21029, 18445, 53639, 48474, 14645, 31105, 64720, 13668, 62413, 15960, 60983;11357, 64604, 37203, 51796, 15804, 62196, 50197, 14626, 28132, 7951, 6449, 19065, 35967, 39536, 9130, 23824, 62287;41401, 51702, 36993, 31875, 49748, 6054, 34273, 41821, 48517, 10832, 29670, 49112, 22852, 23620, 28307, 47551, 1551;47922, 63080, 27812, 13799, 26312, 39620, 1449, 65208, 55105, 57608, 24426, 35427, 40277, 31551, 24277, 56597, 35489;58806, 45212, 9637, 43258, 35693, 9824, 64017, 26950, 23488, 62334, 39008, 49664, 215, 40067, 11523, 10364, 3153;23834, 34474, 43066, 34335, 10400, 59675, 10345, 33896, 19894, 28899, 40635, 28229, 51517, 5583, 4897, 54870, 6001];
km_test = [1.02411625, 1.27770511, 1.09006152, 0.95042225, 0.873705165, 1.37104428, 1.18290411, 1.09139971, 1.17506496, 1.20410219, 1.10463629, 1.04919589, 1.28325493, 0.777999299, 1.00751641, 0.993039648, 0.986719033;0.867663766, 1.08109744, 0.912085939, 0.800187234, 0.751121252, 1.13747267, 0.98994249, 0.92302749, 0.990123894, 1.02068364, 0.931061967, 0.884065421, 1.07078502, 0.658552107, 0.845807397, 0.853014663, 0.859319612;0.977148452, 1.24325869, 1.0432032, 0.915803001, 0.840319815, 1.3221402, 1.13467436, 1.04984976, 1.15484626, 1.15488658, 1.06552229, 1.0127851, 1.23217526, 0.747683712, 0.963446653, 0.956823225, 0.932953901;0.952969369, 1.15997638, 0.995259108, 0.866847579, 0.799781457, 1.24513481, 1.08559321, 0.99912182, 1.05492084, 1.12313782, 0.997336466, 0.956896345, 1.16676701, 0.720821532, 0.918504789, 0.910636521, 0.937634667;0.727414634, 0.89246473, 0.760137753, 0.667830136, 0.627000815, 0.939547783, 0.830526075, 0.776981955, 0.811677391, 0.846459214, 0.783966639, 0.7323927, 0.891659604, 0.545664154, 0.716930727, 0.707119685, 0.718096183;0.993952515, 1.24227555, 1.05153991, 0.918572189, 0.852482416, 1.32175537, 1.13729731, 1.05596153, 1.14033408, 1.17108215, 1.06668531, 1.01884444, 1.23816966, 0.756168859, 0.971409426, 0.973015492, 0.97130244;0.777807051, 0.922485652, 0.798502469, 0.695083796, 0.65796794, 0.974474459, 0.866620362, 0.806062778, 0.827329686, 0.915000682, 0.794274216, 0.76668843, 0.922029822, 0.589206431, 0.737989043, 0.752433932, 0.80282674;0.888015157, 1.07348772, 0.917899682, 0.799889047, 0.757338428, 1.12956973, 0.98877426, 0.92544348, 0.970096794, 1.05024659, 0.916741741, 0.888465824, 1.06457811, 0.674406445, 0.84498992, 0.870893396, 0.915326864;0.909435263, 1.15119306, 0.958126352, 0.842251473, 0.778942047, 1.20909668, 1.04120557, 0.97400569, 1.06570295, 1.0841742, 0.980529608, 0.935494465, 1.12728219, 0.692046152, 0.88778482, 0.892333758, 0.889787318;0.974305185, 1.20387988, 1.02480832, 0.893185251, 0.823297081, 1.28322172, 1.11633621, 1.03331865, 1.10132191, 1.15137796, 1.03756264, 0.988614766, 1.203187, 0.73760355, 0.947897647, 0.938996553, 0.952098654;0.916493162, 1.12226227, 0.96399251, 0.839266709, 0.769483467, 1.20767458, 1.05020056, 0.963863441, 1.02710652, 1.08313246, 0.962551562, 0.92547457, 1.12707702, 0.698331997, 0.886372309, 0.878155555, 0.895608694];
kernel_name = 'LinearWord';
data_class = 'rand';
feature_type = 'Word';
