accuracy = 1e-08;
init_random = 42;
name = 'SortWord';
data_type = 'ushort';
km_train = [1, 0, 0, 0, 0, 0, 0, 0, 0, 0, 0;0, 1, 0, 0, 0, 0, 0, 0, 0, 0, 0;0, 0, 1, 0, 0, 0, 0, 0, 0, 0, 0;0, 0, 0, 1, 0, 0, 0, 0, 0, 0, 0;0, 0, 0, 0, 1, 0, 0, 0, 0, 0, 0;0, 0, 0, 0, 0, 1, 0, 0, 0, 0, 0;0, 0, 0, 0, 0, 0, 1, 0, 0, 0, 0;0, 0, 0, 0, 0, 0, 0, 1, 0, 0, 0;0, 0, 0, 0, 0, 0, 0, 0, 1, 0, 0;0, 0, 0, 0, 0, 0, 0, 0, 0, 1, 0;0, 0, 0, 0, 0, 0, 0, 0, 0, 0, 1];
data_train = [1605, 11970, 43705, 44130, 29265, 32330, 2933, 15187, 25791, 24900, 5074;46805, 26426, 39867, 50642, 893, 34158, 19773, 4239, 20863, 51415, 3432;35139, 60430, 53464, 1515, 31670, 48674, 39094, 14605, 56240, 5586, 35685;54883, 56838, 48669, 31186, 26928, 32728, 17551, 57454, 21493, 20711, 54962;20039, 36561, 9947, 32335, 15859, 23122, 1577, 42256, 28350, 51372, 41932;33798, 31898, 15881, 10785, 6691, 53144, 61957, 65431, 17297, 6358, 51333;63772, 19581, 55192, 1462, 63312, 64173, 15511, 10570, 48665, 44414, 15474;7037, 28129, 42267, 54146, 13386, 58533, 54460, 6221, 23474, 40537, 49839;47124, 21045, 25783, 51046, 40157, 4922, 46407, 22706, 42771, 52335, 32479;52949, 5178, 30022, 15240, 26220, 36736, 2716, 16574, 46279, 17719, 8181;45763, 44066, 49530, 61826, 20213, 6380, 615, 62982, 51482, 63488, 50906];
feature_class = 'simple';
data_test = [463, 31973, 9158, 20651, 3158, 20008, 46202, 4938, 38185, 22388, 65440, 8881, 59966, 5603, 34980, 22504, 54970;16766, 51408, 28386, 11695, 17796, 42543, 14559, 38914, 33139, 54958, 38333, 8802, 8307, 40205, 33214, 34159, 11516;50492, 29086, 48222, 30480, 52091, 62487, 44659, 47766, 38737, 9265, 48629, 53965, 52721, 5454, 35918, 26181, 15386;39182, 37425, 56099, 43254, 24327, 52814, 53634, 21181, 47662, 21452, 38248, 40801, 33751, 21991, 41311, 9916, 10143;25855, 15581, 1907, 29424, 23308, 41984, 41505, 46525, 36942, 62699, 26957, 25464, 48476, 23649, 42065, 27125, 34758;5596, 16374, 53150, 3775, 27388, 58264, 21029, 18445, 53639, 48474, 14645, 31105, 64720, 13668, 62413, 15960, 60983;11357, 64604, 37203, 51796, 15804, 62196, 50197, 14626, 28132, 7951, 6449, 19065, 35967, 39536, 9130, 23824, 62287;41401, 51702, 36993, 31875, 49748, 6054, 34273, 41821, 48517, 10832, 29670, 49112, 22852, 23620, 28307, 47551, 1551;47922, 63080, 27812, 13799, 26312, 39620, 1449, 65208, 55105, 57608, 24426, 35427, 40277, 31551, 24277, 56597, 35489;58806, 45212, 9637, 43258, 35693, 9824, 64017, 26950, 23488, 62334, 39008, 49664, 215, 40067, 11523, 10364, 3153;23834, 34474, 43066, 34335, 10400, 59675, 10345, 33896, 19894, 28899, 40635, 28229, 51517, 5583, 4897, 54870, 6001];
kernel_arg0_degree = 3;
km_test = [0, 0, 0, 0, 0, 0, 0, 0, 0, 0, 0, 0, 0, 0, 0, 0, 0;0, 0, 0, 0, 0, 0, 0, 0, 0, 0, 0, 0, 0, 0, 0, 0, 0;0, 0, 0, 0, 0, 0, 0, 0, 0, 0, 0, 0, 0, 0, 0, 0, 0;0, 0, 0, 0, 0, 0, 0, 0, 0, 0, 0, 0, 0, 0, 0, 0, 0;0, 0, 0, 0, 0, 0, 0, 0, 0, 0, 0, 0, 0, 0, 0, 0, 0;0, 0, 0, 0, 0, 0, 0, 0, 0, 0, 0, 0, 0, 0, 0, 0, 0;0, 0, 0, 0, 0, 0, 0, 0, 0, 0, 0, 0, 0, 0, 0, 0, 0;0, 0, 0, 0, 0, 0, 0, 0, 0, 0, 0, 0, 0, 0, 0, 0, 0;0, 0, 0, 0, 0, 0, 0, 0, 0, 0, 0, 0, 0, 0, 0, 0, 0;0, 0, 0, 0, 0, 0, 0, 0, 0, 0, 0, 0, 0, 0, 0, 0, 0;0, 0, 0, 0, 0, 0, 0, 0, 0, 0, 0, 0, 0, 0, 0, 0, 0];
kernel_name = 'WordMatch';
data_class = 'rand';
feature_type = 'Word';
