distance_name = 'BrayCurtisDistance';
distance_accuracy = 1e-08;
init_random = 42;
distance_data_train = [0.3745401, 0.9507143, 0.7319939, 0.5986585, 0.1560186, 0.1559945, 0.0580836, 0.8661761, 0.601115, 0.7080726, 0.0205845;0.9699099, 0.8324426, 0.2123391, 0.181825, 0.1834045, 0.3042422, 0.5247564, 0.431945, 0.2912291, 0.6118529, 0.1394939;0.2921446, 0.3663618, 0.45607, 0.785176, 0.1996738, 0.5142344, 0.5924146, 0.0464504, 0.6075449, 0.1705241, 0.0650516;0.9488855, 0.965632, 0.8083973, 0.3046138, 0.0976721, 0.684233, 0.4401525, 0.1220382, 0.4951769, 0.0343885, 0.9093204;0.25878, 0.6625223, 0.3117111, 0.520068, 0.5467103, 0.1848545, 0.9695846, 0.7751328, 0.9394989, 0.8948274, 0.5979;0.9218742, 0.0884925, 0.1959829, 0.0452273, 0.3253303, 0.3886773, 0.271349, 0.8287375, 0.3567533, 0.2809345, 0.5426961;0.1409242, 0.802197, 0.0745506, 0.9868869, 0.7722448, 0.1987157, 0.0055221, 0.8154614, 0.7068573, 0.7290072, 0.7712703;0.0740447, 0.3584657, 0.1158691, 0.8631034, 0.6232981, 0.330898, 0.0635584, 0.3109823, 0.3251833, 0.7296062, 0.6375575;0.8872127, 0.4722149, 0.1195942, 0.7132448, 0.760785, 0.5612772, 0.7709672, 0.4937956, 0.5227328, 0.427541, 0.0254191;0.1078914, 0.0314292, 0.6364104, 0.314356, 0.5085707, 0.9075665, 0.2492922, 0.4103829, 0.7555511, 0.2287982, 0.0769799;0.2897515, 0.1612213, 0.9296977, 0.8081204, 0.6334038, 0.8714606, 0.8036721, 0.1865701, 0.892559, 0.5393422, 0.8074402];
distance_data_test = [0.8960913, 0.3180035, 0.1100519, 0.2279352, 0.4271078, 0.8180148, 0.8607306, 0.0069521, 0.5107473, 0.417411, 0.2221078, 0.1198654, 0.3376152, 0.9429097, 0.3232029, 0.5187906, 0.703019;0.3636296, 0.9717821, 0.9624473, 0.2517823, 0.4972485, 0.3008783, 0.2848405, 0.0368869, 0.6095643, 0.502679, 0.0514788, 0.2786465, 0.9082659, 0.2395619, 0.1448949, 0.4894528, 0.9856505;0.2420553, 0.6721355, 0.7616196, 0.2376375, 0.7282163, 0.3677831, 0.6323058, 0.6335297, 0.5357747, 0.0902898, 0.8353025, 0.3207801, 0.1865185, 0.0407751, 0.5908929, 0.6775644, 0.0165878;0.5120931, 0.2264958, 0.6451728, 0.1743664, 0.6909377, 0.3867353, 0.93673, 0.1375209, 0.3410664, 0.1134735, 0.9246936, 0.8773394, 0.2579416, 0.659984, 0.8172222, 0.5552008, 0.5296506;0.2418523, 0.0931028, 0.8972158, 0.9004181, 0.6331015, 0.3390298, 0.3492096, 0.7259557, 0.8971103, 0.8870864, 0.7798755, 0.6420316, 0.08414, 0.1616287, 0.8985542, 0.6064291, 0.0091971;0.1014715, 0.6635018, 0.0050616, 0.1608081, 0.5487338, 0.6918952, 0.6519613, 0.2242693, 0.7121792, 0.2372491, 0.3253997, 0.7464914, 0.6496329, 0.8492234, 0.6576129, 0.5683086, 0.0936748;0.3677158, 0.2652024, 0.2439896, 0.9730106, 0.3930977, 0.8920466, 0.6311386, 0.7948113, 0.5026371, 0.5769039, 0.4925177, 0.195243, 0.7224521, 0.2807724, 0.024316, 0.6454723, 0.1771107;0.9404586, 0.9539286, 0.9148644, 0.3701587, 0.0154566, 0.9283186, 0.4281841, 0.9666548, 0.96362, 0.8530095, 0.2944489, 0.3850977, 0.8511367, 0.316922, 0.1694927, 0.5568013, 0.9361548;0.6960298, 0.5700612, 0.0971765, 0.6150072, 0.9900539, 0.140084, 0.5183297, 0.8773731, 0.7407686, 0.6970157, 0.7024841, 0.3594912, 0.2935918, 0.8093612, 0.8101134, 0.8670723, 0.9132406;0.5113424, 0.5015163, 0.7982952, 0.6499639, 0.7019669, 0.7957927, 0.8900053, 0.3379952, 0.375583, 0.0939819, 0.5782801, 0.0359423, 0.465598, 0.5426446, 0.2865413, 0.5908333, 0.0305002;0.0373482, 0.8226006, 0.3601906, 0.1270605, 0.5222433, 0.7699936, 0.215821, 0.6228905, 0.0853475, 0.0516817, 0.5313546, 0.5406351, 0.6374299, 0.7260913, 0.9758521, 0.5163003, 0.3229565];
distance_matrix_test = [0.431629928, 0.338443011, 0.460597612, 0.522561405, 0.280957254, 0.47716646, 0.338887899, 0.53972625, 0.352316235, 0.461585856, 0.383909386, 0.288781531, 0.375191409, 0.308279084, 0.306868343, 0.322305878, 0.315685944;0.318720557, 0.453033892, 0.388237651, 0.33831296, 0.362041398, 0.374224287, 0.248887033, 0.436192363, 0.326622426, 0.34089171, 0.340750921, 0.326416316, 0.39485737, 0.396902504, 0.42734692, 0.300950965, 0.350800113;0.389540148, 0.411108716, 0.417712855, 0.48317143, 0.318037685, 0.288234367, 0.294253187, 0.514730761, 0.48488867, 0.605660822, 0.329098009, 0.371979178, 0.461781207, 0.295162251, 0.277783538, 0.344247873, 0.52140642;0.294233426, 0.284437999, 0.368643006, 0.299379729, 0.321003207, 0.232508308, 0.325960295, 0.183607508, 0.261525716, 0.315755267, 0.280925427, 0.433524778, 0.320533332, 0.369760286, 0.334919947, 0.214337282, 0.397911566;0.338686981, 0.328387433, 0.438697665, 0.212801102, 0.322890103, 0.291894931, 0.355125079, 0.168423463, 0.307595488, 0.280818183, 0.259129556, 0.357789272, 0.260608346, 0.332121466, 0.363240037, 0.211052558, 0.481103806;0.372709397, 0.265667221, 0.348721691, 0.380334033, 0.247684263, 0.302782875, 0.240683751, 0.396866974, 0.395090778, 0.517266197, 0.247189149, 0.283763529, 0.370503521, 0.251825009, 0.261914271, 0.264393955, 0.484294035;0.482579664, 0.360027842, 0.375384067, 0.397396336, 0.255641223, 0.471855226, 0.453102509, 0.320513229, 0.315545287, 0.395775479, 0.28569473, 0.347914894, 0.481019764, 0.413331638, 0.177465682, 0.283429233, 0.506510387;0.340670337, 0.410898264, 0.505622299, 0.249820185, 0.351393374, 0.286277484, 0.255903724, 0.382923547, 0.244626933, 0.276337072, 0.379567904, 0.378143013, 0.326754799, 0.273975799, 0.411989866, 0.269157856, 0.485194602;0.344593523, 0.310041236, 0.318425789, 0.233659229, 0.214322547, 0.220053665, 0.202593461, 0.28243964, 0.256901336, 0.345033494, 0.198682203, 0.332516001, 0.33669513, 0.289763421, 0.228220027, 0.163034229, 0.485287449;0.335420604, 0.351752696, 0.37467963, 0.278539166, 0.368786727, 0.287144808, 0.360319158, 0.281088264, 0.230406178, 0.180042282, 0.366443543, 0.38283979, 0.249574076, 0.403422247, 0.414079532, 0.250793082, 0.373265496;0.531646905, 0.4554991, 0.457660123, 0.455046197, 0.424707571, 0.315182539, 0.380713529, 0.356794486, 0.441534348, 0.442142499, 0.343676379, 0.246773325, 0.357281818, 0.411360032, 0.361355306, 0.330963686, 0.56983469];
distance_feature_type = 'Real';
distance_matrix_train = [0, 0.329214057, 0.430340314, 0.511209447, 0.484908594, 0.385802375, 0.38435131, 0.419021345, 0.455114813, 0.478163808, 0.484152044;0.329214057, 0, 0.412316406, 0.349480902, 0.415638728, 0.448082327, 0.449420122, 0.272149369, 0.310382449, 0.278778722, 0.383855501;0.430340314, 0.412316406, 0, 0.378266155, 0.447547564, 0.235183749, 0.375725139, 0.488378811, 0.258330328, 0.454904333, 0.424910654;0.511209447, 0.349480902, 0.378266155, 0, 0.220922481, 0.358464299, 0.349159894, 0.362705238, 0.217598278, 0.267179834, 0.36281696;0.484908594, 0.415638728, 0.447547564, 0.220922481, 0, 0.317851568, 0.35761709, 0.300715737, 0.255740058, 0.228505299, 0.292569807;0.385802375, 0.448082327, 0.235183749, 0.358464299, 0.317851568, 0, 0.298333069, 0.460490744, 0.194249228, 0.453720934, 0.397197264;0.38435131, 0.449420122, 0.375725139, 0.349159894, 0.35761709, 0.298333069, 0, 0.461247252, 0.246233853, 0.362903393, 0.462770991;0.419021345, 0.272149369, 0.488378811, 0.362705238, 0.300715737, 0.460490744, 0.461247252, 0, 0.269843314, 0.218267066, 0.425103957;0.455114813, 0.310382449, 0.258330328, 0.217598278, 0.255740058, 0.194249228, 0.246233853, 0.269843314, 0, 0.240323406, 0.347606837;0.478163808, 0.278778722, 0.454904333, 0.267179834, 0.228505299, 0.453720934, 0.362903393, 0.218267066, 0.240323406, 0, 0.36741727;0.484152044, 0.383855501, 0.424910654, 0.36281696, 0.292569807, 0.397197264, 0.462770991, 0.425103957, 0.347606837, 0.36741727, 0];
distance_feature_class = 'simple';
