accuracy = 1e-08;
dm_train = [0, 5.33329355, 4.33420851, 5.48224346, 4.34861178, 5.54274846, 5.98325509, 5.45832537, 4.55435075, 4.36025244, 4.46789395;5.33329355, 0, 5.39638331, 5.39392758, 5.4650131, 5.97092486, 5.45074391, 4.73400819, 4.62354624, 5.43582253, 5.61457563;4.33420851, 5.39638331, 0, 5.64720377, 4.49964436, 5.60430065, 3.2963176, 5.34675354, 4.15649927, 4.38765173, 4.91968946;5.48224346, 5.39392758, 5.64720377, 0, 3.32314249, 3.29005763, 5.66635415, 4.50986717, 5.85682042, 3.48982452, 2.61508147;4.34861178, 5.4650131, 4.49964436, 3.32314249, 0, 3.29409916, 4.76020081, 3.73497395, 3.63626487, 1.57015846, 2.6272371;5.54274846, 5.97092486, 5.60430065, 3.29005763, 3.29409916, 0, 5.46455826, 3.83519266, 5.83287035, 3.45961182, 2.6195938;5.98325509, 5.45074391, 3.2963176, 5.66635415, 4.76020081, 5.46455826, 0, 5.82214955, 4.89444796, 4.97505514, 4.73045229;5.45832537, 4.73400819, 5.34675354, 4.50986717, 3.73497395, 3.83519266, 5.82214955, 0, 4.70893948, 3.20047281, 3.07430066;4.55435075, 4.62354624, 4.15649927, 5.85682042, 3.63626487, 5.83287035, 4.89444796, 4.70893948, 0, 3.89957145, 5.08069161;4.36025244, 5.43582253, 4.38765173, 3.48982452, 1.57015846, 3.45961182, 4.97505514, 3.20047281, 3.89957145, 0, 2.73411868;4.46789395, 5.61457563, 4.91968946, 2.61508147, 2.6272371, 2.6195938, 4.73045229, 3.07430066, 5.08069161, 2.73411868, 0];
init_random = 42;
name = 'CanberraMetric';
data_type = 'double';
dm_test = [3.23087402, 4.26304367, 4.59599676, 4.68598559, 4.89747738, 3.21865088, 6.34741188, 4.94494128, 3.98077286, 5.0021974, 4.52458224, 4.50116395, 5.14743895, 4.919668, 6.17331687, 4.08105705, 4.72603861;4.46970381, 5.38612252, 4.57662693, 5.13864257, 4.31129513, 5.14398875, 6.03305472, 5.2268621, 5.1845951, 3.52897603, 5.05431638, 5.60648226, 6.09817285, 6.13573334, 7.02860617, 6.05776636, 4.56522183;4.57953863, 4.15972657, 5.69323721, 5.70008451, 5.43309127, 4.49620424, 6.20418177, 3.91776704, 5.124295, 5.90609348, 4.65621402, 3.77393743, 5.85216223, 5.01231455, 5.84826635, 4.43972142, 5.19789531;3.99535248, 3.36188097, 3.49729504, 3.25200801, 3.38010748, 4.05956535, 4.28847848, 2.97045959, 2.80826632, 2.82646301, 5.19542706, 2.53464719, 4.35857028, 2.94732418, 5.8750044, 2.65649378, 4.60211863;2.29124837, 2.86559112, 4.42705925, 3.51436382, 3.77298727, 3.35216583, 4.28369963, 2.78001299, 3.56114112, 3.79026492, 2.9632866, 2.69803511, 3.62679192, 2.15759809, 4.86141766, 1.74001279, 3.83386642;4.12274518, 3.08034181, 5.00757103, 4.53264545, 5.43553763, 5.24099211, 2.82067155, 3.93425719, 3.47177505, 3.68443328, 5.03568906, 3.12011126, 4.42560285, 3.38149502, 3.88955064, 2.74497543, 4.22759568;4.90039995, 4.88882266, 6.85643262, 5.18402988, 6.51844934, 4.94561191, 5.74136115, 4.71709613, 5.74076416, 5.45178122, 5.1703039, 5.52936135, 7.46247955, 5.18011421, 5.29504354, 4.95518021, 5.2438694;3.18478906, 2.86085024, 4.73300345, 4.43986075, 4.8567718, 5.81345476, 4.11898358, 4.35438675, 4.03010098, 3.1117613, 3.89206384, 3.39576727, 4.06219581, 3.07060758, 4.24886251, 3.68111664, 3.49962835;2.84105956, 4.37819457, 4.88050851, 4.60263452, 4.7449849, 4.74404084, 5.68617322, 4.2284796, 5.99719205, 4.76203844, 3.52532671, 4.69162111, 4.95904227, 4.25844901, 5.17581288, 4.30184855, 4.148953;2.67062764, 3.36614305, 3.71146135, 3.74009115, 4.01483274, 3.94596727, 3.46629763, 3.30177427, 2.82598781, 4.35867605, 3.56332817, 2.77179625, 4.37544053, 1.84159479, 4.77881347, 2.40606709, 4.53190956;2.47119094, 2.82025824, 4.20949693, 3.29105229, 4.65112155, 3.91009582, 4.22002265, 3.2256765, 2.36220953, 3.0361937, 4.76642541, 2.84471899, 4.55094597, 1.87813878, 4.59848172, 1.97696464, 3.67744947];
data_train = [0.00578225235, 0.137673426, 0.540058387, 0.745631208, 0.862694068, 0.770894469, 0.674216722, 0.260544239, 0.115671681, 0.863948784, 0.684229886;0.503495618, 0.0895350073, 0.661491936, 0.993042656, 0.595366674, 0.471684286, 0.168200015, 0.123245661, 0.352004049, 0.655159128, 0.539017359;0.537615948, 0.139573314, 0.030142644, 0.229629704, 0.951338943, 0.965778727, 0.0417576771, 0.561097126, 0.00351635234, 0.920606292, 0.613499723;0.46479492, 0.15507536, 0.931309644, 0.111796084, 0.913749448, 0.156725679, 0.910166384, 0.36401679, 0.766202914, 0.790361077, 0.296253419;0.8569265, 0.43918101, 0.921810562, 0.835617565, 0.36713935, 0.774310278, 0.636909704, 0.395835804, 0.259087048, 0.422246735, 0.684611368;0.285247748, 0.0378519406, 0.847832486, 0.182961292, 0.195659934, 0.752297421, 0.114232259, 0.824860804, 0.347431628, 0.32558655, 0.227375405;0.092141873, 0.049431421, 0.103286433, 0.615231393, 0.678243878, 0.895792842, 0.243856949, 0.766849343, 0.505617275, 0.30206984, 0.841881869;0.164978602, 0.401531596, 0.197806065, 0.737041684, 0.265389726, 0.52785462, 0.204153007, 0.903753853, 0.199291224, 0.797201755, 0.516419376;0.451112966, 0.444579969, 0.113663258, 0.932535955, 0.543618007, 0.519760752, 0.12009628, 0.230647891, 0.421303961, 0.368471454, 0.224367516;0.710282648, 0.879308733, 0.762532669, 0.398291152, 0.842536426, 0.032446128, 0.0574032121, 0.993493282, 0.89742388, 0.886265004, 0.319600328;0.0309812934, 0.180893173, 0.161647409, 0.771332184, 0.707526475, 0.775771186, 0.225405985, 0.874828126, 0.156887755, 0.690489936, 0.621484641];
feature_class = 'simple';
data_test = [0.171865675, 0.641425057, 0.0705731634, 0.0338511069, 0.149140138, 0.749160083, 0.733009377, 0.676684479, 0.80810868, 0.203685281, 0.417611292, 0.660320193, 0.0207840267, 0.726091062, 0.137990582, 0.768451447, 0.287321882;0.506470198, 0.224411277, 0.71209941, 0.478706341, 0.979042643, 0.635513708, 0.287329164, 0.912057381, 0.872927858, 0.12287943, 0.0457055772, 0.82718485, 0.803653553, 0.589057639, 0.35987935, 0.763835303, 0.0797286449;0.630619593, 0.622269411, 0.289086724, 0.302579646, 0.278116438, 0.26181934, 0.760390357, 0.283568529, 0.585709632, 0.332391861, 0.937654796, 0.373040469, 0.479326479, 0.478331426, 0.706230533, 0.66719421, 0.992809442;0.445758409, 0.340145557, 0.0752593871, 0.830930339, 0.025521495, 0.586512865, 0.0828444724, 0.997484515, 0.329633781, 0.1437432, 0.83360169, 0.570331135, 0.00827698484, 0.964858331, 0.643057785, 0.617959806, 0.350187554;0.476976203, 0.79600822, 0.143174135, 0.691311899, 0.30620251, 0.277302739, 0.23202724, 0.503510296, 0.789703558, 0.738298151, 0.417755805, 0.965059122, 0.263540692, 0.285875355, 0.576503249, 0.698881957, 0.548124938;0.243657003, 0.848543686, 0.260710864, 0.0880246031, 0.236656959, 0.1997833, 0.969305677, 0.52324032, 0.261976973, 0.203032653, 0.424377317, 0.869101752, 0.862690207, 0.319293343, 0.695699529, 0.403314426, 0.433896637;0.514993038, 0.511013975, 0.11525795, 0.723201796, 0.122879845, 0.0934949788, 0.280102489, 0.973331192, 0.0499350167, 0.927304832, 0.634517946, 0.560406309, 0.771486555, 0.810845371, 0.556876123, 0.708833969, 0.960938215;0.218490982, 0.229829925, 0.668761592, 0.832492986, 0.354641223, 0.290948764, 0.780142573, 0.346005617, 0.940981616, 0.517609617, 0.171841908, 0.437881741, 0.320575313, 0.770614875, 0.0162030953, 0.263160767, 0.234886917;0.379756753, 0.943758943, 0.409579079, 0.61871534, 0.948931198, 0.594255302, 0.522124849, 0.870649704, 0.48385057, 0.728263729, 0.813099748, 0.854907689, 0.74676302, 0.330997568, 0.0444069238, 0.574747985, 0.822779708;0.660425641, 0.735596653, 0.572911778, 0.389951721, 0.843012554, 0.253701128, 0.0084744958, 0.51245519, 0.259989221, 0.702797891, 0.900782942, 0.768304777, 0.742378934, 0.328593767, 0.0388367074, 0.365702799, 0.383474416;0.448459855, 0.632195388, 0.787496709, 0.424266848, 0.761133685, 0.0266095829, 0.566686549, 0.257150664, 0.886321017, 0.436360827, 0.0819208801, 0.64819166, 0.765489825, 0.839053641, 0.769674595, 0.835578385, 0.11795935];
data_class = 'rand';
feature_type = 'Real';
