data_type = ''
dm_test = [32.4285714, 33.4333333;35.8333333, 36;38.5666667, 44.7;39.4, 38.2333333;32.7, 28.7;43.0333333, 36.4333333;38.2, 31.4;35.4666667, 38.2333333;35.0285714, 37.6333333;41.3333333, 28.9333333;37.8666667, 35.3666667]
seqlen = 60
data_test = ['AATACAAAAGCCGCCCCCACTCAGTCAGGGCCGGGCTTTCACGGTTCCCCACCGGCAGCT', 'CACTGGAGGGACTGGGCTAGTTCCGTGGAGGTCTCGTACTGACGTATAAATATCTTGTGT']
gap = 0
feature_obtain = 'Char'
feature_type = 'Word'
reverse = 'False'
dm_train = [0, 36.3666667, 38.0333333, 30.4333333, 36.4285714, 36.5666667, 36.9, 27.7333333, 34, 31.4, 30.8761905;36.3666667, 0, 32, 34.7, 36.1, 29.9333333, 29.6, 40.3666667, 34.6, 24.6, 37;38.0333333, 32, 0, 36.3619048, 44.6666667, 28.0333333, 36.6666667, 32.4, 31.9166667, 28.4333333, 31.7;30.4333333, 34.7, 36.3619048, 0, 40.3666667, 34.6666667, 39.5666667, 31.7666667, 38.1333333, 35.3333333, 36.7761905;36.4285714, 36.1, 44.6666667, 40.3666667, 0, 41.7, 38.8, 41.5333333, 33.2619048, 35.8333333, 39.4333333;36.5666667, 29.9333333, 28.0333333, 34.6666667, 41.7, 0, 28.0666667, 37.3333333, 35.8333333, 26.2333333, 39.9333333;36.9, 29.6, 36.6666667, 39.5666667, 38.8, 28.0666667, 0, 41.3666667, 36.2666667, 30.4, 42.9666667;27.7333333, 40.3666667, 32.4, 31.7666667, 41.5333333, 37.3333333, 41.3666667, 0, 30.0095238, 37.6666667, 39.0333333;34, 34.6, 31.9166667, 38.1333333, 33.2619048, 35.8333333, 36.2666667, 30.0095238, 0, 35.2666667, 38.2666667;31.4, 24.6, 28.4333333, 35.3333333, 35.8333333, 26.2333333, 30.4, 37.6666667, 35.2666667, 0, 35.2333333;30.8761905, 37, 31.7, 36.7761905, 39.4333333, 39.9333333, 42.9666667, 39.0333333, 38.2666667, 35.2333333, 0]
name = 'CanberraWordDistance'
data_train = ['ATCACTACTGCCCCACAGCTAGTTGCTTTGGCTGGCCGTCACCGTTCTGTACGATCGGAA', 'TTGTAGGGTGCTCGAGCATGTTCTTGGCATCGCTACATCGAGTCCTTAGATTCAAGCCTC', 'GTCCGAGAACGCGCGCTGGCATCCGAGTCAACAGAAGGCCTGCGTGAGCGGAGTTATGCG', 'AGATCTGCTAGTACGAGAAGGATTGCCACGCCACCTGGAAAACTTCTTTATAGCGCGCTT', 'TCCCCTCTGGGGGCCCCAGGTAAAACAATAAACCCACAATCCTTGTAATTCGTGTGGGTC', 'ATGCAACACTCCCGATCGACGCTGAGCCTAGAAGCAATTGTCGAGTCACTGCGTATGTGT', 'TCCGGGATGCTGTCGACCGAGTACTAAGTGCATTCTCATATCTCTGCAATGTCGACAATT', 'TTGGTTACTAAAAACGACAGATACCAGTGCCCGGAACTTGAAGCTTGCGGAACCGTCTAC', 'TTGTGGTTCCCAAGATACGTTGACAGGCGCAAGCGGTAAGCGTACTACCATCCCTGCTAC', 'GGCATCTGTCCTCGCTTGTATATAGGTACTCAGCTCGATGGTGGAACTGAGTGCCGACAT', 'CCATGAGCCTTCACGTGTGGCTTTCTTTAGCTCAGCCAGCTATGCCCGGAGGCTCTTTAT']
feature_class = 'string_complex'
alphabet = 'DNA'
accuracy = 1e-07
order = 3
data_class = 'dna'
