distance_name = 'CanberraMetric';
distance_accuracy = 1e-08;
init_random = 42;
distance_data_train = [0.374540119, 0.950714306, 0.731993942, 0.598658484, 0.15601864, 0.15599452, 0.0580836122, 0.866176146, 0.601115012, 0.708072578, 0.0205844943;0.969909852, 0.832442641, 0.212339111, 0.181824967, 0.18340451, 0.304242243, 0.524756432, 0.431945019, 0.29122914, 0.611852895, 0.139493861;0.292144649, 0.366361843, 0.456069984, 0.785175961, 0.199673782, 0.514234438, 0.592414569, 0.0464504127, 0.607544852, 0.170524124, 0.065051593;0.948885537, 0.965632033, 0.808397348, 0.304613769, 0.097672114, 0.684233027, 0.440152494, 0.122038235, 0.49517691, 0.0343885211, 0.909320402;0.258779982, 0.662522284, 0.311711076, 0.520068021, 0.546710279, 0.184854456, 0.969584628, 0.775132823, 0.939498942, 0.89482735, 0.597899979;0.921874235, 0.0884925021, 0.195982862, 0.0452272889, 0.325330331, 0.38867729, 0.271349032, 0.828737509, 0.356753327, 0.28093451, 0.542696083;0.140924225, 0.802196981, 0.0745506437, 0.986886937, 0.772244769, 0.198715682, 0.00552211712, 0.815461428, 0.706857344, 0.729007168, 0.771270347;0.0740446517, 0.358465729, 0.11586906, 0.863103426, 0.623298127, 0.330898025, 0.0635583503, 0.310982322, 0.325183322, 0.729606178, 0.637557471;0.887212743, 0.472214925, 0.119594246, 0.713244787, 0.760785049, 0.561277198, 0.77096718, 0.493795596, 0.522732829, 0.427541018, 0.0254191267;0.107891427, 0.0314291857, 0.636410411, 0.314355981, 0.508570691, 0.907566474, 0.249292229, 0.410382923, 0.755551139, 0.228798165, 0.0769799098;0.289751453, 0.161221287, 0.929697652, 0.80812038, 0.633403757, 0.87146059, 0.803672077, 0.186570059, 0.892558998, 0.539342242, 0.807440155];
distance_data_test = [0.8960913, 0.318003475, 0.110051925, 0.227935163, 0.427107789, 0.818014766, 0.860730583, 0.00695213053, 0.510747303, 0.417411003, 0.22210781, 0.119865367, 0.337615171, 0.942909704, 0.323202932, 0.518790622, 0.703018959;0.363629602, 0.971782083, 0.962447295, 0.251782296, 0.497248506, 0.30087831, 0.284840494, 0.0368869474, 0.609564334, 0.502679023, 0.0514787512, 0.278646464, 0.908265886, 0.239561891, 0.144894872, 0.48945276, 0.985650454;0.242055272, 0.672135547, 0.761619615, 0.237637544, 0.728216349, 0.367783133, 0.632305831, 0.633529711, 0.535774684, 0.0902897701, 0.835302496, 0.320780065, 0.18651851, 0.0407751416, 0.590892943, 0.677564362, 0.0165878289;0.512093058, 0.226495775, 0.64517279, 0.174366429, 0.690937738, 0.386735346, 0.936729989, 0.137520944, 0.341066351, 0.113473521, 0.924693618, 0.877339353, 0.257941628, 0.659984046, 0.8172222, 0.555200812, 0.529650578;0.241852291, 0.0931027678, 0.897215758, 0.900418057, 0.633101457, 0.339029791, 0.349209575, 0.725955679, 0.89711026, 0.887086424, 0.779875546, 0.642031646, 0.084139965, 0.161628714, 0.898554189, 0.60642906, 0.00919705162;0.101471543, 0.663501769, 0.00506158385, 0.160808051, 0.548733789, 0.691895198, 0.65196126, 0.224269309, 0.712179221, 0.237249087, 0.325399698, 0.746491405, 0.649632899, 0.84922341, 0.657612892, 0.568308603, 0.0936747678;0.367715803, 0.265202368, 0.243989643, 0.973010555, 0.393097725, 0.892046555, 0.631138626, 0.794811304, 0.502637093, 0.576903885, 0.492517694, 0.195242988, 0.722452115, 0.280772362, 0.0243159664, 0.645472296, 0.177110679;0.940458584, 0.953928577, 0.91486439, 0.3701587, 0.0154566165, 0.928318563, 0.428184148, 0.966654819, 0.963619977, 0.853009455, 0.294448892, 0.385097729, 0.851136672, 0.316922005, 0.169492747, 0.556801262, 0.936154774;0.696029797, 0.57006117, 0.0971764938, 0.615007227, 0.99005385, 0.140084015, 0.518329652, 0.877373072, 0.740768618, 0.697015741, 0.702484084, 0.359491151, 0.293591844, 0.809361155, 0.810113395, 0.867072319, 0.913240553;0.511342399, 0.501516295, 0.798295179, 0.649963931, 0.701966877, 0.795792669, 0.890005342, 0.337995157, 0.375582953, 0.0939819398, 0.578280141, 0.0359422738, 0.465598018, 0.542644635, 0.286541252, 0.590833261, 0.0305002499;0.0373481887, 0.822600561, 0.360190641, 0.127060513, 0.52224326, 0.769993553, 0.215821027, 0.622890476, 0.085347465, 0.0516817212, 0.531354632, 0.540635122, 0.637429901, 0.726091334, 0.975852079, 0.516300348, 0.322956473];
distance_matrix_test = [4.93717611, 4.22959617, 5.51790107, 5.58042793, 3.84731885, 5.23166645, 4.16673248, 6.53213701, 4.43593733, 5.15841565, 4.87842144, 3.74992848, 4.57531114, 4.33857176, 4.0846857, 4.17953864, 4.83090909;3.98527615, 5.61360015, 5.39158539, 3.76813223, 4.92971712, 4.68632332, 3.22306072, 5.58072912, 4.11272017, 4.40975993, 4.53500532, 3.57992422, 5.12060673, 5.29709789, 5.50919814, 3.93896535, 4.1919345;4.52029779, 5.05077021, 5.13916015, 4.97970798, 4.34635424, 3.19647627, 3.83374688, 5.90215662, 5.53948914, 6.55463748, 4.38385854, 4.64233105, 5.37268233, 4.05510174, 3.57814626, 4.28355897, 6.44828384;3.72602331, 3.76051102, 5.02141726, 3.80286036, 4.15703531, 3.18668314, 3.85556294, 3.38739633, 3.3083724, 4.53766468, 3.84394181, 5.14729569, 4.12606159, 4.45753445, 3.97558155, 2.87197649, 5.42239032;4.21305056, 3.99308681, 5.36586308, 2.55969179, 4.24056225, 3.68512904, 4.03566437, 3.10603685, 4.04893584, 3.64853797, 3.10648099, 3.98046221, 3.26071579, 4.16562672, 4.363811, 2.94942764, 6.50800508;4.09773302, 3.04492487, 4.30324227, 3.9908663, 3.49550958, 3.54202013, 2.84737949, 5.26323843, 4.46971739, 5.75247153, 3.03729786, 2.86007263, 4.21073098, 2.86154204, 3.63999254, 3.19771855, 5.91478941;5.76198653, 4.94928326, 5.42645034, 5.07875653, 4.05382193, 5.45189025, 5.50485687, 4.65607848, 4.41921285, 5.43854654, 4.40162812, 4.92216976, 5.71940403, 5.63080846, 3.29302404, 4.0612069, 6.76379303;4.5294862, 4.73353231, 6.12439078, 3.14610748, 4.61868298, 4.01529117, 3.09093104, 4.79805964, 3.25659444, 3.40563169, 4.57820515, 4.82488461, 4.0684225, 3.21829173, 5.07324878, 3.45632417, 5.93903447;3.95858968, 3.6220491, 4.5662884, 2.96953514, 2.89467446, 2.60112622, 2.1575409, 4.06296137, 3.03546868, 4.40632821, 2.52072281, 3.80952649, 3.90988232, 3.37668216, 3.17283648, 1.82836428, 5.91375855;4.4098082, 4.47969237, 5.44689028, 3.78786094, 4.54976115, 3.9451669, 4.2503554, 4.0511483, 3.49295574, 2.96420414, 4.40074505, 4.63534193, 3.27461765, 4.99269233, 5.1326663, 3.27527217, 5.52887688;6.4910205, 6.2275687, 6.11638054, 5.93234306, 5.72069749, 4.61561284, 5.09997499, 5.06161215, 5.93995905, 5.19598822, 5.02764321, 4.1861417, 5.35332466, 4.94999677, 5.17980091, 4.66567242, 6.85105089];
distance_feature_type = 'Real';
distance_matrix_train = [0, 4.39341067, 4.53056429, 5.79001633, 5.50888054, 4.26324938, 4.79564204, 5.23616609, 5.26024605, 5.31310231, 6.02239009;4.39341067, 0, 5.20668565, 4.40202131, 5.13645851, 5.06397307, 5.78476032, 3.83128783, 3.82879473, 4.00182155, 5.45490275;4.53056429, 5.20668565, 0, 4.51519092, 4.95893731, 3.347075, 4.77132069, 5.80277521, 3.44750121, 5.37690002, 5.76556157;5.79001633, 4.40202131, 4.51519092, 0, 3.15345591, 4.45084813, 4.65517971, 4.50433166, 2.89564618, 3.89488831, 5.13725091;5.50888054, 5.13645851, 4.95893731, 3.15345591, 0, 3.5099804, 4.70939912, 3.66719387, 3.21037282, 2.89773494, 4.31769063;4.26324938, 5.06397307, 3.347075, 4.45084813, 3.5099804, 0, 4.2591483, 5.10385795, 2.27601834, 5.11497193, 5.44985705;4.79564204, 5.78476032, 4.77132069, 4.65517971, 4.70939912, 4.2591483, 0, 5.74356894, 3.73873673, 4.74143342, 6.04800942;5.23616609, 3.83128783, 5.80277521, 4.50433166, 3.66719387, 5.10385795, 5.74356894, 0, 3.40411933, 3.27053072, 5.31611151;5.26024605, 3.82879473, 3.44750121, 2.89564618, 3.21037282, 2.27601834, 3.73873673, 3.40411933, 0, 3.29259878, 4.95685409;5.31310231, 4.00182155, 5.37690002, 3.89488831, 2.89773494, 5.11497193, 4.74143342, 3.27053072, 3.29259878, 0, 5.14258309;6.02239009, 5.45490275, 5.76556157, 5.13725091, 4.31769063, 5.44985705, 6.04800942, 5.31611151, 4.95685409, 5.14258309, 0];
distance_feature_class = 'simple';
