distance_name = 'CanberraMetric';
distance_accuracy = 1e-08;
init_random = 42;
distance_data_train = [0.3745401, 0.9507143, 0.7319939, 0.5986585, 0.1560186, 0.1559945, 0.0580836, 0.8661761, 0.601115, 0.7080726, 0.0205845;0.9699099, 0.8324426, 0.2123391, 0.181825, 0.1834045, 0.3042422, 0.5247564, 0.431945, 0.2912291, 0.6118529, 0.1394939;0.2921446, 0.3663618, 0.45607, 0.785176, 0.1996738, 0.5142344, 0.5924146, 0.0464504, 0.6075449, 0.1705241, 0.0650516;0.9488855, 0.965632, 0.8083973, 0.3046138, 0.0976721, 0.684233, 0.4401525, 0.1220382, 0.4951769, 0.0343885, 0.9093204;0.25878, 0.6625223, 0.3117111, 0.520068, 0.5467103, 0.1848545, 0.9695846, 0.7751328, 0.9394989, 0.8948274, 0.5979;0.9218742, 0.0884925, 0.1959829, 0.0452273, 0.3253303, 0.3886773, 0.271349, 0.8287375, 0.3567533, 0.2809345, 0.5426961;0.1409242, 0.802197, 0.0745506, 0.9868869, 0.7722448, 0.1987157, 0.0055221, 0.8154614, 0.7068573, 0.7290072, 0.7712703;0.0740447, 0.3584657, 0.1158691, 0.8631034, 0.6232981, 0.330898, 0.0635584, 0.3109823, 0.3251833, 0.7296062, 0.6375575;0.8872127, 0.4722149, 0.1195942, 0.7132448, 0.760785, 0.5612772, 0.7709672, 0.4937956, 0.5227328, 0.427541, 0.0254191;0.1078914, 0.0314292, 0.6364104, 0.314356, 0.5085707, 0.9075665, 0.2492922, 0.4103829, 0.7555511, 0.2287982, 0.0769799;0.2897515, 0.1612213, 0.9296977, 0.8081204, 0.6334038, 0.8714606, 0.8036721, 0.1865701, 0.892559, 0.5393422, 0.8074402];
distance_data_test = [0.8960913, 0.3180035, 0.1100519, 0.2279352, 0.4271078, 0.8180148, 0.8607306, 0.0069521, 0.5107473, 0.417411, 0.2221078, 0.1198654, 0.3376152, 0.9429097, 0.3232029, 0.5187906, 0.703019;0.3636296, 0.9717821, 0.9624473, 0.2517823, 0.4972485, 0.3008783, 0.2848405, 0.0368869, 0.6095643, 0.502679, 0.0514788, 0.2786465, 0.9082659, 0.2395619, 0.1448949, 0.4894528, 0.9856505;0.2420553, 0.6721355, 0.7616196, 0.2376375, 0.7282163, 0.3677831, 0.6323058, 0.6335297, 0.5357747, 0.0902898, 0.8353025, 0.3207801, 0.1865185, 0.0407751, 0.5908929, 0.6775644, 0.0165878;0.5120931, 0.2264958, 0.6451728, 0.1743664, 0.6909377, 0.3867353, 0.93673, 0.1375209, 0.3410664, 0.1134735, 0.9246936, 0.8773394, 0.2579416, 0.659984, 0.8172222, 0.5552008, 0.5296506;0.2418523, 0.0931028, 0.8972158, 0.9004181, 0.6331015, 0.3390298, 0.3492096, 0.7259557, 0.8971103, 0.8870864, 0.7798755, 0.6420316, 0.08414, 0.1616287, 0.8985542, 0.6064291, 0.0091971;0.1014715, 0.6635018, 0.0050616, 0.1608081, 0.5487338, 0.6918952, 0.6519613, 0.2242693, 0.7121792, 0.2372491, 0.3253997, 0.7464914, 0.6496329, 0.8492234, 0.6576129, 0.5683086, 0.0936748;0.3677158, 0.2652024, 0.2439896, 0.9730106, 0.3930977, 0.8920466, 0.6311386, 0.7948113, 0.5026371, 0.5769039, 0.4925177, 0.195243, 0.7224521, 0.2807724, 0.024316, 0.6454723, 0.1771107;0.9404586, 0.9539286, 0.9148644, 0.3701587, 0.0154566, 0.9283186, 0.4281841, 0.9666548, 0.96362, 0.8530095, 0.2944489, 0.3850977, 0.8511367, 0.316922, 0.1694927, 0.5568013, 0.9361548;0.6960298, 0.5700612, 0.0971765, 0.6150072, 0.9900539, 0.140084, 0.5183297, 0.8773731, 0.7407686, 0.6970157, 0.7024841, 0.3594912, 0.2935918, 0.8093612, 0.8101134, 0.8670723, 0.9132406;0.5113424, 0.5015163, 0.7982952, 0.6499639, 0.7019669, 0.7957927, 0.8900053, 0.3379952, 0.375583, 0.0939819, 0.5782801, 0.0359423, 0.465598, 0.5426446, 0.2865413, 0.5908333, 0.0305002;0.0373482, 0.8226006, 0.3601906, 0.1270605, 0.5222433, 0.7699936, 0.215821, 0.6228905, 0.0853475, 0.0516817, 0.5313546, 0.5406351, 0.6374299, 0.7260913, 0.9758521, 0.5163003, 0.3229565];
distance_matrix_test = [4.93717604, 4.22959597, 5.51790095, 5.58042782, 3.84731955, 5.23166656, 4.16673246, 6.53213737, 4.43593742, 5.15841571, 4.87842112, 3.74992773, 4.5753109, 4.33857189, 4.08468497, 4.17953858, 4.8309094;3.98527572, 5.61360007, 5.39158512, 3.76813248, 4.92971724, 4.68632339, 3.22306064, 5.58072941, 4.11272005, 4.40975972, 4.53500513, 3.57992399, 5.12060669, 5.29709796, 5.50919809, 3.93896536, 4.19193577;4.5202982, 5.05077021, 5.13915993, 4.97970806, 4.34635463, 3.19647651, 3.83374703, 5.90215697, 5.53948898, 6.55463758, 4.38385827, 4.64233121, 5.37268232, 4.05510225, 3.57814501, 4.28355907, 6.44828398;3.72602283, 3.76051083, 5.02141689, 3.80286045, 4.15703527, 3.18668294, 3.85556281, 3.38739703, 3.30837232, 4.53766481, 3.84394139, 5.14729535, 4.12606151, 4.45753432, 3.97558155, 2.87197642, 5.42239046;4.21305082, 3.99308695, 5.36586315, 2.5596917, 4.24056256, 3.68512917, 4.03566455, 3.10603738, 4.04893594, 3.64853808, 3.10648071, 3.98046195, 3.26071609, 4.16562714, 4.3638109, 2.94942793, 6.50800542;4.097733, 3.044925, 4.30324217, 3.99086635, 3.49550964, 3.5420201, 2.8473794, 5.26323902, 4.46971725, 5.75247159, 3.03729761, 2.86007206, 4.21073118, 2.86154235, 3.63999215, 3.19771872, 5.91478917;5.76198668, 4.94928336, 5.42645031, 5.07875648, 4.05382259, 5.45189045, 5.50485674, 4.65607952, 4.41921289, 5.43854668, 4.40162796, 4.92216971, 5.71940429, 5.63080856, 3.29302513, 4.06120688, 6.76379333;4.52948651, 4.73353237, 6.12439089, 3.14610762, 4.61868309, 4.0152913, 3.09093084, 4.79805974, 3.25659449, 3.40563218, 4.57820485, 4.82488432, 4.06842257, 3.21829205, 5.07324866, 3.45632426, 5.93903509;3.95858987, 3.62204894, 4.56628846, 2.96953506, 2.89467446, 2.60112657, 2.15754074, 4.06296169, 3.0354685, 4.40632829, 2.52072247, 3.80952616, 3.90988249, 3.3766822, 3.17283642, 1.82836439, 5.91375865;4.40980849, 4.47969254, 5.44689033, 3.78786077, 4.54976127, 3.9451671, 4.25035563, 4.0511487, 3.49295587, 2.96420442, 4.40074505, 4.63534189, 3.27461778, 4.99269262, 5.13266645, 3.27527229, 5.52887729;6.4910205, 6.22756853, 6.11638075, 5.93234297, 5.7206975, 4.61561301, 5.09997508, 5.06161466, 5.93995886, 5.19598813, 5.02764296, 4.18614137, 5.35332461, 4.94999731, 5.17980093, 4.66567245, 6.85105177];
distance_feature_type = 'Real';
distance_matrix_train = [0, 4.39341037, 4.53056448, 5.79001626, 5.50888053, 4.2632493, 4.79564231, 5.23616597, 5.26024601, 5.3131024, 6.02238973;4.39341037, 0, 5.20668583, 4.4020211, 5.13645841, 5.06397306, 5.78476007, 3.83128791, 3.82879479, 4.00182148, 5.45490254;4.53056448, 5.20668583, 0, 4.5151907, 4.95893726, 3.34707502, 4.77132077, 5.80277522, 3.44750102, 5.37690013, 5.76556154;5.79001626, 4.4020211, 4.5151907, 0, 3.15345582, 4.45084785, 4.65517955, 4.50433161, 2.89564587, 3.89488838, 5.13725089;5.50888053, 5.13645841, 4.95893726, 3.15345582, 0, 3.50998018, 4.7093991, 3.6671939, 3.21037285, 2.89773536, 4.31769061;4.2632493, 5.06397306, 3.34707502, 4.45084785, 3.50998018, 0, 4.25914839, 5.10385794, 2.27601842, 5.11497215, 5.44985678;4.79564231, 5.78476007, 4.77132077, 4.65517955, 4.7093991, 4.25914839, 0, 5.74356891, 3.73873669, 4.74143352, 6.04800914;5.23616597, 3.83128791, 5.80277522, 4.50433161, 3.6671939, 5.10385794, 5.74356891, 0, 3.40411943, 3.27053073, 5.3161117;5.26024601, 3.82879479, 3.44750102, 2.89564587, 3.21037285, 2.27601842, 3.73873669, 3.40411943, 0, 3.292599, 4.95685403;5.3131024, 4.00182148, 5.37690013, 3.89488838, 2.89773536, 5.11497215, 4.74143352, 3.27053073, 3.292599, 0, 5.14258319;6.02238973, 5.45490254, 5.76556154, 5.13725089, 4.31769061, 5.44985678, 6.04800914, 5.3161117, 4.95685403, 5.14258319, 0];
distance_feature_class = 'simple';
