init_random = 42;
data_type = '';
dm_test = [37.1, 36, 28.5, 36.4, 36.5, 39.5666667, 31.3666667, 35.3333333, 28.9, 42.5, 31.5666667, 42, 32.3333333, 36.8333333, 28.8333333, 32.2333333, 30.7666667, 33.6666667, 34.5666667, 29.1666667, 34, 29.1666667, 38.5666667, 37.4666667, 35.7, 40.4666667, 32.5666667, 33.6666667, 30.7333333, 38.2666667, 40.3666667, 31.7333333, 33.5, 39.6, 32.0333333, 35.8666667, 32.1666667, 33.9666667, 37.7, 30.2, 39.8333333, 32.8, 37.8666667, 39.5333333, 31.2666667, 39.7, 35.0333333, 32.8333333, 30.3333333, 38.2, 37.8666667, 33.8666667, 31.4;32.2333333, 30.5666667, 32.0666667, 41.6666667, 32.8285714, 36.1666667, 37.6666667, 37.7333333, 34.8666667, 35.5666667, 41.3333333, 23.7333333, 40.0666667, 33.7333333, 31.8095238, 35.2, 38.0333333, 39.8666667, 35.2333333, 33.4666667, 34.3666667, 41.1666667, 36.3666667, 37.6666667, 37.8666667, 36.1095238, 40.0333333, 34, 38.3666667, 35.5333333, 37.4, 36.2, 42.5, 32.1666667, 38.3333333, 38.3333333, 36.7333333, 34.1428571, 31.4, 40.0333333, 39.2333333, 43.1333333, 31.1333333, 37.1666667, 29.4333333, 30.2333333, 30.5, 33.8666667, 34.6666667, 36.1, 35.9333333, 28.7, 37.4;34.8666667, 36.3333333, 34.1, 38.0428571, 34.2666667, 29.5333333, 32.9666667, 38.5, 32.1, 33.4, 32.7, 37.4095238, 32.9666667, 26.8666667, 34.2666667, 25.3333333, 37.3666667, 36.2333333, 41.6, 33.4333333, 34.3333333, 39.8333333, 41.6666667, 27, 40.3, 41.3, 39.5095238, 38.9333333, 41, 35.7333333, 40.5333333, 36.2, 32.3333333, 29.4333333, 35.3333333, 39, 41.7333333, 32.1333333, 38.8333333, 36.5666667, 33.3333333, 40.0333333, 33.5666667, 38.8666667, 32.3333333, 29.5333333, 36.3333333, 37.7, 32.4, 38.0333333, 42.1666667, 27.1761905, 35.9333333;36.8, 37.0619048, 31.7111111, 35.0666667, 28.9166667, 45.8333333, 36.0333333, 36.8333333, 37.3333333, 39.7, 41.3333333, 29.5285714, 32.7, 37.9166667, 37.9285714, 37.9333333, 40.5, 36.5, 26.6333333, 38.9666667, 39.9166667, 37.2, 32.1666667, 35.9619048, 39.1666667, 38.5666667, 32.6, 31.0666667, 24.1666667, 31.9833333, 36.1777778, 38.0952381, 35.8952381, 34.3, 36.4, 39.5333333, 33.65, 38.1666667, 33.7, 31.5666667, 33.6444444, 32.4333333, 27.5833333, 40, 39.9666667, 36.2, 30.6619048, 35.4, 35.7666667, 36.7666667, 31.4666667, 43.3666667, 38.8666667;41.3666667, 28.7, 34.9333333, 40.6333333, 35.0611111, 30.6545455, 39.5333333, 32.2, 37.8333333, 41.3111111, 37.1111111, 35.9333333, 40.1, 34.5, 34.8111111, 39.7, 31.7, 37.9777778, 46.5, 31.7666667, 36.8777778, 33.6444444, 36.3545455, 38.5666667, 29.3666667, 35.5, 37.0333333, 40.7, 41.1666667, 32.6212121, 31.7333333, 34.5878788, 34.7333333, 44.9666667, 39.1666667, 32.1444444, 32.8, 33.7666667, 43.5333333, 31.6666667, 34.9, 44.7, 39.8333333, 33.2333333, 31.9777778, 39.2, 33.7777778, 38.6, 38.4, 35.6444444, 34.3666667, 34.8777778, 31.2;38.8333333, 41.7333333, 28.9666667, 33.4666667, 32.2, 33.1, 38.1666667, 39.2666667, 38.4, 45.6666667, 31.2333333, 31.3333333, 37.0666667, 33.9, 35.9, 36.5333333, 37.8666667, 35.5333333, 28.4666667, 33.4333333, 34.5333333, 31.4333333, 29.7333333, 39.9333333, 39.7333333, 36.6666667, 30.7333333, 40.0333333, 34.4666667, 35.5, 36.8666667, 39.2, 37.9666667, 35.1, 28.0666667, 37.3, 34.7333333, 36.8761905, 37.7, 25.4333333, 43.6666667, 35.0333333, 41.2666667, 41.7333333, 35.6333333, 42.8666667, 38.6666667, 40.2333333, 31.5666667, 36.5, 37.8666667, 41.2, 29.7;23.6333333, 32.4761905, 36.5, 38.9666667, 35.3333333, 31.0333333, 29.6666667, 32.1, 38.3333333, 30.7, 32.6, 31.6, 40.8666667, 34.8666667, 34, 31.9333333, 38.7666667, 34.1, 37.5666667, 37, 28.2333333, 40.6666667, 32.1333333, 31.5333333, 31.7333333, 31.6, 43.2333333, 31.5333333, 34.3666667, 39.2, 36.3666667, 32.5666667, 34.1666667, 34.9333333, 35.5, 37.8333333, 39.7666667, 37.3333333, 28.7, 42.1666667, 30.2, 38.7666667, 33.4333333, 28.0333333, 28.6666667, 28.5333333, 34, 29.2666667, 30.4, 31.3333333, 29.0095238, 33.2666667, 38.9285714;39.5333333, 37.6, 30, 44.1333333, 36.9619048, 35.3, 32.4333333, 43.2666667, 31.9333333, 31.6666667, 31.9, 30.5333333, 40.1, 33.3, 30.1, 28.1666667, 38.0333333, 28.5333333, 35.0333333, 33.8666667, 34, 32.6761905, 41.3666667, 37.0333333, 36.5, 36.6, 37.5095238, 29.3, 38.9666667, 38.6666667, 39.1666667, 38.3, 34.2, 32.1666667, 31.2952381, 32.8095238, 38.7, 33.5666667, 30, 36.5333333, 35.8333333, 35.5333333, 36.8, 34, 30, 30.3666667, 37.3666667, 35.9333333, 33.1666667, 35.5, 43.3666667, 28.2666667, 38.3;40.4, 35.9, 29.2666667, 34.1666667, 36.3666667, 35.4333333, 30.5, 39.3333333, 29.2, 37.8666667, 34.0333333, 34.2666667, 32.4, 38.1666667, 39, 34.1, 31.2666667, 35.0333333, 35.1333333, 38.9, 34, 31.1666667, 37.0666667, 30.1, 36.3666667, 34.3333333, 30.0666667, 38.8666667, 37.9, 36.0333333, 29.3666667, 40.3333333, 35.6, 31.6, 27.5666667, 35.7666667, 36.3333333, 35.2, 31.3666667, 33.7333333, 42.3333333, 40.4, 35.5666667, 30.0333333, 30.8333333, 32.3666667, 35.8333333, 36.7, 33.0333333, 30.5333333, 35.8666667, 29.9666667, 32;39.0666667, 28.5857143, 33.8333333, 45.2, 38.6904762, 36.9333333, 31.3, 28.4761905, 38.9666667, 40.5238095, 28.4142857, 47.3666667, 36.8, 33.6095238, 36.0809524, 33.3666667, 40.2666667, 35.8809524, 38.8333333, 33.6333333, 37.047619, 34.9809524, 37.6, 34.5333333, 36.3666667, 41.1, 40.7666667, 30.8, 33.9333333, 41.1, 31.3666667, 36.7666667, 33, 46.6666667, 35.6666667, 32.2142857, 33.6333333, 30.0761905, 37.7, 31.3428571, 34.7666667, 33.0333333, 34.6, 34.4, 35.247619, 43.6, 27.9142857, 32.7761905, 45.5, 24.0142857, 32.2761905, 37.247619, 37.3666667;30.3428571, 37.9333333, 30, 37.7, 39.9333333, 36.8333333, 26.6428571, 39.6, 28.1333333, 32.5, 31.4666667, 37.3, 36.1, 32.5333333, 39.4333333, 34.9666667, 39.2666667, 41.8333333, 32.3666667, 31.6666667, 39.5, 35.5, 39.0666667, 25.2, 37.4666667, 29.5666667, 35.5333333, 28.3333333, 30.9666667, 39.1666667, 41.6333333, 34.6666667, 40.0333333, 42.6333333, 27.4761905, 34.4666667, 37.1333333, 31.2333333, 29.5666667, 39.5333333, 36.0666667, 40.3666667, 39.0333333, 29.3, 29.8333333, 32, 31.8333333, 41.3, 38.0333333, 33.3666667, 41.5666667, 24.4666667, 29];
seqlen = 60;
