init_random = 42;
data_type = '';
dm_test = [36, 37.6;38.2666667, 39.4;33.6333333, 30.2333333;36.3666667, 33.7;40.6, 41.4333333;35.2666667, 33.4666667;41.3333333, 34.5428571;30.9666667, 31.3095238;32.4, 33.3;34.8333333, 39.7333333;47.5, 31.7095238];
seqlen = 60;
data_test = {'TGAATTTACCGGCAGGACCGGGTACTACCACATAGGCCACGTAGATCCGTGGCGGGATGG', 'ATTGGCCTCCCTCAGTAAACCGGGCTCTGAGCGAATATCGGGCAACGTTTTGCTGGACCTGCTACAGTCTCTTTATGCTCTAGGAAACCGCCGATTGGTAAA'};
gap = 0;
feature_obtain = 'Char';
feature_type = 'Word';
reverse = 'False';
dm_train = [0, 37.7333333, 39.8333333, 38.3, 37.8, 34.4333333, 36.5666667, 38.7, 27.4, 38.5333333, 34.2;37.7333333, 0, 39.8, 34.5, 33.1095238, 42.7333333, 30.0333333, 40.8333333, 34.1333333, 31.9333333, 35.7095238;39.8333333, 39.8, 0, 33.5, 28.0428571, 36.1, 37.3809524, 34.8333333, 34.2, 33.9666667, 26.0333333;38.3, 34.5, 33.5, 0, 36.3, 35.0666667, 31, 33.8333333, 34.3666667, 29.7333333, 35.3428571;37.8, 33.1095238, 28.0428571, 36.3, 0, 40.5428571, 37.1809524, 47.4666667, 35.3333333, 40.1333333, 25.2428571;34.4333333, 42.7333333, 36.1, 35.0666667, 40.5428571, 0, 36.4, 32.2, 36.9, 36.6333333, 39.7333333;36.5666667, 30.0333333, 37.3809524, 31, 37.1809524, 36.4, 0, 33.8095238, 34.6666667, 30.1, 39.4333333;38.7, 40.8333333, 34.8333333, 33.8333333, 47.4666667, 32.2, 33.8095238, 0, 29.9, 34.7666667, 31.3666667;27.4, 34.1333333, 34.2, 34.3666667, 35.3333333, 36.9, 34.6666667, 29.9, 0, 37.5, 30.0666667;38.5333333, 31.9333333, 33.9666667, 29.7333333, 40.1333333, 36.6333333, 30.1, 34.7666667, 37.5, 0, 36.2;34.2, 35.7095238, 26.0333333, 35.3428571, 25.2428571, 39.7333333, 39.4333333, 31.3666667, 30.0666667, 36.2, 0];
name = 'CanberraWordDistance';
data_train = {'TCATCAGGTGCCAATCCACGCGGAATCCTTAAAATTAGGCTTCCTTAGCCTCTGCGTAAC', 'CAGAAGACTTCTCAAAAGTCAAAGATGCGATCCCGTGCGTTGTACTGTTCATTTTCTAGA', 'GGGTATGACCTGCTACCCGAAAATGAAAAAGAGTATACGCAGGAGCAAAGTAGCCGCGAA', 'AAACATTATGTCGACAGCACCTCCTATAGAAAGCCCCGACTAGAGTAAATCAATAGGCAG', 'CAGATGGGCTCTATGATCGCGAACTGAAAAGAAAAGTGCATCGAGAAATGAGTGCAAACT', 'CGGGCTTTCCGATAAACGAATGACGAAACGGGGAGCCAGGATCCTTATTGAATGATGTTT', 'CAAACAGCTATTTTTCTTCACCATCATCTGTTGAATATTCGTAGACTTGACGAGTCTGCT', 'TGGGATTCATAGGGTTTGAGCACATGTACGCCAGAGTCCCTTAGTTTTTATTAGAACCAC', 'GGTCAAGGCAACGTAGAAGGCAGCGAATTAGGATAACTGCTTCCTCTGGGATTACCATGT', 'TAACCGAAGTGACGACCATAGCCACATGTGTCTAGACATTTGTCTTTGCCCAAGGCGACG', 'GTTAGAACCCTCGCAAGGTTATTAGTCTTGGGGAAGAGTGCGAGCAAAAAATGCTGCGAA'};
feature_class = 'string_complex';
alphabet = 'DNA';
accuracy = 1e-07;
order = 3;
data_class = 'dna';
