data_type = ''
dm_test = [33.8333333, 33.5428571;29.2333333, 35.0333333;27.9333333, 26.0666667;33, 31.1666667;37.7, 37.1;37.0952381, 34.1166667;30.9333333, 39.7333333;33.7, 37.3095238;34.5285714, 33.45;33.3333333, 33.4666667;36, 39.5333333]
seqlen = 60
data_test = ['TATCCCGGTCGCCCTCTACAGGCTCCGGCCGTGGGTTACATGCCAGGCGCTTTTCTCAAC', 'TACGGTCTATGTGTAAGTCGGGTTGAGACTGGCCTGCTTGCCCAAATTGCCGAGTTTACCTGGATGTCGCAGATGCCTGAGTTGGAAGGCATTTCCATTTAG']
gap = 0
feature_obtain = 'Char'
feature_type = 'Word'
reverse = 'False'
dm_train = [0, 38.3666667, 34.6666667, 31.8333333, 32.3666667, 34.3111111, 36.1333333, 41.5, 36.3444444, 35.2666667, 40.9;38.3666667, 0, 29.1666667, 41.0666667, 41.3095238, 29.6, 35, 34, 39.1333333, 34.5, 34.5666667;34.6666667, 29.1666667, 0, 33.6666667, 34.3666667, 32.6666667, 34.7666667, 34.4666667, 29.1, 33, 38.3666667;31.8333333, 41.0666667, 33.6666667, 0, 31.5666667, 34.2619048, 42.0666667, 36.3666667, 31.9285714, 30.8666667, 41.5;32.3666667, 41.3095238, 34.3666667, 31.5666667, 0, 31.5952381, 40.1666667, 35.0333333, 35.3619048, 40.3333333, 34.6;34.3111111, 29.6, 32.6666667, 34.2619048, 31.5952381, 0, 40.8666667, 33.9619048, 32.5, 36.1285714, 30.8333333;36.1333333, 35, 34.7666667, 42.0666667, 40.1666667, 40.8666667, 0, 38.5666667, 32.8428571, 30.4, 30.3333333;41.5, 34, 34.4666667, 36.3666667, 35.0333333, 33.9619048, 38.5666667, 0, 31.2952381, 32.2333333, 37.2333333;36.3444444, 39.1333333, 29.1, 31.9285714, 35.3619048, 32.5, 32.8428571, 31.2952381, 0, 27.0714286, 35.7;35.2666667, 34.5, 33, 30.8666667, 40.3333333, 36.1285714, 30.4, 32.2333333, 27.0714286, 0, 29.1666667;40.9, 34.5666667, 38.3666667, 41.5, 34.6, 30.8333333, 30.3333333, 37.2333333, 35.7, 29.1666667, 0]
name = 'CanberraWordDistance'
data_train = ['GTAGGAATTAACCCTAAAAGAGCGTTCCTTTACAAGACAGGGACGTCTAGCTTTTTATCC', 'GAACATACACCATATCTAGTCGGCACTGTGTACACCCAATCGGTATCGTTCTTGGGCCCT', 'TGGAAGCCCAATGCAAGGCCTACCGGGCGTTGAGTTCGAGCATGTGTCTTCCGTCAGTAT', 'CCCTCTCGCTTCCGAGCTCAAGGATTAATTTAACTGATGTTTATTCGCATCATCTAGCAG', 'ACTATGCGACATAGCGAGACAACAGGGATTCACTTCCAGCATTTTGTCAAACAGCTACCG', 'CATTGGTCAACTTGTTCGACAGGCCTTTTTTTCGAGAGAAGTGGAACAATAGATATAGGG', 'ACTTCTGGCTCAGTAACCGTTCTCACCGGGTACGGTCTTGCGTCGTAAAGTCTTAAGGTA', 'AATCCACTTGCGATCATGACGGGTGCGAGAGTTTTCATCTCTCACGAGTCCCTTGCACGA', 'AGTGCTTTCCAGTATTTATCCGGATGGGAATCAAGGGAGGGCTTTTGATCACTTCTTTAT', 'AGGAACCGTTTGGAGTGCTTGGAATGATGTAGTTTAATCGGTACTCTCCTTAACTTCTCC', 'CCTCCTGGAACGTGGGTCGTATACGGGAAAACGAGTGCTCGTCACATACTCCGAGGATAG']
feature_class = 'string_complex'
alphabet = 'DNA'
accuracy = 1e-07
order = 3
data_class = 'dna'
