dm_train = [0, 2.40437061, 2.47072572, 3.85012297, 1.82692188, 3.92161067, 4.0587089, 2.74214355, 4.3417814, 3.15612825, 3.98055479;2.40437061, 0, 3.04190998, 4.53313427, 2.64837121, 4.56721345, 4.90895227, 3.73583215, 3.55960188, 2.94872153, 3.40262783;2.47072572, 3.04190998, 0, 3.56450744, 3.3619787, 4.37800906, 4.27612212, 3.23247432, 3.95079567, 4.36414116, 3.7175544;3.85012297, 4.53313427, 3.56450744, 0, 3.9964233, 4.63576749, 4.08068916, 4.16401718, 3.86430097, 5.24195579, 5.05699206;1.82692188, 2.64837121, 3.3619787, 3.9964233, 0, 4.57434968, 3.93835243, 2.93096655, 3.62140081, 2.50604225, 3.63235303;3.92161067, 4.56721345, 4.37800906, 4.63576749, 4.57434968, 0, 3.89286464, 5.18730413, 4.4862158, 4.46013104, 5.2508344;4.0587089, 4.90895227, 4.27612212, 4.08068916, 3.93835243, 3.89286464, 0, 4.00362986, 4.13304656, 3.76720257, 4.33279421;2.74214355, 3.73583215, 3.23247432, 4.16401718, 2.93096655, 5.18730413, 4.00362986, 0, 3.60431282, 2.85702948, 3.31489388;4.3417814, 3.55960188, 3.95079567, 3.86430097, 3.62140081, 4.4862158, 4.13304656, 3.60431282, 0, 3.56188871, 3.27025779;3.15612825, 2.94872153, 4.36414116, 5.24195579, 2.50604225, 4.46013104, 3.76720257, 2.85702948, 3.56188871, 0, 3.13149051;3.98055479, 3.40262783, 3.7175544, 5.05699206, 3.63235303, 5.2508344, 4.33279421, 3.31489388, 3.27025779, 3.13149051, 0]
name = 'CanberraMetric'
data_type = 'double'
dm_test = [3.17669839, 3.94948841, 3.35214805, 4.73546778, 1.93219461, 4.17115298, 2.73325961, 4.08193523, 4.84101343, 3.30749039, 1.82485482, 2.18085163, 3.65616146, 2.42897152, 3.72184452, 4.43219804, 4.34841206;2.5141508, 4.46792687, 3.48591771, 3.99814963, 2.60685666, 3.96511865, 4.00677099, 4.8500931, 3.8977091, 3.71011135, 2.28951583, 1.79363732, 3.55623238, 3.64251069, 4.18141333, 3.99516635, 4.59985112;2.75638356, 4.77195378, 3.9153488, 4.40361119, 2.33094506, 3.40010536, 2.79664846, 3.3162991, 4.32097701, 4.09993353, 2.88008446, 3.11995349, 3.71578691, 3.2690198, 4.28718739, 4.3515564, 3.96039813;4.43018182, 5.72878405, 4.67104111, 4.83546383, 3.7088684, 3.88234274, 3.92396349, 4.41334012, 5.15726683, 4.72751716, 4.338007, 4.02067612, 4.65868467, 4.72074397, 4.72622641, 4.26942991, 4.17269727;2.97231945, 4.82984967, 2.98694912, 4.19460049, 2.53117747, 4.58398993, 3.75657878, 4.98265244, 4.51904084, 3.24089931, 2.4200725, 2.38020995, 3.78667137, 2.9950821, 4.20784012, 4.08449378, 4.34571597;4.08222168, 5.33485208, 6.08466117, 6.32969499, 3.67458833, 3.73054309, 5.79541088, 4.13059287, 6.36093262, 4.83483355, 3.92986846, 4.55039212, 3.71216877, 4.99711355, 5.44225728, 4.79929309, 4.2664439;4.38926722, 5.24322117, 5.54312067, 5.89321516, 3.04059344, 3.25702287, 4.3536483, 4.37953635, 6.05068105, 4.39976503, 4.3384227, 4.46342716, 5.8170957, 3.70199872, 5.39298067, 4.33505679, 3.41435914;3.31291593, 4.79579481, 3.37237475, 4.69523023, 2.28250426, 4.1732153, 3.07144673, 3.71425041, 4.75138079, 3.03519772, 2.78196676, 2.76666535, 4.46242405, 2.08263117, 3.32501661, 4.21003666, 4.64328482;4.15195771, 5.75495759, 4.66031292, 4.82406103, 3.23078435, 3.35125944, 4.78646576, 5.17183627, 4.16973899, 3.93044123, 4.23360927, 2.97122479, 3.92797023, 4.42903161, 3.81803825, 3.57420672, 3.73895083;2.64742338, 5.01363592, 4.17783553, 5.0922998, 3.2735221, 3.6173688, 4.46411764, 5.05407693, 4.90542759, 2.43711535, 1.91879685, 1.96747539, 4.38908258, 3.01893473, 4.48081379, 3.32196194, 3.59901056;3.13064394, 5.59657423, 4.40116143, 4.55539136, 3.21515467, 3.56138204, 3.50622631, 5.00103672, 4.21884939, 3.46682261, 3.83247833, 2.95907651, 4.5857449, 3.09672303, 4.7571889, 3.103981, 3.38096986]
data_train = [0.903980009, 0.527563721, 0.735901986, 0.83850099, 0.949586768, 0.869352848, 0.483311449, 0.335970307, 0.154493236, 0.400321482, 0.366493579;0.559574842, 0.665509409, 0.978325476, 0.728386186, 0.643748532, 0.335092434, 0.0345038765, 0.288125129, 0.7684479, 0.205271941, 0.712188194;0.579779843, 0.17185687, 0.261624806, 0.496303603, 0.418374705, 0.778563848, 0.734404643, 0.574574503, 0.822274711, 0.562669541, 0.964389257;0.217224099, 0.714131994, 0.369944132, 0.278966194, 0.180387476, 0.552503476, 0.215469433, 0.200350851, 0.990531905, 0.801747417, 0.74827682;0.794060626, 0.968922874, 0.573276689, 0.220243877, 0.862209641, 0.742730729, 0.414308312, 0.473569499, 0.411252398, 0.92994216, 0.343531611;0.963484279, 0.910271771, 0.630521142, 0.579821773, 0.37008928, 0.018338389, 0.127623186, 0.754231323, 0.471540127, 0.149838134, 0.263960854;0.9478369, 0.367132835, 0.907681945, 0.304635832, 0.543220094, 0.0204770834, 0.52187511, 0.636942011, 0.234305099, 0.578937176, 0.647167772;0.686886078, 0.776403322, 0.311339243, 0.567776956, 0.98157903, 0.898144171, 0.952665428, 0.386136399, 0.786928106, 0.619897952, 0.0827350831;0.823980389, 0.677101276, 0.19891736, 0.0797385574, 0.837022131, 0.0789018295, 0.0913538654, 0.427408288, 0.134797828, 0.913669597, 0.470283936;0.569150981, 0.928106089, 0.530263226, 0.353591146, 0.797155106, 0.442850197, 0.318469426, 0.723229459, 0.801605677, 0.791716168, 0.977674414;0.786666949, 0.769933436, 0.857485254, 0.000185195295, 0.362431411, 0.737603096, 0.599719011, 0.177572003, 0.303733089, 0.336792611, 0.567828111]
feature_class = 'simple'
data_test = [0.831598296, 0.93249178, 0.750092413, 0.84295039, 0.470095958, 0.38977532, 0.392708532, 0.616038528, 0.124236706, 0.579494183, 0.66513286, 0.43890874, 0.953167177, 0.608213272, 0.219999472, 0.479216257, 0.675404437;0.323629125, 0.0796416063, 0.583435635, 0.947870169, 0.485071986, 0.906109081, 0.835023588, 0.147412784, 0.708169922, 0.435465525, 0.250246325, 0.686938356, 0.742660719, 0.179896319, 0.914444682, 0.751147244, 0.933375499;0.317073219, 0.939335016, 0.368517658, 0.0539697614, 0.762969389, 0.703508144, 0.597910992, 0.489893744, 0.0321652703, 0.624597252, 0.416834615, 0.560209403, 0.429321342, 0.966056133, 0.604108901, 0.749236331, 0.936346947;0.591599323, 0.0120625178, 0.0342916783, 0.702338434, 0.279085136, 0.579379727, 0.202277181, 0.270248875, 0.504641056, 0.975569463, 0.616270489, 0.936148105, 0.959379854, 0.208109996, 0.311193602, 0.769992281, 0.866764002;0.519226744, 0.993226067, 0.0115721988, 0.299592656, 0.623161754, 0.469289911, 0.116602966, 0.367787085, 0.0254471433, 0.642746046, 0.892742543, 0.884874124, 0.699544474, 0.465770195, 0.512031619, 0.136918824, 0.341017093;0.187728075, 0.821200203, 0.914753901, 0.536923261, 0.727764041, 0.121464771, 0.608534643, 0.702791021, 0.45276813, 0.243273084, 0.877374521, 0.74290872, 0.899857282, 0.818402647, 0.99037443, 0.192172733, 0.0867477678;0.337002791, 0.129004175, 0.523130113, 0.633028905, 0.578288615, 0.259240135, 0.908824031, 0.0211723637, 0.348013354, 0.718992475, 0.766928926, 0.416118544, 0.0169098133, 0.618043679, 0.0630946812, 0.107855776, 0.65025072;0.312488326, 0.348030153, 0.486807077, 0.978578395, 0.965442221, 0.416260999, 0.265499217, 0.302592153, 0.268781298, 0.532245807, 0.606859808, 0.488779388, 0.407994362, 0.211285038, 0.482505591, 0.341102714, 0.541595463;0.675189416, 0.633312174, 0.46249021, 0.556052424, 0.284856131, 0.024240259, 0.625019454, 0.252568559, 0.66895371, 0.7470085, 0.915927746, 0.958122795, 0.0105260463, 0.990374209, 0.683018318, 0.64352416, 0.0152130952;0.861233412, 0.145491447, 0.837330154, 0.0155625463, 0.645964262, 0.434801534, 0.200766729, 0.107561392, 0.440127697, 0.123305805, 0.486446612, 0.625217059, 0.827384194, 0.678649437, 0.0651997667, 0.307432533, 0.287978608;0.915032423, 0.867782044, 0.370147918, 0.0711552559, 0.894107318, 0.888189953, 0.854746132, 0.845081638, 0.480254001, 0.177431652, 0.47748805, 0.494597771, 0.489931753, 0.538772586, 0.257657023, 0.366241181, 0.434186592]
feature_type = 'Real'
data_class = 'rand'
accuracy = 1e-08
