accuracy = 1e-08;
dm_train = [2.22507386e-308, 0.41774549, 0.562584738, 0.740350891, 0.856911816, 0.803650969, 0.668434469, 0.843846832, 0.597839452, 0.858166531, 0.749739996;0.41774549, 2.22507386e-308, 0.809980545, 0.903507649, 0.811765629, 0.846862605, 0.821905521, 0.787008864, 0.611127554, 0.781032978, 0.792450448;0.562584738, 0.809980545, 2.22507386e-308, 0.81951356, 0.921196299, 0.935636083, 0.733600227, 0.713180716, 0.662723514, 0.890463648, 0.738595435;0.740350891, 0.903507649, 0.81951356, 2.22507386e-308, 0.801953363, 0.736149023, 0.824842641, 0.869796995, 0.654406829, 0.690976588, 0.708168439;0.856911816, 0.811765629, 0.921196299, 0.801953363, 2.22507386e-308, 0.810090298, 0.909581266, 0.638364128, 0.947822591, 0.531812029, 0.617496029;0.803650969, 0.846862605, 0.935636083, 0.736149023, 0.810090298, 2.22507386e-308, 0.92402105, 0.961047154, 0.962262375, 0.853818876, 0.524922016;0.668434469, 0.821905521, 0.733600227, 0.824842641, 0.909581266, 0.92402105, 2.22507386e-308, 0.93609007, 0.840020668, 0.878848615, 0.613912965;0.843846832, 0.787008864, 0.713180716, 0.869796995, 0.638364128, 0.961047154, 0.93609007, 2.22507386e-308, 0.71794037, 0.603404545, 0.673892954;0.597839452, 0.611127554, 0.662723514, 0.654406829, 0.947822591, 0.962262375, 0.840020668, 0.71794037, 2.22507386e-308, 0.91708994, 0.60998337;0.858166531, 0.781032978, 0.890463648, 0.690976588, 0.531812029, 0.853818876, 0.878848615, 0.603404545, 0.91708994, 2.22507386e-308, 0.566664676;0.749739996, 0.792450448, 0.738595435, 0.708168439, 0.617496029, 0.524922016, 0.613912965, 0.673892954, 0.60998337, 0.566664676, 2.22507386e-308];
init_random = 42;
name = 'ChebyshewMetric';
data_type = 'double';
dm_test = [0.422851165, 0.635642805, 0.756515415, 0.667514384, 0.730152392, 0.743377831, 0.727227125, 0.881189319, 0.855339724, 0.835162959, 0.542376073, 0.654537941, 0.734508532, 0.808072348, 0.738693302, 0.804597092, 0.868796342;0.491046279, 0.810691746, 0.622564403, 0.675854979, 0.889507636, 0.625607605, 0.931453737, 0.923899772, 0.78339285, 0.877873411, 0.798081483, 0.831249811, 0.824838267, 0.809782972, 0.840472025, 0.674300295, 0.911506794;0.604175483, 0.830095685, 0.856050257, 0.759807883, 0.905788149, 0.648049186, 0.848465172, 0.870044759, 0.74317555, 0.824018399, 0.907512152, 0.741244431, 0.92303266, 0.707558937, 0.723695962, 0.673930976, 0.962666798;0.573765533, 0.768631379, 0.69244343, 0.719134255, 0.596491071, 0.744722601, 0.786344385, 0.885688431, 0.565296377, 0.870163226, 0.947337079, 0.68614046, 0.724847182, 0.853062247, 0.888129031, 0.506163721, 0.913314011;0.690828393, 0.652883752, 0.838490061, 0.828842961, 0.888227953, 0.689519603, 0.83406193, 0.667770414, 0.67559189, 0.770006248, 0.625605595, 0.673441818, 0.905472463, 0.513942659, 0.803699718, 0.476833627, 0.589567125;0.627979513, 0.703150525, 0.780534892, 0.737043363, 0.810566426, 0.802297863, 0.615690353, 0.840758836, 0.845857825, 0.670351763, 0.868336814, 0.735858649, 0.750110443, 0.808132652, 0.632903888, 0.461234126, 0.657811836;0.603022429, 0.823662664, 0.834906997, 0.640365615, 0.884644889, 0.474159022, 0.855073418, 0.750553424, 0.736828609, 0.766423184, 0.895897119, 0.754869493, 0.901889399, 0.613647656, 0.664472856, 0.625436532, 0.951051765;0.685262871, 0.713111052, 0.651591393, 0.736836201, 0.855796982, 0.848218543, 0.985018786, 0.78881172, 0.749682196, 0.621828151, 0.792907245, 0.703939188, 0.680407891, 0.664899515, 0.954656575, 0.640593086, 0.756868775;0.62710324, 0.618753059, 0.690943526, 0.633201762, 0.740681419, 0.643722753, 0.888949385, 0.561012799, 0.741690391, 0.622459714, 0.934138444, 0.705972074, 0.757925929, 0.682165886, 0.858587173, 0.67869063, 0.98929309;0.692083108, 0.575287489, 0.79337562, 0.830097677, 0.764839582, 0.663880353, 0.877790509, 0.671261352, 0.626275783, 0.660263503, 0.625359847, 0.547565823, 0.843164757, 0.557671238, 0.847428297, 0.534040988, 0.658868375;0.512364211, 0.719391427, 0.726623919, 0.650378779, 0.724563682, 0.74838689, 0.741930272, 0.701231096, 0.791946852, 0.503896213, 0.588732232, 0.641726347, 0.663445859, 0.668604912, 0.546239304, 0.350380469, 0.598412193];
data_train = [0.00578225235, 0.137673426, 0.540058387, 0.745631208, 0.862694068, 0.770894469, 0.674216722, 0.260544239, 0.115671681, 0.863948784, 0.684229886;0.503495618, 0.0895350073, 0.661491936, 0.993042656, 0.595366674, 0.471684286, 0.168200015, 0.123245661, 0.352004049, 0.655159128, 0.539017359;0.537615948, 0.139573314, 0.030142644, 0.229629704, 0.951338943, 0.965778727, 0.0417576771, 0.561097126, 0.00351635234, 0.920606292, 0.613499723;0.46479492, 0.15507536, 0.931309644, 0.111796084, 0.913749448, 0.156725679, 0.910166384, 0.36401679, 0.766202914, 0.790361077, 0.296253419;0.8569265, 0.43918101, 0.921810562, 0.835617565, 0.36713935, 0.774310278, 0.636909704, 0.395835804, 0.259087048, 0.422246735, 0.684611368;0.285247748, 0.0378519406, 0.847832486, 0.182961292, 0.195659934, 0.752297421, 0.114232259, 0.824860804, 0.347431628, 0.32558655, 0.227375405;0.092141873, 0.049431421, 0.103286433, 0.615231393, 0.678243878, 0.895792842, 0.243856949, 0.766849343, 0.505617275, 0.30206984, 0.841881869;0.164978602, 0.401531596, 0.197806065, 0.737041684, 0.265389726, 0.52785462, 0.204153007, 0.903753853, 0.199291224, 0.797201755, 0.516419376;0.451112966, 0.444579969, 0.113663258, 0.932535955, 0.543618007, 0.519760752, 0.12009628, 0.230647891, 0.421303961, 0.368471454, 0.224367516;0.710282648, 0.879308733, 0.762532669, 0.398291152, 0.842536426, 0.032446128, 0.0574032121, 0.993493282, 0.89742388, 0.886265004, 0.319600328;0.0309812934, 0.180893173, 0.161647409, 0.771332184, 0.707526475, 0.775771186, 0.225405985, 0.874828126, 0.156887755, 0.690489936, 0.621484641];
feature_class = 'simple';
