distance_name = 'ChiSquareDistance';
distance_accuracy = 1e-08;
init_random = 42;
distance_data_train = [0.3745401, 0.9507143, 0.7319939, 0.5986585, 0.1560186, 0.1559945, 0.0580836, 0.8661761, 0.601115, 0.7080726, 0.0205845;0.9699099, 0.8324426, 0.2123391, 0.181825, 0.1834045, 0.3042422, 0.5247564, 0.431945, 0.2912291, 0.6118529, 0.1394939;0.2921446, 0.3663618, 0.45607, 0.785176, 0.1996738, 0.5142344, 0.5924146, 0.0464504, 0.6075449, 0.1705241, 0.0650516;0.9488855, 0.965632, 0.8083973, 0.3046138, 0.0976721, 0.684233, 0.4401525, 0.1220382, 0.4951769, 0.0343885, 0.9093204;0.25878, 0.6625223, 0.3117111, 0.520068, 0.5467103, 0.1848545, 0.9695846, 0.7751328, 0.9394989, 0.8948274, 0.5979;0.9218742, 0.0884925, 0.1959829, 0.0452273, 0.3253303, 0.3886773, 0.271349, 0.8287375, 0.3567533, 0.2809345, 0.5426961;0.1409242, 0.802197, 0.0745506, 0.9868869, 0.7722448, 0.1987157, 0.0055221, 0.8154614, 0.7068573, 0.7290072, 0.7712703;0.0740447, 0.3584657, 0.1158691, 0.8631034, 0.6232981, 0.330898, 0.0635584, 0.3109823, 0.3251833, 0.7296062, 0.6375575;0.8872127, 0.4722149, 0.1195942, 0.7132448, 0.760785, 0.5612772, 0.7709672, 0.4937956, 0.5227328, 0.427541, 0.0254191;0.1078914, 0.0314292, 0.6364104, 0.314356, 0.5085707, 0.9075665, 0.2492922, 0.4103829, 0.7555511, 0.2287982, 0.0769799;0.2897515, 0.1612213, 0.9296977, 0.8081204, 0.6334038, 0.8714606, 0.8036721, 0.1865701, 0.892559, 0.5393422, 0.8074402];
distance_data_test = [0.8960913, 0.3180035, 0.1100519, 0.2279352, 0.4271078, 0.8180148, 0.8607306, 0.0069521, 0.5107473, 0.417411, 0.2221078, 0.1198654, 0.3376152, 0.9429097, 0.3232029, 0.5187906, 0.703019;0.3636296, 0.9717821, 0.9624473, 0.2517823, 0.4972485, 0.3008783, 0.2848405, 0.0368869, 0.6095643, 0.502679, 0.0514788, 0.2786465, 0.9082659, 0.2395619, 0.1448949, 0.4894528, 0.9856505;0.2420553, 0.6721355, 0.7616196, 0.2376375, 0.7282163, 0.3677831, 0.6323058, 0.6335297, 0.5357747, 0.0902898, 0.8353025, 0.3207801, 0.1865185, 0.0407751, 0.5908929, 0.6775644, 0.0165878;0.5120931, 0.2264958, 0.6451728, 0.1743664, 0.6909377, 0.3867353, 0.93673, 0.1375209, 0.3410664, 0.1134735, 0.9246936, 0.8773394, 0.2579416, 0.659984, 0.8172222, 0.5552008, 0.5296506;0.2418523, 0.0931028, 0.8972158, 0.9004181, 0.6331015, 0.3390298, 0.3492096, 0.7259557, 0.8971103, 0.8870864, 0.7798755, 0.6420316, 0.08414, 0.1616287, 0.8985542, 0.6064291, 0.0091971;0.1014715, 0.6635018, 0.0050616, 0.1608081, 0.5487338, 0.6918952, 0.6519613, 0.2242693, 0.7121792, 0.2372491, 0.3253997, 0.7464914, 0.6496329, 0.8492234, 0.6576129, 0.5683086, 0.0936748;0.3677158, 0.2652024, 0.2439896, 0.9730106, 0.3930977, 0.8920466, 0.6311386, 0.7948113, 0.5026371, 0.5769039, 0.4925177, 0.195243, 0.7224521, 0.2807724, 0.024316, 0.6454723, 0.1771107;0.9404586, 0.9539286, 0.9148644, 0.3701587, 0.0154566, 0.9283186, 0.4281841, 0.9666548, 0.96362, 0.8530095, 0.2944489, 0.3850977, 0.8511367, 0.316922, 0.1694927, 0.5568013, 0.9361548;0.6960298, 0.5700612, 0.0971765, 0.6150072, 0.9900539, 0.140084, 0.5183297, 0.8773731, 0.7407686, 0.6970157, 0.7024841, 0.3594912, 0.2935918, 0.8093612, 0.8101134, 0.8670723, 0.9132406;0.5113424, 0.5015163, 0.7982952, 0.6499639, 0.7019669, 0.7957927, 0.8900053, 0.3379952, 0.375583, 0.0939819, 0.5782801, 0.0359423, 0.465598, 0.5426446, 0.2865413, 0.5908333, 0.0305002;0.0373482, 0.8226006, 0.3601906, 0.1270605, 0.5222433, 0.7699936, 0.215821, 0.6228905, 0.0853475, 0.0516817, 0.5313546, 0.5406351, 0.6374299, 0.7260913, 0.9758521, 0.5163003, 0.3229565];
distance_matrix_test = [2.6050573, 2.08813266, 3.58100577, 3.20711234, 1.29986064, 3.36484272, 2.03196775, 4.05987078, 2.07937949, 2.77205665, 2.41546225, 1.25421213, 2.2552458, 1.63213336, 1.69915974, 1.75212993, 2.15824306;1.51314165, 3.15215301, 2.56030474, 1.98893555, 2.22355674, 2.61966797, 1.70658653, 3.34000491, 1.73792226, 1.5991165, 2.28544727, 2.03790859, 2.54720997, 2.72448958, 3.00470229, 1.63783322, 1.98338118;2.30968303, 2.4715086, 2.47971578, 2.88274722, 1.63688827, 1.81430572, 1.66079852, 3.50028114, 3.20599938, 3.79768913, 1.63313031, 1.86918368, 2.58903819, 1.60392859, 1.40493068, 1.93991517, 3.42339229;1.61901861, 1.96334303, 2.42474299, 1.48995464, 2.09273193, 1.4314954, 1.8430823, 0.974831391, 1.72852007, 1.94009337, 1.40348349, 2.55005499, 2.03521712, 2.51515971, 2.3880978, 0.981420041, 2.90197398;1.84139489, 1.70696624, 2.64766296, 0.648704232, 1.85493288, 1.45429467, 1.97440518, 0.62752036, 1.50382107, 1.25079887, 1.38143912, 1.81084277, 1.31362618, 1.87441728, 2.11879089, 1.02446463, 2.97357933;2.05785569, 1.18786963, 2.06651024, 2.10313295, 1.06579818, 1.67809578, 1.29283597, 2.12794397, 2.30213501, 3.18851956, 0.974301705, 1.371186, 1.60627247, 1.31272413, 1.23371864, 1.04964456, 2.98026912;3.34203473, 2.41734151, 2.41235326, 2.35550514, 1.22397091, 3.61623844, 3.03530471, 2.27662422, 2.46388958, 2.81566312, 1.53816226, 1.38163575, 3.14146105, 2.83503668, 0.756420925, 1.80519222, 3.57975657;1.85809489, 2.61394401, 3.65127408, 1.11559529, 2.03951599, 1.58212598, 1.56690167, 2.72107294, 1.15163301, 1.11516806, 2.53205722, 2.28664678, 1.66932299, 1.50539606, 2.82079862, 1.36606136, 3.04887268;2.04222233, 1.90916058, 2.10362504, 1.19667577, 0.841266525, 1.03734501, 0.982171708, 1.65897611, 1.45422855, 2.27632341, 0.705746386, 1.77621518, 1.9003624, 1.64793696, 1.26496917, 0.453332191, 3.66755722;1.72914553, 1.90310325, 2.52720835, 1.17708489, 2.40211483, 1.44511326, 2.24862429, 1.76758636, 1.18211449, 0.707052045, 2.4532534, 2.18152746, 1.30131245, 2.26891818, 2.79326379, 1.2965816, 2.35386716;3.44941603, 3.29572397, 3.0264513, 2.65452431, 3.34983342, 2.06453238, 2.91540666, 2.30248863, 3.02897682, 2.71424538, 2.20342902, 1.08363813, 2.2194213, 2.69948503, 2.61076468, 2.51614523, 3.7929736];
distance_feature_type = 'Real';
distance_matrix_train = [0, 1.98980183, 2.45037299, 3.69348884, 2.99146347, 1.93835057, 1.84994667, 2.41330116, 2.73057563, 2.97011198, 3.26133648;1.98980183, 0, 2.61459403, 1.96456087, 2.73126873, 3.02565996, 2.92050029, 1.97007402, 1.94423626, 1.62880733, 2.85725131;2.45037299, 2.61459403, 0, 2.37270827, 2.59048797, 0.995643365, 1.91306315, 2.99242245, 1.35875661, 2.77959546, 2.68327197;3.69348884, 1.96456087, 2.37270827, 0, 1.05998544, 1.9936585, 2.63026785, 2.35471349, 0.960622162, 1.31105759, 2.72754132;2.99146347, 2.73126873, 2.59048797, 1.05998544, 0, 1.40172767, 2.06590477, 1.36729453, 1.09703518, 0.920212056, 1.91632325;1.93835057, 3.02565996, 0.995643365, 1.9936585, 1.40172767, 0, 1.49047427, 2.83076949, 1.10861634, 2.65512758, 2.41616026;1.84994667, 2.92050029, 1.91306315, 2.63026785, 2.06590477, 1.49047427, 0, 3.11333515, 1.70357222, 2.56474673, 3.01978527;2.41330116, 1.97007402, 2.99242245, 2.35471349, 1.36729453, 2.83076949, 3.11333515, 0, 1.55885097, 0.846995486, 2.79467928;2.73057563, 1.94423626, 1.35875661, 0.960622162, 1.09703518, 1.10861634, 1.70357222, 1.55885097, 0, 1.31302954, 2.38225302;2.97011198, 1.62880733, 2.77959546, 1.31105759, 0.920212056, 2.65512758, 2.56474673, 0.846995486, 1.31302954, 0, 2.43937836;3.26133648, 2.85725131, 2.68327197, 2.72754132, 1.91632325, 2.41616026, 3.01978527, 2.79467928, 2.38225302, 2.43937836, 0];
distance_feature_class = 'simple';
