distance_name = 'CosineDistance';
distance_accuracy = 1e-08;
init_random = 42;
distance_data_train = [0.374540119, 0.950714306, 0.731993942, 0.598658484, 0.15601864, 0.15599452, 0.0580836122, 0.866176146, 0.601115012, 0.708072578, 0.0205844943;0.969909852, 0.832442641, 0.212339111, 0.181824967, 0.18340451, 0.304242243, 0.524756432, 0.431945019, 0.29122914, 0.611852895, 0.139493861;0.292144649, 0.366361843, 0.456069984, 0.785175961, 0.199673782, 0.514234438, 0.592414569, 0.0464504127, 0.607544852, 0.170524124, 0.065051593;0.948885537, 0.965632033, 0.808397348, 0.304613769, 0.097672114, 0.684233027, 0.440152494, 0.122038235, 0.49517691, 0.0343885211, 0.909320402;0.258779982, 0.662522284, 0.311711076, 0.520068021, 0.546710279, 0.184854456, 0.969584628, 0.775132823, 0.939498942, 0.89482735, 0.597899979;0.921874235, 0.0884925021, 0.195982862, 0.0452272889, 0.325330331, 0.38867729, 0.271349032, 0.828737509, 0.356753327, 0.28093451, 0.542696083;0.140924225, 0.802196981, 0.0745506437, 0.986886937, 0.772244769, 0.198715682, 0.00552211712, 0.815461428, 0.706857344, 0.729007168, 0.771270347;0.0740446517, 0.358465729, 0.11586906, 0.863103426, 0.623298127, 0.330898025, 0.0635583503, 0.310982322, 0.325183322, 0.729606178, 0.637557471;0.887212743, 0.472214925, 0.119594246, 0.713244787, 0.760785049, 0.561277198, 0.77096718, 0.493795596, 0.522732829, 0.427541018, 0.0254191267;0.107891427, 0.0314291857, 0.636410411, 0.314355981, 0.508570691, 0.907566474, 0.249292229, 0.410382923, 0.755551139, 0.228798165, 0.0769799098;0.289751453, 0.161221287, 0.929697652, 0.80812038, 0.633403757, 0.87146059, 0.803672077, 0.186570059, 0.892558998, 0.539342242, 0.807440155];
distance_data_test = [0.8960913, 0.318003475, 0.110051925, 0.227935163, 0.427107789, 0.818014766, 0.860730583, 0.00695213053, 0.510747303, 0.417411003, 0.22210781, 0.119865367, 0.337615171, 0.942909704, 0.323202932, 0.518790622, 0.703018959;0.363629602, 0.971782083, 0.962447295, 0.251782296, 0.497248506, 0.30087831, 0.284840494, 0.0368869474, 0.609564334, 0.502679023, 0.0514787512, 0.278646464, 0.908265886, 0.239561891, 0.144894872, 0.48945276, 0.985650454;0.242055272, 0.672135547, 0.761619615, 0.237637544, 0.728216349, 0.367783133, 0.632305831, 0.633529711, 0.535774684, 0.0902897701, 0.835302496, 0.320780065, 0.18651851, 0.0407751416, 0.590892943, 0.677564362, 0.0165878289;0.512093058, 0.226495775, 0.64517279, 0.174366429, 0.690937738, 0.386735346, 0.936729989, 0.137520944, 0.341066351, 0.113473521, 0.924693618, 0.877339353, 0.257941628, 0.659984046, 0.8172222, 0.555200812, 0.529650578;0.241852291, 0.0931027678, 0.897215758, 0.900418057, 0.633101457, 0.339029791, 0.349209575, 0.725955679, 0.89711026, 0.887086424, 0.779875546, 0.642031646, 0.084139965, 0.161628714, 0.898554189, 0.60642906, 0.00919705162;0.101471543, 0.663501769, 0.00506158385, 0.160808051, 0.548733789, 0.691895198, 0.65196126, 0.224269309, 0.712179221, 0.237249087, 0.325399698, 0.746491405, 0.649632899, 0.84922341, 0.657612892, 0.568308603, 0.0936747678;0.367715803, 0.265202368, 0.243989643, 0.973010555, 0.393097725, 0.892046555, 0.631138626, 0.794811304, 0.502637093, 0.576903885, 0.492517694, 0.195242988, 0.722452115, 0.280772362, 0.0243159664, 0.645472296, 0.177110679;0.940458584, 0.953928577, 0.91486439, 0.3701587, 0.0154566165, 0.928318563, 0.428184148, 0.966654819, 0.963619977, 0.853009455, 0.294448892, 0.385097729, 0.851136672, 0.316922005, 0.169492747, 0.556801262, 0.936154774;0.696029797, 0.57006117, 0.0971764938, 0.615007227, 0.99005385, 0.140084015, 0.518329652, 0.877373072, 0.740768618, 0.697015741, 0.702484084, 0.359491151, 0.293591844, 0.809361155, 0.810113395, 0.867072319, 0.913240553;0.511342399, 0.501516295, 0.798295179, 0.649963931, 0.701966877, 0.795792669, 0.890005342, 0.337995157, 0.375582953, 0.0939819398, 0.578280141, 0.0359422738, 0.465598018, 0.542644635, 0.286541252, 0.590833261, 0.0305002499;0.0373481887, 0.822600561, 0.360190641, 0.127060513, 0.52224326, 0.769993553, 0.215821027, 0.622890476, 0.085347465, 0.0516817212, 0.531354632, 0.540635122, 0.637429901, 0.726091334, 0.975852079, 0.516300348, 0.322956473];
distance_matrix_test = [0.364023851, 0.256996558, 0.414794831, 0.478792805, 0.157050392, 0.422960282, 0.244624862, 0.501199276, 0.256299762, 0.395086532, 0.297362086, 0.163657942, 0.291259623, 0.192905208, 0.224940781, 0.197696618, 0.247683882;0.191499524, 0.361702643, 0.28447041, 0.272038705, 0.237192271, 0.287664885, 0.185365337, 0.394147364, 0.2103163, 0.220179567, 0.255331455, 0.273637826, 0.296024661, 0.295860671, 0.340297491, 0.178373775, 0.226925023;0.352436621, 0.321061064, 0.323136528, 0.483626779, 0.209819539, 0.22657156, 0.179799901, 0.472530391, 0.427167945, 0.580670925, 0.201992482, 0.269765298, 0.374845597, 0.187117356, 0.181296434, 0.235641305, 0.462521307;0.19832313, 0.217900161, 0.282620943, 0.182859447, 0.229119567, 0.142506274, 0.222769705, 0.0721418836, 0.187898423, 0.20690707, 0.171105044, 0.327107104, 0.227191479, 0.29832959, 0.276670655, 0.100735477, 0.321136109;0.259535538, 0.218097366, 0.318542707, 0.100098781, 0.202977027, 0.157109767, 0.260918098, 0.0531020731, 0.1614066, 0.163021923, 0.200866577, 0.303022307, 0.18608968, 0.256126032, 0.258331457, 0.0971176314, 0.357762906;0.325855034, 0.174377617, 0.252915583, 0.354028034, 0.113899129, 0.208587588, 0.163169693, 0.280751896, 0.316579927, 0.488117704, 0.130073951, 0.232297356, 0.249751765, 0.182550462, 0.154783956, 0.130370834, 0.404182617;0.477294941, 0.291382226, 0.264117003, 0.326687766, 0.117430846, 0.444457405, 0.369534697, 0.266528431, 0.265419481, 0.33982374, 0.150366489, 0.18637392, 0.423736409, 0.348830809, 0.0684264087, 0.175864528, 0.445188606;0.255580142, 0.337872465, 0.423084944, 0.160840079, 0.237120954, 0.167727671, 0.190045234, 0.32565545, 0.134959381, 0.167822289, 0.328807783, 0.31317859, 0.232816824, 0.193011914, 0.339898177, 0.153785061, 0.391823948;0.272458259, 0.244735257, 0.216660299, 0.135753425, 0.0963304743, 0.129589571, 0.137659424, 0.170453643, 0.182489941, 0.260557321, 0.0851235568, 0.211409165, 0.250733756, 0.202192923, 0.129715464, 0.0658085943, 0.431358196;0.210732477, 0.231729837, 0.251963653, 0.151578267, 0.28542832, 0.151545855, 0.285412732, 0.186984515, 0.110726382, 0.0734794274, 0.313432892, 0.316970081, 0.171574318, 0.293825228, 0.32419317, 0.145160785, 0.271538185;0.449764701, 0.360994285, 0.347370285, 0.34598005, 0.372205938, 0.213981229, 0.317112984, 0.280112379, 0.321093675, 0.366249477, 0.243333155, 0.120830774, 0.258342174, 0.341108807, 0.261549972, 0.26444628, 0.493173168];
distance_feature_type = 'Real';
