distance_name = 'CosineDistance';
distance_accuracy = 1e-08;
init_random = 42;
distance_data_train = [0.3745401, 0.9507143, 0.7319939, 0.5986585, 0.1560186, 0.1559945, 0.0580836, 0.8661761, 0.601115, 0.7080726, 0.0205845;0.9699099, 0.8324426, 0.2123391, 0.181825, 0.1834045, 0.3042422, 0.5247564, 0.431945, 0.2912291, 0.6118529, 0.1394939;0.2921446, 0.3663618, 0.45607, 0.785176, 0.1996738, 0.5142344, 0.5924146, 0.0464504, 0.6075449, 0.1705241, 0.0650516;0.9488855, 0.965632, 0.8083973, 0.3046138, 0.0976721, 0.684233, 0.4401525, 0.1220382, 0.4951769, 0.0343885, 0.9093204;0.25878, 0.6625223, 0.3117111, 0.520068, 0.5467103, 0.1848545, 0.9695846, 0.7751328, 0.9394989, 0.8948274, 0.5979;0.9218742, 0.0884925, 0.1959829, 0.0452273, 0.3253303, 0.3886773, 0.271349, 0.8287375, 0.3567533, 0.2809345, 0.5426961;0.1409242, 0.802197, 0.0745506, 0.9868869, 0.7722448, 0.1987157, 0.0055221, 0.8154614, 0.7068573, 0.7290072, 0.7712703;0.0740447, 0.3584657, 0.1158691, 0.8631034, 0.6232981, 0.330898, 0.0635584, 0.3109823, 0.3251833, 0.7296062, 0.6375575;0.8872127, 0.4722149, 0.1195942, 0.7132448, 0.760785, 0.5612772, 0.7709672, 0.4937956, 0.5227328, 0.427541, 0.0254191;0.1078914, 0.0314292, 0.6364104, 0.314356, 0.5085707, 0.9075665, 0.2492922, 0.4103829, 0.7555511, 0.2287982, 0.0769799;0.2897515, 0.1612213, 0.9296977, 0.8081204, 0.6334038, 0.8714606, 0.8036721, 0.1865701, 0.892559, 0.5393422, 0.8074402];
distance_data_test = [0.8960913, 0.3180035, 0.1100519, 0.2279352, 0.4271078, 0.8180148, 0.8607306, 0.0069521, 0.5107473, 0.417411, 0.2221078, 0.1198654, 0.3376152, 0.9429097, 0.3232029, 0.5187906, 0.703019;0.3636296, 0.9717821, 0.9624473, 0.2517823, 0.4972485, 0.3008783, 0.2848405, 0.0368869, 0.6095643, 0.502679, 0.0514788, 0.2786465, 0.9082659, 0.2395619, 0.1448949, 0.4894528, 0.9856505;0.2420553, 0.6721355, 0.7616196, 0.2376375, 0.7282163, 0.3677831, 0.6323058, 0.6335297, 0.5357747, 0.0902898, 0.8353025, 0.3207801, 0.1865185, 0.0407751, 0.5908929, 0.6775644, 0.0165878;0.5120931, 0.2264958, 0.6451728, 0.1743664, 0.6909377, 0.3867353, 0.93673, 0.1375209, 0.3410664, 0.1134735, 0.9246936, 0.8773394, 0.2579416, 0.659984, 0.8172222, 0.5552008, 0.5296506;0.2418523, 0.0931028, 0.8972158, 0.9004181, 0.6331015, 0.3390298, 0.3492096, 0.7259557, 0.8971103, 0.8870864, 0.7798755, 0.6420316, 0.08414, 0.1616287, 0.8985542, 0.6064291, 0.0091971;0.1014715, 0.6635018, 0.0050616, 0.1608081, 0.5487338, 0.6918952, 0.6519613, 0.2242693, 0.7121792, 0.2372491, 0.3253997, 0.7464914, 0.6496329, 0.8492234, 0.6576129, 0.5683086, 0.0936748;0.3677158, 0.2652024, 0.2439896, 0.9730106, 0.3930977, 0.8920466, 0.6311386, 0.7948113, 0.5026371, 0.5769039, 0.4925177, 0.195243, 0.7224521, 0.2807724, 0.024316, 0.6454723, 0.1771107;0.9404586, 0.9539286, 0.9148644, 0.3701587, 0.0154566, 0.9283186, 0.4281841, 0.9666548, 0.96362, 0.8530095, 0.2944489, 0.3850977, 0.8511367, 0.316922, 0.1694927, 0.5568013, 0.9361548;0.6960298, 0.5700612, 0.0971765, 0.6150072, 0.9900539, 0.140084, 0.5183297, 0.8773731, 0.7407686, 0.6970157, 0.7024841, 0.3594912, 0.2935918, 0.8093612, 0.8101134, 0.8670723, 0.9132406;0.5113424, 0.5015163, 0.7982952, 0.6499639, 0.7019669, 0.7957927, 0.8900053, 0.3379952, 0.375583, 0.0939819, 0.5782801, 0.0359423, 0.465598, 0.5426446, 0.2865413, 0.5908333, 0.0305002;0.0373482, 0.8226006, 0.3601906, 0.1270605, 0.5222433, 0.7699936, 0.215821, 0.6228905, 0.0853475, 0.0516817, 0.5313546, 0.5406351, 0.6374299, 0.7260913, 0.9758521, 0.5163003, 0.3229565];
distance_matrix_test = [0.364023855, 0.256996531, 0.414794815, 0.478792815, 0.157050407, 0.422960302, 0.244624856, 0.501199295, 0.256299765, 0.395086536, 0.29736208, 0.163657907, 0.291259616, 0.19290521, 0.224940777, 0.197696629, 0.247683854;0.191499524, 0.36170264, 0.284470427, 0.272038691, 0.237192286, 0.287664894, 0.18536533, 0.394147391, 0.2103163, 0.220179572, 0.255331443, 0.273637804, 0.296024662, 0.295860667, 0.340297493, 0.178373778, 0.226925025;0.352436631, 0.321061042, 0.323136532, 0.483626809, 0.209819553, 0.226571565, 0.179799923, 0.472530392, 0.42716792, 0.580670947, 0.201992496, 0.269765272, 0.374845595, 0.187117389, 0.181296424, 0.235641323, 0.462521325;0.19832312, 0.21790014, 0.282620953, 0.182859464, 0.229119555, 0.142506275, 0.222769705, 0.0721418979, 0.187898409, 0.206907075, 0.171105027, 0.327107085, 0.227191478, 0.298329576, 0.276670645, 0.100735471, 0.321136099;0.25953557, 0.218097361, 0.318542713, 0.100098783, 0.202977028, 0.157109769, 0.260918118, 0.0531020691, 0.161406609, 0.163021946, 0.200866572, 0.303022314, 0.186089694, 0.256126047, 0.258331452, 0.0971176438, 0.357762932;0.325855041, 0.174377627, 0.2529156, 0.354028046, 0.113899129, 0.2085876, 0.163169706, 0.280751891, 0.31657991, 0.488117721, 0.130073948, 0.232297338, 0.249751789, 0.182550479, 0.154783943, 0.130370841, 0.404182649;0.477294927, 0.291382212, 0.264117004, 0.326687793, 0.117430842, 0.444457423, 0.369534694, 0.266528418, 0.265419473, 0.339823763, 0.150366483, 0.186373915, 0.423736418, 0.348830823, 0.0684264009, 0.17586453, 0.445188587;0.255580168, 0.337872441, 0.423084958, 0.16084006, 0.237120946, 0.167727674, 0.190045232, 0.325655454, 0.134959388, 0.167822298, 0.328807781, 0.313178582, 0.232816817, 0.1930119, 0.339898162, 0.153785062, 0.391823936;0.272458265, 0.244735248, 0.216660312, 0.135753446, 0.0963304723, 0.129589582, 0.137659431, 0.170453647, 0.182489933, 0.260557351, 0.085123555, 0.21140916, 0.250733771, 0.202192938, 0.129715451, 0.0658085999, 0.431358203;0.210732483, 0.231729839, 0.251963664, 0.151578246, 0.285428329, 0.151545857, 0.285412738, 0.186984535, 0.110726381, 0.0734794255, 0.313432899, 0.316970103, 0.171574317, 0.293825237, 0.32419319, 0.145160793, 0.271538186;0.449764699, 0.360994249, 0.347370282, 0.34598006, 0.372205949, 0.213981235, 0.317112997, 0.280112399, 0.321093653, 0.366249476, 0.243333162, 0.120830778, 0.258342168, 0.341108817, 0.26154996, 0.264446289, 0.493173147];
distance_feature_type = 'Real';
distance_matrix_train = [0, 0.239811667, 0.371302384, 0.465677082, 0.418577175, 0.289653734, 0.264729433, 0.314551794, 0.352321052, 0.407156181, 0.401264676;0.239811667, 0, 0.312507955, 0.238653467, 0.351685587, 0.406034582, 0.353761683, 0.219630129, 0.226506988, 0.186478374, 0.315779578;0.371302384, 0.312507955, 0, 0.304605071, 0.397739367, 0.124599598, 0.288478564, 0.416312383, 0.147662887, 0.382716067, 0.325394309;0.465677082, 0.238653467, 0.304605071, 1.08420217e-19, 0.0938777571, 0.25020716, 0.301467283, 0.273226587, 0.110573843, 0.133989661, 0.270289309;0.418577175, 0.351685587, 0.397739367, 0.0938777571, 0, 0.215654603, 0.266441173, 0.200885714, 0.114637111, 0.130662708, 0.253114784;0.289653734, 0.406034582, 0.124599598, 0.25020716, 0.215654603, 0, 0.215870825, 0.412285854, 0.136097344, 0.384137403, 0.303430909;0.264729433, 0.353761683, 0.288478564, 0.301467283, 0.266441173, 0.215870825, 0, 0.395195773, 0.156666884, 0.296171505, 0.374409873;0.314551794, 0.219630129, 0.416312383, 0.273226587, 0.200885714, 0.412285854, 0.395195773, 0, 0.178254897, 0.108270177, 0.356040337;0.352321052, 0.226506988, 0.147662887, 0.110573843, 0.114637111, 0.136097344, 0.156666884, 0.178254897, 0, 0.136601975, 0.230633129;0.407156181, 0.186478374, 0.382716067, 0.133989661, 0.130662708, 0.384137403, 0.296171505, 0.108270177, 0.136601975, 5.42101086e-20, 0.289603117;0.401264676, 0.315779578, 0.325394309, 0.270289309, 0.253114784, 0.303430909, 0.374409873, 0.356040337, 0.230633129, 0.289603117, 0];
distance_feature_class = 'simple';
