name = 'EuclidianDistance'
dm_train = [0, 1.04669534, 1.01372456, 1.47201828, 0.935962664, 1.60548487, 1.48528231, 1.13236275, 1.71233385, 1.3424557, 1.49322358;1.04669534, 0, 1.18560561, 1.54655769, 1.05323341, 1.48198263, 1.63833148, 1.24712526, 1.3030319, 1.14005776, 1.45323782;1.01372456, 1.18560561, 0, 1.21381829, 1.29419986, 1.51772301, 1.47077457, 1.19117078, 1.48225157, 1.54893683, 1.2285356;1.47201828, 1.54655769, 1.21381829, 0, 1.27318747, 1.28063388, 1.21104999, 0.992803931, 1.21619371, 1.58447749, 1.41215999;0.935962664, 1.05323341, 1.29419986, 1.27318747, 0, 1.27638955, 1.3386041, 1.18201251, 1.5201149, 1.04528091, 1.50784597;1.60548487, 1.48198263, 1.51772301, 1.28063388, 1.27638955, 0, 0.873921092, 1.4907036, 1.25937879, 1.32906334, 1.48771332;1.48528231, 1.63833148, 1.47077457, 1.21104999, 1.3386041, 0.873921092, 0, 1.13891349, 1.344101, 1.32624352, 1.478144;1.13236275, 1.24712526, 1.19117078, 0.992803931, 1.18201251, 1.4907036, 1.13891349, 0, 1.20979913, 1.12733896, 1.09601636;1.71233385, 1.3030319, 1.48225157, 1.21619371, 1.5201149, 1.25937879, 1.344101, 1.20979913, 0, 1.26793796, 1.02679567;1.3424557, 1.14005776, 1.54893683, 1.58447749, 1.04528091, 1.32906334, 1.32624352, 1.12733896, 1.26793796, 0, 1.16490156;1.49322358, 1.45323782, 1.2285356, 1.41215999, 1.50784597, 1.48771332, 1.478144, 1.09601636, 1.02679567, 1.16490156, 0]
feature_type = 'Real'
data_type = 'double'
dm_test = [1.25882207, 1.21250297, 1.1460804, 1.47212565, 0.915543465, 1.6002422, 1.13215586, 1.43621962, 1.59164603, 1.37533427, 0.711120307, 1.1113329, 1.54376307, 0.972541936, 1.43585389, 1.63740725, 1.6376822;1.10062322, 1.56902607, 1.34014239, 1.4926084, 1.02791133, 1.44029146, 1.54961723, 1.47722667, 1.381122, 1.43780594, 0.891096368, 0.758389113, 1.08510275, 1.40955898, 1.38087519, 1.53626086, 1.69401409;1.16376191, 1.60962918, 1.12091735, 1.33456977, 1.06956176, 1.05173563, 0.883624994, 1.3349018, 1.2393663, 1.40903264, 1.24516456, 1.29722438, 1.27611484, 1.4376946, 1.44127919, 1.42376816, 1.20345919;1.4325833, 1.59204016, 0.9123681, 1.02664873, 1.2688341, 1.208918, 1.32107901, 1.17428809, 1.22777573, 1.28414416, 1.44203993, 1.47449887, 1.17914881, 1.46528944, 1.1236268, 1.06582617, 1.08739805;1.12806004, 1.46061963, 1.21435563, 1.27914183, 1.08653898, 1.51904032, 1.5105072, 1.58416271, 1.53702382, 1.28399206, 0.995233134, 1.14636771, 1.49336107, 1.2877016, 1.48815589, 1.45760879, 1.54764741;1.14016299, 1.34968279, 1.64631964, 1.62020737, 1.09468306, 0.981205124, 1.71252847, 1.17484513, 1.69551948, 1.3569998, 1.53508155, 1.49619414, 1.30143704, 1.64852296, 1.66028505, 1.25046883, 1.15287135;1.30921372, 1.42084321, 1.41338426, 1.56345804, 0.920078354, 1.16741191, 1.40476622, 1.10910199, 1.50899729, 1.29895964, 1.42647613, 1.63100589, 1.69578046, 1.43904675, 1.60823107, 1.344384, 1.23954206;1.22840403, 1.39798219, 0.801481388, 1.47393114, 1.00014858, 1.35638377, 1.14480283, 1.16853236, 1.10775536, 1.21008727, 0.974067005, 1.15395849, 1.38713915, 0.850670665, 1.14868084, 1.24751754, 1.42098475;1.43799299, 1.92682905, 1.46697084, 1.49712345, 1.1600053, 1.00486562, 1.5717039, 1.53362061, 1.32009999, 1.25981271, 1.5119742, 1.15086286, 1.141107, 1.6091584, 1.33453996, 1.01719629, 1.0040961;1.01178572, 1.60427786, 1.59628128, 1.57976288, 1.29275517, 1.46279124, 1.60137895, 1.59207676, 1.4104624, 0.858833756, 0.898337899, 0.838825041, 1.56647265, 1.20390224, 1.59097814, 1.25647081, 1.47721313;1.08288094, 1.77304286, 1.34156099, 1.78112457, 1.28495988, 1.01433616, 1.19588574, 1.53285174, 1.25862319, 1.24304979, 1.42647832, 1.14578035, 1.39647309, 1.15499842, 1.55380522, 0.993133343, 1.04965628]
data_train = [0.903980009, 0.527563721, 0.735901986, 0.83850099, 0.949586768, 0.869352848, 0.483311449, 0.335970307, 0.154493236, 0.400321482, 0.366493579;0.559574842, 0.665509409, 0.978325476, 0.728386186, 0.643748532, 0.335092434, 0.0345038765, 0.288125129, 0.7684479, 0.205271941, 0.712188194;0.579779843, 0.17185687, 0.261624806, 0.496303603, 0.418374705, 0.778563848, 0.734404643, 0.574574503, 0.822274711, 0.562669541, 0.964389257;0.217224099, 0.714131994, 0.369944132, 0.278966194, 0.180387476, 0.552503476, 0.215469433, 0.200350851, 0.990531905, 0.801747417, 0.74827682;0.794060626, 0.968922874, 0.573276689, 0.220243877, 0.862209641, 0.742730729, 0.414308312, 0.473569499, 0.411252398, 0.92994216, 0.343531611;0.963484279, 0.910271771, 0.630521142, 0.579821773, 0.37008928, 0.018338389, 0.127623186, 0.754231323, 0.471540127, 0.149838134, 0.263960854;0.9478369, 0.367132835, 0.907681945, 0.304635832, 0.543220094, 0.0204770834, 0.52187511, 0.636942011, 0.234305099, 0.578937176, 0.647167772;0.686886078, 0.776403322, 0.311339243, 0.567776956, 0.98157903, 0.898144171, 0.952665428, 0.386136399, 0.786928106, 0.619897952, 0.0827350831;0.823980389, 0.677101276, 0.19891736, 0.0797385574, 0.837022131, 0.0789018295, 0.0913538654, 0.427408288, 0.134797828, 0.913669597, 0.470283936;0.569150981, 0.928106089, 0.530263226, 0.353591146, 0.797155106, 0.442850197, 0.318469426, 0.723229459, 0.801605677, 0.791716168, 0.977674414;0.786666949, 0.769933436, 0.857485254, 0.000185195295, 0.362431411, 0.737603096, 0.599719011, 0.177572003, 0.303733089, 0.336792611, 0.567828111]
feature_class = 'simple'
data_test = [0.831598296, 0.93249178, 0.750092413, 0.84295039, 0.470095958, 0.38977532, 0.392708532, 0.616038528, 0.124236706, 0.579494183, 0.66513286, 0.43890874, 0.953167177, 0.608213272, 0.219999472, 0.479216257, 0.675404437;0.323629125, 0.0796416063, 0.583435635, 0.947870169, 0.485071986, 0.906109081, 0.835023588, 0.147412784, 0.708169922, 0.435465525, 0.250246325, 0.686938356, 0.742660719, 0.179896319, 0.914444682, 0.751147244, 0.933375499;0.317073219, 0.939335016, 0.368517658, 0.0539697614, 0.762969389, 0.703508144, 0.597910992, 0.489893744, 0.0321652703, 0.624597252, 0.416834615, 0.560209403, 0.429321342, 0.966056133, 0.604108901, 0.749236331, 0.936346947;0.591599323, 0.0120625178, 0.0342916783, 0.702338434, 0.279085136, 0.579379727, 0.202277181, 0.270248875, 0.504641056, 0.975569463, 0.616270489, 0.936148105, 0.959379854, 0.208109996, 0.311193602, 0.769992281, 0.866764002;0.519226744, 0.993226067, 0.0115721988, 0.299592656, 0.623161754, 0.469289911, 0.116602966, 0.367787085, 0.0254471433, 0.642746046, 0.892742543, 0.884874124, 0.699544474, 0.465770195, 0.512031619, 0.136918824, 0.341017093;0.187728075, 0.821200203, 0.914753901, 0.536923261, 0.727764041, 0.121464771, 0.608534643, 0.702791021, 0.45276813, 0.243273084, 0.877374521, 0.74290872, 0.899857282, 0.818402647, 0.99037443, 0.192172733, 0.0867477678;0.337002791, 0.129004175, 0.523130113, 0.633028905, 0.578288615, 0.259240135, 0.908824031, 0.0211723637, 0.348013354, 0.718992475, 0.766928926, 0.416118544, 0.0169098133, 0.618043679, 0.0630946812, 0.107855776, 0.65025072;0.312488326, 0.348030153, 0.486807077, 0.978578395, 0.965442221, 0.416260999, 0.265499217, 0.302592153, 0.268781298, 0.532245807, 0.606859808, 0.488779388, 0.407994362, 0.211285038, 0.482505591, 0.341102714, 0.541595463;0.675189416, 0.633312174, 0.46249021, 0.556052424, 0.284856131, 0.024240259, 0.625019454, 0.252568559, 0.66895371, 0.7470085, 0.915927746, 0.958122795, 0.0105260463, 0.990374209, 0.683018318, 0.64352416, 0.0152130952;0.861233412, 0.145491447, 0.837330154, 0.0155625463, 0.645964262, 0.434801534, 0.200766729, 0.107561392, 0.440127697, 0.123305805, 0.486446612, 0.625217059, 0.827384194, 0.678649437, 0.0651997667, 0.307432533, 0.287978608;0.915032423, 0.867782044, 0.370147918, 0.0711552559, 0.894107318, 0.888189953, 0.854746132, 0.845081638, 0.480254001, 0.177431652, 0.47748805, 0.494597771, 0.489931753, 0.538772586, 0.257657023, 0.366241181, 0.434186592]
data_class = 'rand'
accuracy = 1e-08
