distance_name = 'EuclidianDistance';
distance_accuracy = 1e-08;
init_random = 42;
distance_data_train = [0.3745401, 0.9507143, 0.7319939, 0.5986585, 0.1560186, 0.1559945, 0.0580836, 0.8661761, 0.601115, 0.7080726, 0.0205845;0.9699099, 0.8324426, 0.2123391, 0.181825, 0.1834045, 0.3042422, 0.5247564, 0.431945, 0.2912291, 0.6118529, 0.1394939;0.2921446, 0.3663618, 0.45607, 0.785176, 0.1996738, 0.5142344, 0.5924146, 0.0464504, 0.6075449, 0.1705241, 0.0650516;0.9488855, 0.965632, 0.8083973, 0.3046138, 0.0976721, 0.684233, 0.4401525, 0.1220382, 0.4951769, 0.0343885, 0.9093204;0.25878, 0.6625223, 0.3117111, 0.520068, 0.5467103, 0.1848545, 0.9695846, 0.7751328, 0.9394989, 0.8948274, 0.5979;0.9218742, 0.0884925, 0.1959829, 0.0452273, 0.3253303, 0.3886773, 0.271349, 0.8287375, 0.3567533, 0.2809345, 0.5426961;0.1409242, 0.802197, 0.0745506, 0.9868869, 0.7722448, 0.1987157, 0.0055221, 0.8154614, 0.7068573, 0.7290072, 0.7712703;0.0740447, 0.3584657, 0.1158691, 0.8631034, 0.6232981, 0.330898, 0.0635584, 0.3109823, 0.3251833, 0.7296062, 0.6375575;0.8872127, 0.4722149, 0.1195942, 0.7132448, 0.760785, 0.5612772, 0.7709672, 0.4937956, 0.5227328, 0.427541, 0.0254191;0.1078914, 0.0314292, 0.6364104, 0.314356, 0.5085707, 0.9075665, 0.2492922, 0.4103829, 0.7555511, 0.2287982, 0.0769799;0.2897515, 0.1612213, 0.9296977, 0.8081204, 0.6334038, 0.8714606, 0.8036721, 0.1865701, 0.892559, 0.5393422, 0.8074402];
distance_data_test = [0.8960913, 0.3180035, 0.1100519, 0.2279352, 0.4271078, 0.8180148, 0.8607306, 0.0069521, 0.5107473, 0.417411, 0.2221078, 0.1198654, 0.3376152, 0.9429097, 0.3232029, 0.5187906, 0.703019;0.3636296, 0.9717821, 0.9624473, 0.2517823, 0.4972485, 0.3008783, 0.2848405, 0.0368869, 0.6095643, 0.502679, 0.0514788, 0.2786465, 0.9082659, 0.2395619, 0.1448949, 0.4894528, 0.9856505;0.2420553, 0.6721355, 0.7616196, 0.2376375, 0.7282163, 0.3677831, 0.6323058, 0.6335297, 0.5357747, 0.0902898, 0.8353025, 0.3207801, 0.1865185, 0.0407751, 0.5908929, 0.6775644, 0.0165878;0.5120931, 0.2264958, 0.6451728, 0.1743664, 0.6909377, 0.3867353, 0.93673, 0.1375209, 0.3410664, 0.1134735, 0.9246936, 0.8773394, 0.2579416, 0.659984, 0.8172222, 0.5552008, 0.5296506;0.2418523, 0.0931028, 0.8972158, 0.9004181, 0.6331015, 0.3390298, 0.3492096, 0.7259557, 0.8971103, 0.8870864, 0.7798755, 0.6420316, 0.08414, 0.1616287, 0.8985542, 0.6064291, 0.0091971;0.1014715, 0.6635018, 0.0050616, 0.1608081, 0.5487338, 0.6918952, 0.6519613, 0.2242693, 0.7121792, 0.2372491, 0.3253997, 0.7464914, 0.6496329, 0.8492234, 0.6576129, 0.5683086, 0.0936748;0.3677158, 0.2652024, 0.2439896, 0.9730106, 0.3930977, 0.8920466, 0.6311386, 0.7948113, 0.5026371, 0.5769039, 0.4925177, 0.195243, 0.7224521, 0.2807724, 0.024316, 0.6454723, 0.1771107;0.9404586, 0.9539286, 0.9148644, 0.3701587, 0.0154566, 0.9283186, 0.4281841, 0.9666548, 0.96362, 0.8530095, 0.2944489, 0.3850977, 0.8511367, 0.316922, 0.1694927, 0.5568013, 0.9361548;0.6960298, 0.5700612, 0.0971765, 0.6150072, 0.9900539, 0.140084, 0.5183297, 0.8773731, 0.7407686, 0.6970157, 0.7024841, 0.3594912, 0.2935918, 0.8093612, 0.8101134, 0.8670723, 0.9132406;0.5113424, 0.5015163, 0.7982952, 0.6499639, 0.7019669, 0.7957927, 0.8900053, 0.3379952, 0.375583, 0.0939819, 0.5782801, 0.0359423, 0.465598, 0.5426446, 0.2865413, 0.5908333, 0.0305002;0.0373482, 0.8226006, 0.3601906, 0.1270605, 0.5222433, 0.7699936, 0.215821, 0.6228905, 0.0853475, 0.0516817, 0.5313546, 0.5406351, 0.6374299, 0.7260913, 0.9758521, 0.5163003, 0.3229565];
distance_matrix_test = [1.60355032, 1.44663044, 1.85854244, 1.81808422, 1.11660046, 1.89244504, 1.42181454, 1.96818754, 1.4441969, 1.64687332, 1.50852167, 1.08286554, 1.46342235, 1.21730438, 1.3417593, 1.25444706, 1.36394801;1.2017881, 1.73935339, 1.56015388, 1.41333894, 1.39238448, 1.58177333, 1.25362309, 1.77325256, 1.3260139, 1.27666815, 1.4217306, 1.40215547, 1.5034896, 1.53241579, 1.67398678, 1.20900658, 1.33012342;1.45166429, 1.53983033, 1.570635, 1.67776335, 1.23664304, 1.35174309, 1.19118913, 1.79177505, 1.76334774, 1.82401335, 1.17793584, 1.21278955, 1.54219402, 1.13927459, 1.16368181, 1.30880556, 1.73787224;1.25006431, 1.36786717, 1.57399195, 1.20267644, 1.38830453, 1.12658857, 1.39120349, 0.778401498, 1.26992647, 1.27121589, 1.18571859, 1.55509985, 1.34534584, 1.56273677, 1.53034326, 0.923096206, 1.60585261;1.23308495, 1.28309897, 1.55338769, 0.755884082, 1.21500124, 1.15549613, 1.40727537, 0.661098875, 1.1220699, 0.954655601, 1.1701231, 1.26573283, 1.08532313, 1.31684078, 1.36703408, 0.881961597, 1.51847102;1.41835825, 1.16197601, 1.40871665, 1.46041243, 0.93192893, 1.30451444, 1.13996771, 1.40437542, 1.54115638, 1.70213993, 0.958597695, 1.15176319, 1.27746003, 1.13295519, 1.08331101, 0.994904862, 1.64735114;1.72518839, 1.48523754, 1.44039807, 1.4105244, 0.945028164, 1.86733354, 1.68046691, 1.37328509, 1.41943386, 1.42870946, 1.03011465, 1.0419965, 1.66938938, 1.56112814, 0.745086005, 1.14688477, 1.73549128;1.2958955, 1.61913549, 1.83325391, 1.02219527, 1.3393164, 1.18437067, 1.23307964, 1.54276337, 1.03440898, 1.03975326, 1.54099837, 1.38725143, 1.26519519, 1.18457152, 1.60801824, 1.08450257, 1.66264934;1.44659501, 1.44644202, 1.37539128, 1.04833365, 0.899506512, 1.07256524, 1.09134168, 1.18386258, 1.24873619, 1.40689311, 0.839665222, 1.27831855, 1.40700644, 1.28541995, 1.04615008, 0.744952313, 1.85317451;1.16951842, 1.34152903, 1.41923698, 0.984877087, 1.46212733, 1.12828824, 1.49786538, 1.16647776, 0.940294329, 0.6913986, 1.49767479, 1.38427686, 1.08024724, 1.45357158, 1.56466198, 1.05191727, 1.37747573;1.6773057, 1.64883827, 1.64294845, 1.45394103, 1.64757213, 1.32148658, 1.56228809, 1.40862421, 1.55716314, 1.48560103, 1.30521361, 0.848019299, 1.30606112, 1.54569363, 1.3947208, 1.39696689, 1.82857452];
distance_feature_type = 'Real';
distance_matrix_train = [0, 1.38815063, 1.60070967, 1.96115256, 1.68318025, 1.43297508, 1.375416, 1.52266652, 1.70265937, 1.72328744, 1.68917688;1.38815063, 0, 1.50631402, 1.42378125, 1.58378089, 1.72477319, 1.61787953, 1.2997413, 1.38393125, 1.19629803, 1.53228719;1.60070967, 1.50631402, 0, 1.51940633, 1.49496808, 0.863655343, 1.31983424, 1.628072, 1.08907665, 1.55125562, 1.4039089;1.96115256, 1.42378125, 1.51940633, 0, 0.913685337, 1.3936444, 1.52593614, 1.47310883, 0.979114676, 1.04366113, 1.44932994;1.68318025, 1.58378089, 1.49496808, 0.913685337, 0, 1.12368224, 1.25573872, 1.12949378, 0.983541399, 0.909772155, 1.22660568;1.43297508, 1.72477319, 0.863655343, 1.3936444, 1.12368224, 0, 1.15937578, 1.64293165, 1.04715711, 1.57626488, 1.3766667;1.375416, 1.61787953, 1.31983424, 1.52593614, 1.25573872, 1.15937578, 0, 1.61561256, 1.11669677, 1.39056473, 1.53663115;1.52266652, 1.2997413, 1.628072, 1.47310883, 1.12949378, 1.64293165, 1.61561256, 0, 1.19343976, 0.85987579, 1.53576079;1.70265937, 1.38393125, 1.08907665, 0.979114676, 0.983541399, 1.04715711, 1.11669677, 1.19343976, 0, 1.04911268, 1.33935405;1.72328744, 1.19629803, 1.55125562, 1.04366113, 0.909772155, 1.57626488, 1.39056473, 0.85987579, 1.04911268, 0, 1.37694034;1.68917688, 1.53228719, 1.4039089, 1.44932994, 1.22660568, 1.3766667, 1.53663115, 1.53576079, 1.33935405, 1.37694034, 0];
distance_feature_class = 'simple';
