accuracy = 1e-08;
dm_train = [0, 0.621412649, 0.602748823, 0.796248914, 0.715149766, 0.873463914, 0.920947386, 0.843811547, 0.675390925, 0.695833818, 0.805166223;0.621412649, 0, 0.846003725, 0.798405402, 0.803848916, 1.04346555, 1.08012063, 0.721789705, 0.663192808, 0.716420032, 0.910055661;0.602748823, 0.846003725, 0, 0.855233563, 0.761625795, 0.909449802, 0.639149325, 0.830860295, 0.608645774, 0.707553358, 0.823314287;0.796248914, 0.798405402, 0.855233563, 0, 0.66779071, 0.574751547, 0.879235496, 0.770992415, 0.865732774, 0.632079264, 0.474718077;0.715149766, 0.803848916, 0.761625795, 0.66779071, 0, 0.619821515, 0.733187053, 0.654920052, 0.647115541, 0.314892013, 0.478123653;0.873463914, 1.04346555, 0.909449802, 0.574751547, 0.619821515, 0, 0.887218617, 0.645879267, 1.00370428, 0.634217147, 0.344748075;0.920947386, 1.08012063, 0.639149325, 0.879235496, 0.733187053, 0.887218617, 0, 1.01728636, 0.858761554, 0.761775045, 0.75914978;0.843811547, 0.721789705, 0.830860295, 0.770992415, 0.654920052, 0.645879267, 1.01728636, 0, 0.699096145, 0.563531779, 0.602989637;0.675390925, 0.663192808, 0.608645774, 0.865732774, 0.647115541, 1.00370428, 0.858761554, 0.699096145, 0, 0.712607574, 0.855424656;0.695833818, 0.716420032, 0.707553358, 0.632079264, 0.314892013, 0.634217147, 0.761775045, 0.563531779, 0.712607574, 0, 0.497122969;0.805166223, 0.910055661, 0.823314287, 0.474718077, 0.478123653, 0.344748075, 0.75914978, 0.602989637, 0.855424656, 0.497122969, 0];
init_random = 42;
name = 'GeodesicMetric';
data_type = 'double';
dm_test = [0.493097567, 0.637030645, 0.867057189, 0.686630059, 0.745388688, 0.77691746, 1.02059205, 0.720176929, 0.802232571, 0.725568522, 0.615432214, 0.557219761, 0.797101494, 0.912120167, 0.849099009, 0.71768652, 0.739110596;0.689922637, 0.703518695, 0.764067281, 0.770362831, 0.684927843, 0.91732901, 1.079322, 0.895125928, 0.859561788, 0.624365403, 0.728224, 0.706303472, 0.857835947, 0.957062189, 1.18234258, 0.901827526, 0.916578889;0.715676377, 0.704806111, 0.958030535, 0.80821422, 0.931116604, 0.691672595, 0.970965231, 0.645629673, 0.809773398, 0.927076107, 0.81324617, 0.514741991, 0.900929875, 0.789866946, 0.801215255, 0.711565008, 0.997631642;0.618115192, 0.602534993, 0.579825932, 0.601159922, 0.526881873, 0.628849786, 0.733653336, 0.572988926, 0.412448983, 0.577846138, 0.889562452, 0.438961448, 0.634568428, 0.61022546, 0.89425867, 0.449897293, 0.802783069;0.357070296, 0.554500413, 0.760589574, 0.651283015, 0.74748761, 0.58858076, 0.784425377, 0.497992574, 0.649820434, 0.685566342, 0.471066516, 0.539103405, 0.722042917, 0.426501453, 0.676077991, 0.353244802, 0.623422148;0.600392163, 0.503731726, 0.813866932, 0.739459502, 0.873456116, 0.809204068, 0.441383338, 0.672062571, 0.576362519, 0.642461545, 0.765424445, 0.540759213, 0.642391851, 0.579270821, 0.544188456, 0.397797869, 0.54508952;0.881469101, 0.869674655, 1.17877244, 0.754018839, 1.19240792, 0.670423555, 1.02883348, 0.679400292, 0.80923309, 0.980920039, 0.880692505, 0.758227726, 1.20308305, 0.645405688, 0.84020661, 0.686839014, 0.999362121;0.551734292, 0.578909298, 0.62465649, 0.674421658, 0.80908721, 0.992861742, 0.673671185, 0.77439046, 0.751331622, 0.563307724, 0.708737254, 0.601930067, 0.564182681, 0.594904665, 0.723017962, 0.670356438, 0.736201322;0.57669037, 0.713145892, 0.868719457, 0.628939358, 0.799196426, 0.78618158, 1.09865423, 0.517847307, 0.989579917, 0.695029811, 0.58852901, 0.602905425, 0.742195812, 0.718875658, 0.92820221, 0.756366694, 0.835783321;0.44181891, 0.597081595, 0.613094384, 0.637025896, 0.714906352, 0.575101497, 0.665934707, 0.611239816, 0.46756719, 0.737175533, 0.603575562, 0.529618202, 0.74671049, 0.425052874, 0.749377515, 0.455128165, 0.754648332;0.476628758, 0.589820765, 0.745781897, 0.592622365, 0.821317896, 0.741755179, 0.670614274, 0.573895756, 0.511589578, 0.553244752, 0.744867205, 0.514017236, 0.688450978, 0.42631494, 0.624409891, 0.311563928, 0.626069823];
data_train = [0.00578225235, 0.137673426, 0.540058387, 0.745631208, 0.862694068, 0.770894469, 0.674216722, 0.260544239, 0.115671681, 0.863948784, 0.684229886;0.503495618, 0.0895350073, 0.661491936, 0.993042656, 0.595366674, 0.471684286, 0.168200015, 0.123245661, 0.352004049, 0.655159128, 0.539017359;0.537615948, 0.139573314, 0.030142644, 0.229629704, 0.951338943, 0.965778727, 0.0417576771, 0.561097126, 0.00351635234, 0.920606292, 0.613499723;0.46479492, 0.15507536, 0.931309644, 0.111796084, 0.913749448, 0.156725679, 0.910166384, 0.36401679, 0.766202914, 0.790361077, 0.296253419;0.8569265, 0.43918101, 0.921810562, 0.835617565, 0.36713935, 0.774310278, 0.636909704, 0.395835804, 0.259087048, 0.422246735, 0.684611368;0.285247748, 0.0378519406, 0.847832486, 0.182961292, 0.195659934, 0.752297421, 0.114232259, 0.824860804, 0.347431628, 0.32558655, 0.227375405;0.092141873, 0.049431421, 0.103286433, 0.615231393, 0.678243878, 0.895792842, 0.243856949, 0.766849343, 0.505617275, 0.30206984, 0.841881869;0.164978602, 0.401531596, 0.197806065, 0.737041684, 0.265389726, 0.52785462, 0.204153007, 0.903753853, 0.199291224, 0.797201755, 0.516419376;0.451112966, 0.444579969, 0.113663258, 0.932535955, 0.543618007, 0.519760752, 0.12009628, 0.230647891, 0.421303961, 0.368471454, 0.224367516;0.710282648, 0.879308733, 0.762532669, 0.398291152, 0.842536426, 0.032446128, 0.0574032121, 0.993493282, 0.89742388, 0.886265004, 0.319600328;0.0309812934, 0.180893173, 0.161647409, 0.771332184, 0.707526475, 0.775771186, 0.225405985, 0.874828126, 0.156887755, 0.690489936, 0.621484641];
feature_class = 'simple';
data_test = [0.171865675, 0.641425057, 0.0705731634, 0.0338511069, 0.149140138, 0.749160083, 0.733009377, 0.676684479, 0.80810868, 0.203685281, 0.417611292, 0.660320193, 0.0207840267, 0.726091062, 0.137990582, 0.768451447, 0.287321882;0.506470198, 0.224411277, 0.71209941, 0.478706341, 0.979042643, 0.635513708, 0.287329164, 0.912057381, 0.872927858, 0.12287943, 0.0457055772, 0.82718485, 0.803653553, 0.589057639, 0.35987935, 0.763835303, 0.0797286449;0.630619593, 0.622269411, 0.289086724, 0.302579646, 0.278116438, 0.26181934, 0.760390357, 0.283568529, 0.585709632, 0.332391861, 0.937654796, 0.373040469, 0.479326479, 0.478331426, 0.706230533, 0.66719421, 0.992809442;0.445758409, 0.340145557, 0.0752593871, 0.830930339, 0.025521495, 0.586512865, 0.0828444724, 0.997484515, 0.329633781, 0.1437432, 0.83360169, 0.570331135, 0.00827698484, 0.964858331, 0.643057785, 0.617959806, 0.350187554;0.476976203, 0.79600822, 0.143174135, 0.691311899, 0.30620251, 0.277302739, 0.23202724, 0.503510296, 0.789703558, 0.738298151, 0.417755805, 0.965059122, 0.263540692, 0.285875355, 0.576503249, 0.698881957, 0.548124938;0.243657003, 0.848543686, 0.260710864, 0.0880246031, 0.236656959, 0.1997833, 0.969305677, 0.52324032, 0.261976973, 0.203032653, 0.424377317, 0.869101752, 0.862690207, 0.319293343, 0.695699529, 0.403314426, 0.433896637;0.514993038, 0.511013975, 0.11525795, 0.723201796, 0.122879845, 0.0934949788, 0.280102489, 0.973331192, 0.0499350167, 0.927304832, 0.634517946, 0.560406309, 0.771486555, 0.810845371, 0.556876123, 0.708833969, 0.960938215;0.218490982, 0.229829925, 0.668761592, 0.832492986, 0.354641223, 0.290948764, 0.780142573, 0.346005617, 0.940981616, 0.517609617, 0.171841908, 0.437881741, 0.320575313, 0.770614875, 0.0162030953, 0.263160767, 0.234886917;0.379756753, 0.943758943, 0.409579079, 0.61871534, 0.948931198, 0.594255302, 0.522124849, 0.870649704, 0.48385057, 0.728263729, 0.813099748, 0.854907689, 0.74676302, 0.330997568, 0.0444069238, 0.574747985, 0.822779708;0.660425641, 0.735596653, 0.572911778, 0.389951721, 0.843012554, 0.253701128, 0.0084744958, 0.51245519, 0.259989221, 0.702797891, 0.900782942, 0.768304777, 0.742378934, 0.328593767, 0.0388367074, 0.365702799, 0.383474416;0.448459855, 0.632195388, 0.787496709, 0.424266848, 0.761133685, 0.0266095829, 0.566686549, 0.257150664, 0.886321017, 0.436360827, 0.0819208801, 0.64819166, 0.765489825, 0.839053641, 0.769674595, 0.835578385, 0.11795935];
data_class = 'rand';
