distance_name = 'GeodesicMetric';
distance_accuracy = 1e-08;
init_random = 42;
distance_data_train = [0.3745401, 0.9507143, 0.7319939, 0.5986585, 0.1560186, 0.1559945, 0.0580836, 0.8661761, 0.601115, 0.7080726, 0.0205845;0.9699099, 0.8324426, 0.2123391, 0.181825, 0.1834045, 0.3042422, 0.5247564, 0.431945, 0.2912291, 0.6118529, 0.1394939;0.2921446, 0.3663618, 0.45607, 0.785176, 0.1996738, 0.5142344, 0.5924146, 0.0464504, 0.6075449, 0.1705241, 0.0650516;0.9488855, 0.965632, 0.8083973, 0.3046138, 0.0976721, 0.684233, 0.4401525, 0.1220382, 0.4951769, 0.0343885, 0.9093204;0.25878, 0.6625223, 0.3117111, 0.520068, 0.5467103, 0.1848545, 0.9695846, 0.7751328, 0.9394989, 0.8948274, 0.5979;0.9218742, 0.0884925, 0.1959829, 0.0452273, 0.3253303, 0.3886773, 0.271349, 0.8287375, 0.3567533, 0.2809345, 0.5426961;0.1409242, 0.802197, 0.0745506, 0.9868869, 0.7722448, 0.1987157, 0.0055221, 0.8154614, 0.7068573, 0.7290072, 0.7712703;0.0740447, 0.3584657, 0.1158691, 0.8631034, 0.6232981, 0.330898, 0.0635584, 0.3109823, 0.3251833, 0.7296062, 0.6375575;0.8872127, 0.4722149, 0.1195942, 0.7132448, 0.760785, 0.5612772, 0.7709672, 0.4937956, 0.5227328, 0.427541, 0.0254191;0.1078914, 0.0314292, 0.6364104, 0.314356, 0.5085707, 0.9075665, 0.2492922, 0.4103829, 0.7555511, 0.2287982, 0.0769799;0.2897515, 0.1612213, 0.9296977, 0.8081204, 0.6334038, 0.8714606, 0.8036721, 0.1865701, 0.892559, 0.5393422, 0.8074402];
distance_data_test = [0.8960913, 0.3180035, 0.1100519, 0.2279352, 0.4271078, 0.8180148, 0.8607306, 0.0069521, 0.5107473, 0.417411, 0.2221078, 0.1198654, 0.3376152, 0.9429097, 0.3232029, 0.5187906, 0.703019;0.3636296, 0.9717821, 0.9624473, 0.2517823, 0.4972485, 0.3008783, 0.2848405, 0.0368869, 0.6095643, 0.502679, 0.0514788, 0.2786465, 0.9082659, 0.2395619, 0.1448949, 0.4894528, 0.9856505;0.2420553, 0.6721355, 0.7616196, 0.2376375, 0.7282163, 0.3677831, 0.6323058, 0.6335297, 0.5357747, 0.0902898, 0.8353025, 0.3207801, 0.1865185, 0.0407751, 0.5908929, 0.6775644, 0.0165878;0.5120931, 0.2264958, 0.6451728, 0.1743664, 0.6909377, 0.3867353, 0.93673, 0.1375209, 0.3410664, 0.1134735, 0.9246936, 0.8773394, 0.2579416, 0.659984, 0.8172222, 0.5552008, 0.5296506;0.2418523, 0.0931028, 0.8972158, 0.9004181, 0.6331015, 0.3390298, 0.3492096, 0.7259557, 0.8971103, 0.8870864, 0.7798755, 0.6420316, 0.08414, 0.1616287, 0.8985542, 0.6064291, 0.0091971;0.1014715, 0.6635018, 0.0050616, 0.1608081, 0.5487338, 0.6918952, 0.6519613, 0.2242693, 0.7121792, 0.2372491, 0.3253997, 0.7464914, 0.6496329, 0.8492234, 0.6576129, 0.5683086, 0.0936748;0.3677158, 0.2652024, 0.2439896, 0.9730106, 0.3930977, 0.8920466, 0.6311386, 0.7948113, 0.5026371, 0.5769039, 0.4925177, 0.195243, 0.7224521, 0.2807724, 0.024316, 0.6454723, 0.1771107;0.9404586, 0.9539286, 0.9148644, 0.3701587, 0.0154566, 0.9283186, 0.4281841, 0.9666548, 0.96362, 0.8530095, 0.2944489, 0.3850977, 0.8511367, 0.316922, 0.1694927, 0.5568013, 0.9361548;0.6960298, 0.5700612, 0.0971765, 0.6150072, 0.9900539, 0.140084, 0.5183297, 0.8773731, 0.7407686, 0.6970157, 0.7024841, 0.3594912, 0.2935918, 0.8093612, 0.8101134, 0.8670723, 0.9132406;0.5113424, 0.5015163, 0.7982952, 0.6499639, 0.7019669, 0.7957927, 0.8900053, 0.3379952, 0.375583, 0.0939819, 0.5782801, 0.0359423, 0.465598, 0.5426446, 0.2865413, 0.5908333, 0.0305002;0.0373482, 0.8226006, 0.3601906, 0.1270605, 0.5222433, 0.7699936, 0.215821, 0.6228905, 0.0853475, 0.0516817, 0.5313546, 0.5406351, 0.6374299, 0.7260913, 0.9758521, 0.5163003, 0.3229565];
distance_matrix_test = [0.881523551, 0.733249515, 0.945663254, 1.02253148, 0.568053836, 0.955696937, 0.714569912, 1.04858183, 0.732207856, 0.921139138, 0.791698284, 0.580219949, 0.783085223, 0.631581459, 0.683987513, 0.639652271, 0.719225577;0.629196753, 0.878511919, 0.773414446, 0.755452597, 0.70315216, 0.777976587, 0.618697317, 0.91995921, 0.660503055, 0.676417416, 0.730758216, 0.757782085, 0.789816944, 0.789586012, 0.850373486, 0.606538257, 0.687121681;0.866413881, 0.824479837, 0.82730305, 1.02818594, 0.659692959, 0.686564261, 0.609035658, 1.01517695, 0.960839491, 1.1380902, 0.646814622, 0.752130866, 0.895466982, 0.621711865, 0.611646683, 0.700750205, 1.00335199;0.640701078, 0.672767865, 0.770763376, 0.614363465, 0.690574111, 0.540417946, 0.680544389, 0.382168526, 0.623051586, 0.65492613, 0.593666907, 0.832683742, 0.687541637, 0.793057079, 0.762184469, 0.45271117, 0.824582063;0.737035213, 0.673084292, 0.821044318, 0.451253383, 0.648446537, 0.568164166, 0.73908996, 0.32734939, 0.57610034, 0.579058847, 0.644944008, 0.799622187, 0.619945183, 0.731947961, 0.735241853, 0.444368415, 0.873383091;0.83098989, 0.599491954, 0.727131273, 0.868500472, 0.481932516, 0.657680222, 0.579328802, 0.768076857, 0.818359012, 1.03342186, 0.515743967, 0.69554799, 0.722358909, 0.613827236, 0.563827009, 0.516345642, 0.932513343;1.0207754, 0.783258988, 0.7438265, 0.832116785, 0.489497668, 0.981780965, 0.888643808, 0.747380982, 0.745748069, 0.849742955, 0.555506344, 0.620434217, 0.956646907, 0.861672352, 0.372078818, 0.602122206, 0.982660051;0.731130797, 0.847142063, 0.95584956, 0.575059504, 0.703041826, 0.58760221, 0.626721339, 0.830719633, 0.525565012, 0.587772876, 0.834980391, 0.813689597, 0.69635826, 0.631762138, 0.849842002, 0.561955161, 0.917035485;0.756064363, 0.714738358, 0.670775769, 0.527145589, 0.442533769, 0.514760991, 0.530922065, 0.592501484, 0.613722114, 0.738554235, 0.415594543, 0.66228233, 0.723842909, 0.647147151, 0.515016594, 0.364810461, 0.965942555;0.661181118, 0.694661918, 0.725698053, 0.55779984, 0.774784693, 0.557738647, 0.774762407, 0.621483725, 0.475041768, 0.385739178, 0.814039439, 0.818893371, 0.594505297, 0.786715369, 0.828737568, 0.545555443, 0.754722309;0.98815032, 0.877591329, 0.859746292, 0.85790999, 0.892080393, 0.666453976, 0.819088993, 0.767155958, 0.824524254, 0.884404153, 0.712596496, 0.496680406, 0.735257829, 0.851452543, 0.740027463, 0.744312682, 1.03929648];
distance_feature_type = 'Real';
distance_matrix_train = [0, 0.707193385, 0.890919021, 1.0070898, 0.950319928, 0.780806281, 0.744730533, 0.815577241, 0.866262196, 0.936210754, 0.928875128;0.707193385, 0, 0.812766516, 0.705408861, 0.865427862, 0.934817298, 0.868151486, 0.675539235, 0.686462379, 0.620613865, 0.817262141;0.890919021, 0.812766516, 0, 0.801827012, 0.924466422, 0.504532825, 0.779135246, 0.947533488, 0.550358444, 0.905510622, 0.83036592;1.0070898, 0.705408861, 0.801827012, 0, 0.436771141, 0.723047388, 0.797451375, 0.757183598, 0.474708151, 0.523628904, 0.75289759;0.950319928, 0.865427862, 0.924466422, 0.436771141, 0, 0.669156165, 0.747252618, 0.64497585, 0.483522322, 0.516936511, 0.727430869;0.780806281, 0.934817298, 0.504532825, 0.723047388, 0.669156165, 0, 0.66950465, 0.942565686, 0.527828788, 0.907315958, 0.800191823;0.744730533, 0.868151486, 0.779135246, 0.797451375, 0.747252618, 0.66950465, 0, 0.921276312, 0.567340559, 0.790023679, 0.894908597;0.815577241, 0.675539235, 0.947533488, 0.757183598, 0.64497585, 0.942565686, 0.921276312, 0, 0.606329674, 0.469643195, 0.871133635;0.866262196, 0.686462379, 0.550358444, 0.474708151, 0.483522322, 0.527828788, 0.567340559, 0.606329674, 0, 0.528829859, 0.692946879;0.936210754, 0.620613865, 0.905510622, 0.523628904, 0.516936511, 0.907315958, 0.790023679, 0.469643195, 0.528829859, 0, 0.780734364;0.928875128, 0.817262141, 0.83036592, 0.75289759, 0.727430869, 0.800191823, 0.894908597, 0.871133635, 0.692946879, 0.780734364, 0];
distance_feature_class = 'simple';
