accuracy = 1e-08;
dm_train = [0, 0.707193374, 0.890919005, 1.00708983, 0.950319904, 0.78080626, 0.744730532, 0.815577239, 0.866262185, 0.936210752, 0.928875149;0.707193374, 0, 0.812766482, 0.705408875, 0.865427855, 0.934817279, 0.868151474, 0.675539234, 0.68646238, 0.62061387, 0.817262147;0.890919005, 0.812766482, 0, 0.801827038, 0.924466428, 0.504532824, 0.779135259, 0.947533477, 0.550358463, 0.905510605, 0.830365946;1.00708983, 0.705408875, 0.801827038, 0, 0.436771136, 0.723047413, 0.797451414, 0.757183599, 0.474708174, 0.523628874, 0.75289758;0.950319904, 0.865427855, 0.924466428, 0.436771136, 0, 0.669156185, 0.747252626, 0.644975841, 0.483522314, 0.516936489, 0.727430873;0.78080626, 0.934817279, 0.504532824, 0.723047413, 0.669156185, 0, 0.669504662, 0.942565703, 0.527828812, 0.907315938, 0.800191835;0.744730532, 0.868151474, 0.779135259, 0.797451414, 0.747252626, 0.669504662, 0, 0.921276299, 0.567340556, 0.790023645, 0.894908614;0.815577239, 0.675539234, 0.947533477, 0.757183599, 0.644975841, 0.942565703, 0.921276299, 0, 0.60632965, 0.469643208, 0.871133632;0.866262185, 0.68646238, 0.550358463, 0.474708174, 0.483522314, 0.527828812, 0.567340556, 0.60632965, 0, 0.528829821, 0.692946871;0.936210752, 0.62061387, 0.905510605, 0.523628874, 0.516936489, 0.907315938, 0.790023645, 0.469643208, 0.528829821, 0, 0.780734356;0.928875149, 0.817262147, 0.830365946, 0.75289758, 0.727430873, 0.800191835, 0.894908614, 0.871133632, 0.692946871, 0.780734356, 0];
init_random = 42;
name = 'GeodesicMetric';
data_type = 'double';
dm_test = [0.881523546, 0.733249556, 0.945663273, 1.02253147, 0.568053807, 0.955696913, 0.714569922, 1.0485818, 0.732207852, 0.921139133, 0.791698292, 0.580220011, 0.783085233, 0.631581455, 0.68398752, 0.639652253, 0.71922562;0.629196754, 0.878511923, 0.773414421, 0.755452617, 0.703152137, 0.777976574, 0.618697329, 0.919959175, 0.660503055, 0.676417407, 0.730758234, 0.757782117, 0.789816943, 0.789586018, 0.850373483, 0.606538253, 0.687121677;0.866413869, 0.824479867, 0.827303044, 1.0281859, 0.659692935, 0.686564252, 0.609035618, 1.01517695, 0.960839522, 1.13809017, 0.646814599, 0.752130905, 0.895466985, 0.621711809, 0.611646701, 0.700750177, 1.00335197;0.640701095, 0.672767899, 0.770763363, 0.614363435, 0.69057413, 0.540417944, 0.68054439, 0.382168487, 0.62305161, 0.654926121, 0.593666938, 0.832683768, 0.68754164, 0.793057099, 0.762184483, 0.452711184, 0.824582077;0.737035166, 0.6730843, 0.821044309, 0.451253377, 0.648446536, 0.568164163, 0.73908993, 0.327349402, 0.576100323, 0.579058804, 0.644944016, 0.799622178, 0.619945159, 0.731947939, 0.735241861, 0.444368386, 0.873383057;0.83098988, 0.599491936, 0.727131248, 0.868500457, 0.481932516, 0.657680202, 0.579328779, 0.768076864, 0.818359034, 1.03342184, 0.515743973, 0.695548018, 0.722358872, 0.613827207, 0.563827034, 0.516345627, 0.932513302;1.02077541, 0.783259008, 0.743826499, 0.832116748, 0.489497675, 0.981780944, 0.888643812, 0.747381001, 0.745748081, 0.849742924, 0.555506356, 0.620434224, 0.956646897, 0.861672334, 0.372078839, 0.602122202, 0.982660075;0.731130757, 0.847142096, 0.955849543, 0.57505954, 0.703041838, 0.587602205, 0.626721342, 0.830719627, 0.525564998, 0.58777286, 0.834980393, 0.813689608, 0.696358271, 0.631762162, 0.849842022, 0.561955159, 0.9170355;0.756064355, 0.714738373, 0.670775748, 0.527145547, 0.442533774, 0.514760968, 0.530922053, 0.592501477, 0.613722127, 0.73855419, 0.415594547, 0.662282338, 0.723842885, 0.647147127, 0.51501662, 0.364810446, 0.965942546;0.661181108, 0.694661915, 0.725698037, 0.557799879, 0.774784681, 0.557738643, 0.774762397, 0.62148369, 0.47504177, 0.385739183, 0.81403943, 0.81889334, 0.594505298, 0.786715356, 0.828737541, 0.545555427, 0.754722307;0.988150323, 0.877591375, 0.859746296, 0.857909977, 0.892080379, 0.666453966, 0.819088976, 0.767155929, 0.824524284, 0.884404154, 0.712596484, 0.496680397, 0.735257838, 0.85145253, 0.740027482, 0.744312668, 1.0392965];
data_train = [0.374540119, 0.950714306, 0.731993942, 0.598658484, 0.15601864, 0.15599452, 0.0580836122, 0.866176146, 0.601115012, 0.708072578, 0.0205844943;0.969909852, 0.832442641, 0.212339111, 0.181824967, 0.18340451, 0.304242243, 0.524756432, 0.431945019, 0.29122914, 0.611852895, 0.139493861;0.292144649, 0.366361843, 0.456069984, 0.785175961, 0.199673782, 0.514234438, 0.592414569, 0.0464504127, 0.607544852, 0.170524124, 0.065051593;0.948885537, 0.965632033, 0.808397348, 0.304613769, 0.097672114, 0.684233027, 0.440152494, 0.122038235, 0.49517691, 0.0343885211, 0.909320402;0.258779982, 0.662522284, 0.311711076, 0.520068021, 0.546710279, 0.184854456, 0.969584628, 0.775132823, 0.939498942, 0.89482735, 0.597899979;0.921874235, 0.0884925021, 0.195982862, 0.0452272889, 0.325330331, 0.38867729, 0.271349032, 0.828737509, 0.356753327, 0.28093451, 0.542696083;0.140924225, 0.802196981, 0.0745506437, 0.986886937, 0.772244769, 0.198715682, 0.00552211712, 0.815461428, 0.706857344, 0.729007168, 0.771270347;0.0740446517, 0.358465729, 0.11586906, 0.863103426, 0.623298127, 0.330898025, 0.0635583503, 0.310982322, 0.325183322, 0.729606178, 0.637557471;0.887212743, 0.472214925, 0.119594246, 0.713244787, 0.760785049, 0.561277198, 0.77096718, 0.493795596, 0.522732829, 0.427541018, 0.0254191267;0.107891427, 0.0314291857, 0.636410411, 0.314355981, 0.508570691, 0.907566474, 0.249292229, 0.410382923, 0.755551139, 0.228798165, 0.0769799098;0.289751453, 0.161221287, 0.929697652, 0.80812038, 0.633403757, 0.87146059, 0.803672077, 0.186570059, 0.892558998, 0.539342242, 0.807440155];
feature_class = 'simple';
data_test = [0.8960913, 0.318003475, 0.110051925, 0.227935163, 0.427107789, 0.818014766, 0.860730583, 0.00695213053, 0.510747303, 0.417411003, 0.22210781, 0.119865367, 0.337615171, 0.942909704, 0.323202932, 0.518790622, 0.703018959;0.363629602, 0.971782083, 0.962447295, 0.251782296, 0.497248506, 0.30087831, 0.284840494, 0.0368869474, 0.609564334, 0.502679023, 0.0514787512, 0.278646464, 0.908265886, 0.239561891, 0.144894872, 0.48945276, 0.985650454;0.242055272, 0.672135547, 0.761619615, 0.237637544, 0.728216349, 0.367783133, 0.632305831, 0.633529711, 0.535774684, 0.0902897701, 0.835302496, 0.320780065, 0.18651851, 0.0407751416, 0.590892943, 0.677564362, 0.0165878289;0.512093058, 0.226495775, 0.64517279, 0.174366429, 0.690937738, 0.386735346, 0.936729989, 0.137520944, 0.341066351, 0.113473521, 0.924693618, 0.877339353, 0.257941628, 0.659984046, 0.8172222, 0.555200812, 0.529650578;0.241852291, 0.0931027678, 0.897215758, 0.900418057, 0.633101457, 0.339029791, 0.349209575, 0.725955679, 0.89711026, 0.887086424, 0.779875546, 0.642031646, 0.084139965, 0.161628714, 0.898554189, 0.60642906, 0.00919705162;0.101471543, 0.663501769, 0.00506158385, 0.160808051, 0.548733789, 0.691895198, 0.65196126, 0.224269309, 0.712179221, 0.237249087, 0.325399698, 0.746491405, 0.649632899, 0.84922341, 0.657612892, 0.568308603, 0.0936747678;0.367715803, 0.265202368, 0.243989643, 0.973010555, 0.393097725, 0.892046555, 0.631138626, 0.794811304, 0.502637093, 0.576903885, 0.492517694, 0.195242988, 0.722452115, 0.280772362, 0.0243159664, 0.645472296, 0.177110679;0.940458584, 0.953928577, 0.91486439, 0.3701587, 0.0154566165, 0.928318563, 0.428184148, 0.966654819, 0.963619977, 0.853009455, 0.294448892, 0.385097729, 0.851136672, 0.316922005, 0.169492747, 0.556801262, 0.936154774;0.696029797, 0.57006117, 0.0971764938, 0.615007227, 0.99005385, 0.140084015, 0.518329652, 0.877373072, 0.740768618, 0.697015741, 0.702484084, 0.359491151, 0.293591844, 0.809361155, 0.810113395, 0.867072319, 0.913240553;0.511342399, 0.501516295, 0.798295179, 0.649963931, 0.701966877, 0.795792669, 0.890005342, 0.337995157, 0.375582953, 0.0939819398, 0.578280141, 0.0359422738, 0.465598018, 0.542644635, 0.286541252, 0.590833261, 0.0305002499;0.0373481887, 0.822600561, 0.360190641, 0.127060513, 0.52224326, 0.769993553, 0.215821027, 0.622890476, 0.085347465, 0.0516817212, 0.531354632, 0.540635122, 0.637429901, 0.726091334, 0.975852079, 0.516300348, 0.322956473];
