init_random = 42;
data_type = '';
dm_test = [43, 42, 36, 44, 45, 45, 39, 42, 38, 53, 42, 48, 38, 44, 37, 41, 40, 42, 43, 37, 44, 38, 47, 45, 44, 48, 38, 41, 37, 47, 49, 40, 39, 49, 39, 45, 39, 42, 45, 41, 48, 41, 41, 46, 38, 49, 43, 38, 41, 46, 46, 43, 40;42, 40, 42, 50, 44, 42, 44, 45, 42, 44, 49, 33, 45, 41, 40, 41, 47, 47, 40, 42, 40, 48, 46, 44, 47, 42, 50, 41, 46, 45, 44, 44, 48, 41, 43, 46, 44, 42, 37, 48, 49, 50, 43, 44, 38, 40, 38, 43, 44, 46, 44, 37, 44;46, 44, 44, 47, 41, 38, 40, 48, 43, 41, 41, 44, 44, 36, 41, 33, 44, 43, 47, 41, 42, 47, 49, 35, 48, 47, 47, 46, 48, 43, 48, 45, 40, 38, 42, 47, 50, 38, 50, 44, 41, 46, 41, 49, 39, 40, 39, 46, 42, 46, 48, 36, 44;45, 44, 39, 40, 35, 50, 44, 45, 45, 49, 47, 37, 39, 44, 43, 45, 47, 46, 33, 44, 46, 43, 39, 43, 45, 44, 42, 38, 33, 40, 43, 42, 42, 43, 44, 48, 42, 46, 40, 39, 43, 40, 36, 46, 48, 46, 40, 43, 42, 43, 38, 50, 44;47, 37, 42, 48, 41, 40, 47, 39, 45, 50, 42, 42, 48, 42, 39, 45, 39, 46, 50, 36, 46, 46, 44, 47, 39, 42, 43, 48, 45, 40, 40, 42, 41, 50, 47, 41, 41, 42, 51, 39, 42, 50, 46, 40, 40, 45, 41, 45, 47, 44, 43, 43, 39;46, 48, 39, 41, 37, 42, 46, 48, 47, 51, 41, 39, 45, 41, 42, 45, 44, 43, 38, 42, 42, 39, 39, 47, 45, 45, 37, 48, 43, 42, 43, 43, 43, 40, 39, 44, 43, 46, 46, 34, 48, 44, 50, 49, 42, 48, 48, 47, 38, 43, 46, 49, 38;33, 42, 43, 46, 43, 40, 36, 41, 52, 38, 44, 40, 47, 45, 44, 40, 49, 43, 46, 46, 38, 47, 42, 39, 39, 39, 49, 38, 42, 48, 44, 41, 43, 41, 43, 45, 50, 43, 38, 46, 38, 48, 42, 38, 38, 36, 41, 40, 38, 39, 38, 39, 47;46, 46, 37, 51, 44, 45, 42, 50, 38, 38, 44, 38, 49, 42, 40, 33, 46, 36, 40, 40, 41, 39, 49, 45, 42, 44, 45, 37, 46, 47, 46, 43, 42, 40, 37, 45, 48, 45, 38, 43, 44, 46, 45, 41, 36, 39, 46, 43, 39, 45, 51, 34, 44;48, 43, 37, 42, 46, 45, 40, 47, 36, 46, 42, 42, 40, 45, 48, 42, 40, 43, 44, 47, 42, 37, 45, 38, 46, 42, 36, 47, 48, 44, 37, 46, 44, 38, 35, 40, 45, 44, 43, 43, 48, 49, 42, 38, 38, 41, 48, 43, 43, 39, 41, 39, 41;48, 35, 42, 49, 46, 45, 40, 36, 45, 49, 37, 52, 45, 38, 41, 40, 46, 45, 45, 39, 43, 40, 43, 40, 44, 47, 44, 38, 44, 48, 40, 46, 40, 50, 44, 38, 41, 39, 44, 39, 42, 40, 42, 45, 42, 51, 37, 41, 50, 31, 40, 44, 41;37, 45, 39, 45, 46, 44, 36, 48, 38, 42, 42, 45, 45, 42, 47, 43, 46, 48, 38, 42, 47, 44, 44, 33, 45, 36, 42, 35, 39, 46, 47, 42, 47, 49, 35, 43, 44, 39, 37, 49, 44, 48, 46, 40, 37, 38, 43, 48, 47, 45, 49, 32, 34];
seqlen = 60;
data_test = {'GCGTGAACGACGCTAAGCGCATTGCGCATATCAGTGTGGTACATTAGTAGTAGCTTTCTT', 'CTAGAAAGCGACGTCGTGAATATGTTTCTCCGTTTCCGAACCCAAATCCGATTACTTCGA', 'TATGGGAAAATCATTTTACTGATAAGGGATCATTTTGGACCCGCAAGATCCGTCGGCTTG', 'TTGTGGGTATTATACGATTGACGTGCGGTATGTCGTATGACGAGCGATTTGATAACCTGC', 'CTCCATGAAGGCTACTCGCCTCTAAAGCTCTATTTTTGAATGTCAAGCACAGCTCCAACC', 'GCGTTACAATACGGGACGACAACAGGTAAAGGATAGGTGTCTATGTCGGGAAAATATCAT', 'GCGGATTGAGAACCTGGCCCTATGCGCTTCCGTAGGGAGTAATATCATCGCGACTCGCTA', 'TCAAAGCTCAGGAAAGGCTTGTAACAGTAACTCGAATTATGTCGCGAACGAGTAGCTAGT', 'TGCGTGATGGAGCGAGTATCTTGGTCCGTTTCTAGACCCGCCACAAGGGCCTGCACCCGG', 'GTTGTAAAGTATATCACCCCTGCGGCCAAGAGGAGCTCTGAGTGTTAAGCTTCATCTCGA', 'GCGAGTAAAGGGACGCTAGCCGGTAAGGCAATACACAGATAGTGGCCGTGGGCAGTAGAG', 'ACTCGTTACATTGTGGATATTGACCCATGCCCGGTCTTATATCTTTTCACAGCTGTATTC', 'GTAGCACAAATGTCCGCAGAGGAATCATAGTAAACAGAGTTGCGGCATCACCTGTACCAC', 'TAGAAATTTCAGCTACACGCCCCTTTTCGCCTATCGGTGGAGAGGGAAGAAATGCCCTGA', 'AAGTCAATCTGCAAGTGGATTCTGGGTGACTACCCGTAAATGCTTTTCTCTGTGAGTTAA', 'AGTAGTGGGGCGGTGTACAAGTACTAGGGACTGATAGATCCACTTCCGTGCCGAGCTAGC', 'GAGGGGGTCTCAACTGTGCACCAAGGTTGCGTACTCGGACCAATCGCTCCTTATCCAAGC', 'CGTAGATGTAACCATACTCTACAATAGCCTAGTGTACCGTCGAGCTGCAAACTGGATGAG', 'GACCATTGCCGGAGTCATACACTGATTTACTTAACTGCAGTCTTAGCTGGTCTGAGTCTT', 'CTAAATGACGATTGTCTGGATCAAGGGTAGATTGGCCTCCCTCAGTAAACCGGGCTCTGA', 'GCGAATATCGGGCAACGTTTTGCTGGACCTGCTACAGTCTCTTTATGCTCTAGGAAACCG', 'CCGATTGGTAAATAGTTGATGAATGTTGGCCCTGTCGGGGAGACCGTGGGGACCCAACTC', 'CAGCAGAAAAACTGGCTCAGACGTCGTACCCCTGGCTTTAGACAGGACCCACTAACTGGC', 'GAGTGTGATAGAACCCGAAGCGGTGCGCCTCTTTTCCGCGGGCACATCAAGGCACCGGCA', 'TCGACAGTCAACAATCCTATCTGTTCTCCCGAGGTTCCCAACCTGCGACGCCTTGGGACA', 'CGATTGGTATATCTTACTCTGCCATCGCGTTCTTGTAATCTTATCGGTACGGGACCTCAT', 'ATGTCAGTGATTGTTGACACCACATTATGCAGTGAACCACTTCTCCAGTGCGATGCGGAG', 'AGTTGGATCCCAGAGCAGACGATAAGCACCTCTTCTCTAGCCGGAAGGTTTGCATGACTG', 'CCACCATCTTAGCTAGGCAGGCGCGATCCAAGCTACCAACCCGGACTGGCTTGTAATTAC', 'ACTGCCACGTTATTTCCCAAACGCATTTTGTACAAAGTGATGCGCCTCCTGAAAGCATGA', 'GGACTCGCAACAATTTTATATTGTGCCGAGTATTTTGTTACGAGGAGTCAACTAGACTGA', 'CACGACCTTATCCTTTGCTCGCGAATAGAAAATCTGCGGTCCTTTCTCCAGACTAAATGC', 'TTCGTGATGCCAATACGATACCAAGTAGGTCCCGTACTTTTCGGAGGATGTACGCGTAGG', 'CTTGGCTGGTCTACCTTGGGTCCATGCATAGTCAGTGTAGGTATGCATACCTGTCGGTTA', 'GAGCCCGCGCATCCGCACTGGGACTACCCTAGATACGGCCCCACCCGTGAATCAGGGCAT', 'CGGGCCGTTAATGTAGGGCAGCCTCTAGTAACAGTCCCGAGGGAGAATGAAACAACGGGA', 'TTTTTGAGGGGACTGGCCTGTCGAGCCGTATCCACGACTATCGCAAAAGTTGACCAGGCC', 'TTCTTCCGTTACGGATGTTGCGAGAGAAAAGGGAAAATACAAGGAACAATGGCCGGGAGC', 'TGGAGACAGACTAGCATACGGGCAGGTTTCCTCATTCACTTAATCGTAGACTCTGCACCA', 'CCGGGAAGCATTGATGTTTGAGGGAATGTTGGTGGACGCACAACTGAAGCTGTCGCTGCC', 'AGAGCGTTTAAGCCACATAGAGCTTCTTTTAGAATCGTTTAACAACTGCGAATGTATGGG', 'TGGTTCGCAGTTCGATTGTGGACGGCTAGGGGCAGGAGCGTAATGGTTTGCCAGCTGGCA', 'ACAGTTGATTAGCTTATGTCTACATTTTACAAACCAAATTTCCTCCAACCGAATACTAAC', 'CGTAGGAGCCACCTACCGGGTTCGTTTCACGCCTCTCCCTAATAGGCGAGCGAGACAATC', 'TTGACTCAGTTAGAATACATTGTACCACTACAATCCTACCGTTCTAAACGGTGGAAGCTA', 'ACAAGAGCACTCTATAGGTCAATGTACATGTCGGCTTTGCCTAGGGTCCACCCTTACTAA', 'AGATCGACGTTGTTTAAAGCCTTTCGCAACCTAGGCCCGCAAGTCGGTTGGTCCATTAGC', 'ATAAGGAGGAAGCTTTCTCCAAGCAGCGCTTCCCTCAACCTACTTCCCTATGGACCAGTG', 'GACAGTGACGCTTGCCACCGGACAATACATGAGGTATTTGGCTGGCGTATGTCCTCTCGC', 'GCACATTCGCGTTCTCTAGGGATAGACGCAACTTACAAGGAAATTAATTCAAGCAGATCA', 'GCTGCGCTCGACTTAATTACCTAATACCCCGAGTTAACCCGAACGAGCTTCACAGTGTCA', 'GCGCATATTTGGTCCGCCCGTATGTGTATATTCATCTAATGTCGGGGGCCTAGAGGAAAG', 'TAGCCTCCAACAGCGACGTATGGGAAGCTCAGCGGTTGGTCACAGGGAGCGGCAATTGAC'};
gap = 0;
feature_obtain = 'Char';
feature_type = 'Word';
reverse = 'False';
dm_train = [0, 46, 46, 47, 42, 39, 52, 42, 45, 40, 46;46, 0, 43, 42, 38, 46, 39, 36, 45, 44, 45;46, 43, 0, 52, 44, 46, 39, 42, 42, 46, 47;47, 42, 52, 0, 46, 40, 50, 42, 40, 41, 45;42, 38, 44, 46, 0, 40, 41, 42, 41, 42, 43;39, 46, 46, 40, 40, 0, 48, 39, 36, 44, 48;52, 39, 39, 50, 41, 48, 0, 39, 44, 47, 38;42, 36, 42, 42, 42, 39, 39, 0, 36, 43, 41;45, 45, 42, 40, 41, 36, 44, 36, 0, 45, 42;40, 44, 46, 41, 42, 44, 47, 43, 45, 0, 45;46, 45, 47, 45, 43, 48, 38, 41, 42, 45, 0];
name = 'HammingWordDistance';
distance_arg0_use_sign = 'False';
data_train = {'TCCAATTGCAACGGGCTGGGCACTAAAATGCACCACCGGACGGTGAAGAGTGCGCGTCTT', 'AAAAAGACTATCAGGTGTCATTTCCTCTTCTTATGTCTCATACTTGGCCCGTTTACAGCT', 'CAATGAAGATGAATCCTTTTCATGCTACACAAAGGGTCCTATATATGTAGTGGGCGGTAC', 'TTCGCACCGATTGGCTGATTTGGCTTAACTTAGCTTTCCCATTTTGTTTACATGAGGCAG', 'GTGTGGTCAATGGAAACGCCTCGTCGTTATCCCTCCGAAAAAAGACTCGAAAACAAACAC', 'GGATGATTACTGAACCGCCGACGTGGACGACCACACATGGTCAGGGCACCGGCTGAAAAA', 'ACATAGCTACTTTCAGTGGCTACCGAAGCGACGACAATCTCGTGCCCTTTAGTAAGGTAT', 'AAATGGCTCTCCCCGGATCGTGATGCATGGTTACAGAGTTCTATACTAAGGGGGCCATGC', 'CTAGGGATTGGTGAGGCGTTCATTATTGGCACTACCGTCCGCACAACCTCGGAGATACAT', 'GGAGATAAACGATCGCCGAATTCCGCAAGGAAAGAATAGAAAGTTCGACTAAAAAGCTTC', 'CCGCGCGCCTTATCTTCACGGCATTGACATAGCGGTAAATTGGGATCCGAAGAGACCCGC'};
feature_class = 'string_complex';
alphabet = 'DNA';
accuracy = 0;
order = 3;
data_class = 'dna';
