name = 'JensenMetric'
dm_train = [0, 0.506921175, 0.481231629, 1.34469558, 0.337605563, 1.66211086, 1.24738728, 0.587758577, 1.38734035, 0.860812303, 1.05358246;0.506921175, 0, 0.605257163, 1.463826, 0.523050587, 1.43842968, 1.56582498, 0.804389921, 0.874154169, 0.695023044, 1.06113127;0.481231629, 0.605257163, 0, 0.97913944, 0.733974676, 1.4285796, 1.20335964, 0.699524002, 1.03313447, 1.14535623, 0.716335397;1.34469558, 1.463826, 0.97913944, 0, 1.03888553, 1.33559164, 1.14403431, 0.67245798, 0.874527987, 1.51278577, 1.32077121;0.337605563, 0.523050587, 0.733974676, 1.03888553, 0, 1.19235758, 1.07945106, 0.598808579, 1.145797, 0.550324798, 1.09269521;1.66211086, 1.43842968, 1.4285796, 1.33559164, 1.19235758, 0, 0.675152717, 1.52332183, 0.998031838, 1.1050805, 1.43873633;1.24738728, 1.56582498, 1.20335964, 1.14403431, 1.07945106, 0.675152717, 0, 0.835316978, 1.1058493, 0.933939973, 1.33697545;0.587758577, 0.804389921, 0.699524002, 0.67245798, 0.598808579, 1.52332183, 0.835316978, 0, 0.756037474, 0.644937356, 0.679432637;1.38734035, 0.874154169, 1.03313447, 0.874527987, 1.145797, 0.998031838, 1.1058493, 0.756037474, 0, 0.865398902, 0.67873518;0.860812303, 0.695023044, 1.14535623, 1.51278577, 0.550324798, 1.1050805, 0.933939973, 0.644937356, 0.865398902, 0, 0.70573175;1.05358246, 1.06113127, 0.716335397, 1.32077121, 1.09269521, 1.43873633, 1.33697545, 0.679432637, 0.67873518, 0.70573175, 0]
feature_type = 'Real'
data_type = 'double'
dm_test = [0.742831103, 0.931334826, 0.837011456, 1.38472355, 0.326994874, 1.38395829, 0.658453629, 1.24260545, 1.5408874, 0.934006908, 0.252599955, 0.510278975, 1.48190699, 0.432799454, 1.16522535, 1.36494282, 1.47679775;0.560313582, 1.52126199, 1.19660538, 1.29579259, 0.510859158, 1.17989407, 1.2150237, 1.28853408, 1.10646472, 1.05219395, 0.368763012, 0.256816548, 0.872586373, 0.970104669, 1.10212225, 1.20532659, 1.57475086;0.645139926, 1.5118333, 0.857254391, 1.17198314, 0.479656533, 0.659106619, 0.51067287, 1.11508224, 1.02297623, 1.0140646, 0.69675551, 0.721673411, 0.966153627, 0.934959865, 1.23790299, 1.11954514, 0.822008463;1.37353047, 1.76301026, 0.819426482, 0.874727551, 1.03224817, 1.02147811, 1.17894311, 1.14099419, 1.32886261, 1.02944719, 1.30507914, 1.30714345, 1.00567044, 1.36423228, 0.972918971, 0.888699754, 0.856921089;0.59317699, 1.19723727, 0.873089964, 1.13970105, 0.500755197, 1.23819492, 1.07225855, 1.42183362, 1.44880391, 0.806276711, 0.458810307, 0.568502889, 1.39331729, 0.736138868, 1.18335164, 1.09535739, 1.31878344;0.867299572, 1.43737643, 2.03491707, 2.07538818, 0.971893586, 0.539351497, 1.92438924, 0.936265516, 2.12914101, 1.28042083, 1.53763683, 1.41009706, 0.94306062, 1.74270186, 1.64829655, 0.960273354, 0.799646633;0.973173292, 1.16908132, 1.3972846, 1.80887234, 0.631033613, 0.808607803, 1.24648618, 0.872720562, 1.73499968, 1.05122172, 1.13402664, 1.50023133, 1.70410754, 1.1243522, 1.6590892, 1.2089361, 0.876208261;0.789243335, 1.11210972, 0.55996085, 1.33732723, 0.474723169, 1.12322514, 0.717369069, 0.96398203, 0.975581964, 0.770957609, 0.466389365, 0.62774776, 1.2751672, 0.341248572, 0.850090427, 0.937443584, 1.22616994;1.05842371, 2.10850693, 1.3780449, 1.52155648, 0.64986186, 0.53554181, 1.30085828, 1.33029995, 1.15540992, 0.93676898, 1.11926433, 0.662443313, 0.747853932, 1.34531372, 0.976274609, 0.647663776, 0.658222647;0.444414186, 1.52850005, 1.58707795, 1.53514694, 0.795625213, 1.14487608, 1.34651889, 1.47470436, 1.35164843, 0.423373231, 0.406417927, 0.405300542, 1.56354137, 0.730129111, 1.42280673, 0.869149898, 1.18552789;0.556346038, 1.86403602, 1.19039157, 1.93454703, 0.837778904, 0.676141726, 0.735526439, 1.43150427, 1.04642431, 0.857675976, 0.968536155, 0.622053983, 1.29031663, 0.67193277, 1.4007584, 0.5907468, 0.777764123]
data_train = [0.903980009, 0.527563721, 0.735901986, 0.83850099, 0.949586768, 0.869352848, 0.483311449, 0.335970307, 0.154493236, 0.400321482, 0.366493579;0.559574842, 0.665509409, 0.978325476, 0.728386186, 0.643748532, 0.335092434, 0.0345038765, 0.288125129, 0.7684479, 0.205271941, 0.712188194;0.579779843, 0.17185687, 0.261624806, 0.496303603, 0.418374705, 0.778563848, 0.734404643, 0.574574503, 0.822274711, 0.562669541, 0.964389257;0.217224099, 0.714131994, 0.369944132, 0.278966194, 0.180387476, 0.552503476, 0.215469433, 0.200350851, 0.990531905, 0.801747417, 0.74827682;0.794060626, 0.968922874, 0.573276689, 0.220243877, 0.862209641, 0.742730729, 0.414308312, 0.473569499, 0.411252398, 0.92994216, 0.343531611;0.963484279, 0.910271771, 0.630521142, 0.579821773, 0.37008928, 0.018338389, 0.127623186, 0.754231323, 0.471540127, 0.149838134, 0.263960854;0.9478369, 0.367132835, 0.907681945, 0.304635832, 0.543220094, 0.0204770834, 0.52187511, 0.636942011, 0.234305099, 0.578937176, 0.647167772;0.686886078, 0.776403322, 0.311339243, 0.567776956, 0.98157903, 0.898144171, 0.952665428, 0.386136399, 0.786928106, 0.619897952, 0.0827350831;0.823980389, 0.677101276, 0.19891736, 0.0797385574, 0.837022131, 0.0789018295, 0.0913538654, 0.427408288, 0.134797828, 0.913669597, 0.470283936;0.569150981, 0.928106089, 0.530263226, 0.353591146, 0.797155106, 0.442850197, 0.318469426, 0.723229459, 0.801605677, 0.791716168, 0.977674414;0.786666949, 0.769933436, 0.857485254, 0.000185195295, 0.362431411, 0.737603096, 0.599719011, 0.177572003, 0.303733089, 0.336792611, 0.567828111]
feature_class = 'simple'
data_test = [0.831598296, 0.93249178, 0.750092413, 0.84295039, 0.470095958, 0.38977532, 0.392708532, 0.616038528, 0.124236706, 0.579494183, 0.66513286, 0.43890874, 0.953167177, 0.608213272, 0.219999472, 0.479216257, 0.675404437;0.323629125, 0.0796416063, 0.583435635, 0.947870169, 0.485071986, 0.906109081, 0.835023588, 0.147412784, 0.708169922, 0.435465525, 0.250246325, 0.686938356, 0.742660719, 0.179896319, 0.914444682, 0.751147244, 0.933375499;0.317073219, 0.939335016, 0.368517658, 0.0539697614, 0.762969389, 0.703508144, 0.597910992, 0.489893744, 0.0321652703, 0.624597252, 0.416834615, 0.560209403, 0.429321342, 0.966056133, 0.604108901, 0.749236331, 0.936346947;0.591599323, 0.0120625178, 0.0342916783, 0.702338434, 0.279085136, 0.579379727, 0.202277181, 0.270248875, 0.504641056, 0.975569463, 0.616270489, 0.936148105, 0.959379854, 0.208109996, 0.311193602, 0.769992281, 0.866764002;0.519226744, 0.993226067, 0.0115721988, 0.299592656, 0.623161754, 0.469289911, 0.116602966, 0.367787085, 0.0254471433, 0.642746046, 0.892742543, 0.884874124, 0.699544474, 0.465770195, 0.512031619, 0.136918824, 0.341017093;0.187728075, 0.821200203, 0.914753901, 0.536923261, 0.727764041, 0.121464771, 0.608534643, 0.702791021, 0.45276813, 0.243273084, 0.877374521, 0.74290872, 0.899857282, 0.818402647, 0.99037443, 0.192172733, 0.0867477678;0.337002791, 0.129004175, 0.523130113, 0.633028905, 0.578288615, 0.259240135, 0.908824031, 0.0211723637, 0.348013354, 0.718992475, 0.766928926, 0.416118544, 0.0169098133, 0.618043679, 0.0630946812, 0.107855776, 0.65025072;0.312488326, 0.348030153, 0.486807077, 0.978578395, 0.965442221, 0.416260999, 0.265499217, 0.302592153, 0.268781298, 0.532245807, 0.606859808, 0.488779388, 0.407994362, 0.211285038, 0.482505591, 0.341102714, 0.541595463;0.675189416, 0.633312174, 0.46249021, 0.556052424, 0.284856131, 0.024240259, 0.625019454, 0.252568559, 0.66895371, 0.7470085, 0.915927746, 0.958122795, 0.0105260463, 0.990374209, 0.683018318, 0.64352416, 0.0152130952;0.861233412, 0.145491447, 0.837330154, 0.0155625463, 0.645964262, 0.434801534, 0.200766729, 0.107561392, 0.440127697, 0.123305805, 0.486446612, 0.625217059, 0.827384194, 0.678649437, 0.0651997667, 0.307432533, 0.287978608;0.915032423, 0.867782044, 0.370147918, 0.0711552559, 0.894107318, 0.888189953, 0.854746132, 0.845081638, 0.480254001, 0.177431652, 0.47748805, 0.494597771, 0.489931753, 0.538772586, 0.257657023, 0.366241181, 0.434186592]
data_class = 'rand'
accuracy = 1e-08
