distance_name = 'JensenMetric';
distance_accuracy = 1e-08;
init_random = 42;
distance_data_train = [0.3745401, 0.9507143, 0.7319939, 0.5986585, 0.1560186, 0.1559945, 0.0580836, 0.8661761, 0.601115, 0.7080726, 0.0205845;0.9699099, 0.8324426, 0.2123391, 0.181825, 0.1834045, 0.3042422, 0.5247564, 0.431945, 0.2912291, 0.6118529, 0.1394939;0.2921446, 0.3663618, 0.45607, 0.785176, 0.1996738, 0.5142344, 0.5924146, 0.0464504, 0.6075449, 0.1705241, 0.0650516;0.9488855, 0.965632, 0.8083973, 0.3046138, 0.0976721, 0.684233, 0.4401525, 0.1220382, 0.4951769, 0.0343885, 0.9093204;0.25878, 0.6625223, 0.3117111, 0.520068, 0.5467103, 0.1848545, 0.9695846, 0.7751328, 0.9394989, 0.8948274, 0.5979;0.9218742, 0.0884925, 0.1959829, 0.0452273, 0.3253303, 0.3886773, 0.271349, 0.8287375, 0.3567533, 0.2809345, 0.5426961;0.1409242, 0.802197, 0.0745506, 0.9868869, 0.7722448, 0.1987157, 0.0055221, 0.8154614, 0.7068573, 0.7290072, 0.7712703;0.0740447, 0.3584657, 0.1158691, 0.8631034, 0.6232981, 0.330898, 0.0635584, 0.3109823, 0.3251833, 0.7296062, 0.6375575;0.8872127, 0.4722149, 0.1195942, 0.7132448, 0.760785, 0.5612772, 0.7709672, 0.4937956, 0.5227328, 0.427541, 0.0254191;0.1078914, 0.0314292, 0.6364104, 0.314356, 0.5085707, 0.9075665, 0.2492922, 0.4103829, 0.7555511, 0.2287982, 0.0769799;0.2897515, 0.1612213, 0.9296977, 0.8081204, 0.6334038, 0.8714606, 0.8036721, 0.1865701, 0.892559, 0.5393422, 0.8074402];
distance_data_test = [0.8960913, 0.3180035, 0.1100519, 0.2279352, 0.4271078, 0.8180148, 0.8607306, 0.0069521, 0.5107473, 0.417411, 0.2221078, 0.1198654, 0.3376152, 0.9429097, 0.3232029, 0.5187906, 0.703019;0.3636296, 0.9717821, 0.9624473, 0.2517823, 0.4972485, 0.3008783, 0.2848405, 0.0368869, 0.6095643, 0.502679, 0.0514788, 0.2786465, 0.9082659, 0.2395619, 0.1448949, 0.4894528, 0.9856505;0.2420553, 0.6721355, 0.7616196, 0.2376375, 0.7282163, 0.3677831, 0.6323058, 0.6335297, 0.5357747, 0.0902898, 0.8353025, 0.3207801, 0.1865185, 0.0407751, 0.5908929, 0.6775644, 0.0165878;0.5120931, 0.2264958, 0.6451728, 0.1743664, 0.6909377, 0.3867353, 0.93673, 0.1375209, 0.3410664, 0.1134735, 0.9246936, 0.8773394, 0.2579416, 0.659984, 0.8172222, 0.5552008, 0.5296506;0.2418523, 0.0931028, 0.8972158, 0.9004181, 0.6331015, 0.3390298, 0.3492096, 0.7259557, 0.8971103, 0.8870864, 0.7798755, 0.6420316, 0.08414, 0.1616287, 0.8985542, 0.6064291, 0.0091971;0.1014715, 0.6635018, 0.0050616, 0.1608081, 0.5487338, 0.6918952, 0.6519613, 0.2242693, 0.7121792, 0.2372491, 0.3253997, 0.7464914, 0.6496329, 0.8492234, 0.6576129, 0.5683086, 0.0936748;0.3677158, 0.2652024, 0.2439896, 0.9730106, 0.3930977, 0.8920466, 0.6311386, 0.7948113, 0.5026371, 0.5769039, 0.4925177, 0.195243, 0.7224521, 0.2807724, 0.024316, 0.6454723, 0.1771107;0.9404586, 0.9539286, 0.9148644, 0.3701587, 0.0154566, 0.9283186, 0.4281841, 0.9666548, 0.96362, 0.8530095, 0.2944489, 0.3850977, 0.8511367, 0.316922, 0.1694927, 0.5568013, 0.9361548;0.6960298, 0.5700612, 0.0971765, 0.6150072, 0.9900539, 0.140084, 0.5183297, 0.8773731, 0.7407686, 0.6970157, 0.7024841, 0.3594912, 0.2935918, 0.8093612, 0.8101134, 0.8670723, 0.9132406;0.5113424, 0.5015163, 0.7982952, 0.6499639, 0.7019669, 0.7957927, 0.8900053, 0.3379952, 0.375583, 0.0939819, 0.5782801, 0.0359423, 0.465598, 0.5426446, 0.2865413, 0.5908333, 0.0305002;0.0373482, 0.8226006, 0.3601906, 0.1270605, 0.5222433, 0.7699936, 0.215821, 0.6228905, 0.0853475, 0.0516817, 0.5313546, 0.5406351, 0.6374299, 0.7260913, 0.9758521, 0.5163003, 0.3229565];
distance_matrix_test = [1.45620457, 1.15108781, 2.11395675, 1.75285116, 0.687667828, 1.86478693, 1.10066289, 2.34847044, 1.14157485, 1.53608783, 1.34356223, 0.65937349, 1.23521309, 0.871122617, 0.914562688, 0.937871961, 1.25925298;0.818052697, 1.73261684, 1.44976089, 1.11189797, 1.25279427, 1.46516677, 0.990048622, 1.99074623, 0.942243206, 0.864144283, 1.29773887, 1.12614407, 1.40257058, 1.52000899, 1.70962126, 0.903444709, 1.15222227;1.3321035, 1.34120159, 1.36802135, 1.6029303, 0.890146824, 1.02259585, 0.901638036, 2.03755799, 1.77698268, 2.14538717, 0.874426542, 1.03704709, 1.41174666, 0.885106303, 0.751262791, 1.0596745, 1.97841146;0.906929924, 1.09111609, 1.31173879, 0.791445528, 1.21850798, 0.796626467, 1.00023958, 0.590864056, 0.978313912, 1.0938748, 0.737000862, 1.40818359, 1.12627093, 1.435641, 1.40225868, 0.536281355, 1.71098494;1.02453834, 0.91233637, 1.47519136, 0.341381627, 1.05263139, 0.778861869, 1.07776244, 0.340537145, 0.800196208, 0.690463363, 0.761250505, 1.00846056, 0.705487017, 1.01389967, 1.20754361, 0.544690699, 1.69948511;1.16182435, 0.617055172, 1.14798387, 1.14288202, 0.577962652, 0.895000175, 0.691940502, 1.14774914, 1.24483988, 1.79186889, 0.513965214, 0.793425027, 0.833728049, 0.727242874, 0.657797041, 0.544129308, 1.71643482;1.97719711, 1.39644776, 1.396159, 1.39575699, 0.696247282, 2.13693204, 1.73885888, 1.39893852, 1.46504701, 1.67870924, 0.89101205, 0.747090275, 1.84261994, 1.63424423, 0.399060611, 1.06771285, 2.1830433;1.00582588, 1.43727424, 2.12086513, 0.598086078, 1.14053175, 0.841251023, 0.878130692, 1.60677128, 0.623681078, 0.584444302, 1.42566652, 1.27406668, 0.898825442, 0.806106319, 1.61808834, 0.753776338, 1.75753485;1.14450626, 1.03428089, 1.16069499, 0.644519628, 0.456238643, 0.53907359, 0.513426658, 0.952555436, 0.793243348, 1.29111111, 0.366750479, 0.990767908, 1.03222067, 0.909349626, 0.720831651, 0.228894434, 2.18059046;0.966045746, 1.03172037, 1.42802375, 0.616780737, 1.39151017, 0.770121572, 1.26183602, 1.0623544, 0.638865604, 0.389727171, 1.40430969, 1.23406575, 0.722509784, 1.24421376, 1.60524412, 0.712073624, 1.40004138;2.04750601, 1.87278884, 1.75284148, 1.50227333, 2.02036038, 1.20570855, 1.72967808, 1.34065159, 1.75250978, 1.59532025, 1.28463381, 0.594547247, 1.24381907, 1.60947841, 1.56634028, 1.49532462, 2.26134638];
distance_feature_type = 'Real';
distance_matrix_train = [0, 1.09384851, 1.33416722, 2.08240905, 1.65073509, 1.04209737, 0.987195857, 1.30887315, 1.45641645, 1.67725145, 1.88107752;1.09384851, 0, 1.47381428, 1.05249392, 1.52970107, 1.70698146, 1.72389408, 1.12444149, 1.09172599, 0.944448947, 1.67745958;1.33416722, 1.47381428, 0, 1.33041638, 1.44420141, 0.530297974, 1.05707414, 1.65697881, 0.739351147, 1.56516167, 1.55414066;2.08240905, 1.05249392, 1.33041638, 0, 0.567269549, 1.06532572, 1.59944469, 1.346841, 0.505543837, 0.70548646, 1.61856566;1.65073509, 1.52970107, 1.44420141, 0.567269549, 0, 0.748208498, 1.21699778, 0.725924621, 0.576562551, 0.484053402, 1.12503949;1.04209737, 1.70698146, 0.530297974, 1.06532572, 0.748208498, 0, 0.817627667, 1.54444445, 0.595444533, 1.46011881, 1.37710225;0.987195857, 1.72389408, 1.05707414, 1.59944469, 1.21699778, 0.817627667, 0, 1.8416142, 1.01965073, 1.54092334, 1.81149834;1.30887315, 1.12444149, 1.65697881, 1.346841, 0.725924621, 1.54444445, 1.8416142, 0, 0.856418223, 0.439959632, 1.62898117;1.45641645, 1.09172599, 0.739351147, 0.505543837, 0.576562551, 0.595444533, 1.01965073, 0.856418223, 0, 0.714672304, 1.39258842;1.67725145, 0.944448947, 1.56516167, 0.70548646, 0.484053402, 1.46011881, 1.54092334, 0.439959632, 0.714672304, 0, 1.46064439;1.88107752, 1.67745958, 1.55414066, 1.61856566, 1.12503949, 1.37710225, 1.81149834, 1.62898117, 1.39258842, 1.46064439, 0];
distance_feature_class = 'simple';
