dm_train = [0, 0.741404569, 1.01864548, 1.72726938, 1.46997958, 2.04771848, 1.45569401, 1.64711067, 0.854012885, 1.41943434, 1.36383768;0.741404569, 0, 1.41939269, 1.51384289, 1.7105057, 2.33947092, 1.20594793, 1.40944976, 0.808867017, 1.55181926, 1.39696278;1.01864548, 1.41939269, 0, 1.74725966, 1.50933512, 2.12005737, 0.902810044, 1.61635679, 0.766871073, 1.28089261, 1.37848108;1.72726938, 1.51384289, 1.74725966, 0, 0.994477909, 0.816275909, 1.67542767, 1.32993436, 1.60820139, 0.91775298, 0.495923319;1.46997958, 1.7105057, 1.50933512, 0.994477909, 0, 1.08363715, 1.49873896, 0.988331625, 1.24594886, 0.255364415, 0.50660361;2.04771848, 2.33947092, 2.12005737, 0.816275909, 1.08363715, 0, 1.73700444, 1.08375294, 2.22333191, 1.08244393, 0.4227993;1.45569401, 1.20594793, 0.902810044, 1.67542767, 1.49873896, 1.73700444, 0, 1.92584516, 1.00728837, 1.55836323, 1.04186848;1.64711067, 1.40944976, 1.61635679, 1.32993436, 0.988331625, 1.08375294, 1.92584516, 0, 1.22022046, 0.74509948, 0.721479375;0.854012885, 0.808867017, 0.766871073, 1.60820139, 1.24594886, 2.22333191, 1.00728837, 1.22022046, 0, 1.40858671, 1.30630058;1.41943434, 1.55181926, 1.28089261, 0.91775298, 0.255364415, 1.08244393, 1.55836323, 0.74509948, 1.40858671, 0, 0.524648517;1.36383768, 1.39696278, 1.37848108, 0.495923319, 0.50660361, 0.4227993, 1.04186848, 0.721479375, 1.30630058, 0.524648517, 0]
name = 'JensenMetric'
data_type = 'double'
dm_test = [0.545622217, 1.21995019, 1.13604036, 0.945231486, 1.13198048, 0.855771733, 2.07643829, 1.36365966, 1.51105712, 1.10352172, 0.988378472, 1.30667124, 1.43376916, 1.80962192, 1.46953231, 1.37690386, 1.02813285;0.818310103, 1.39333229, 0.784536479, 1.09404627, 0.90391356, 0.968757367, 1.91995567, 1.84716659, 1.50106841, 0.738186042, 1.27591797, 1.74344039, 1.67057191, 1.82785708, 2.15540703, 1.79291571, 1.31826227;1.08190223, 1.26480472, 1.70127141, 1.57525191, 1.76546194, 0.935682707, 2.12825163, 1.04030895, 1.46668407, 1.744596, 1.56706268, 0.929256092, 2.12067316, 1.44198265, 1.52504988, 1.25841734, 1.89632663;0.8812394, 0.856403549, 0.943761657, 0.922219578, 0.708924368, 1.16980448, 1.21357438, 0.795386024, 0.536548256, 0.719359699, 1.85673583, 0.550258011, 1.09628849, 0.811432394, 2.01482116, 0.533543906, 1.41532675;0.448648378, 0.64860322, 1.41189382, 1.01112184, 1.33402783, 1.06806949, 1.53989677, 0.545303148, 0.994854713, 1.03312217, 0.728156529, 0.637285825, 1.46213778, 0.389315663, 1.37790263, 0.259037333, 0.94408571;1.0086265, 0.707108367, 1.58572187, 1.43374973, 1.7003834, 1.60243158, 0.432619567, 1.11878643, 0.887441658, 1.05779223, 1.5921132, 0.838508182, 1.24949068, 0.810186541, 1.02499273, 0.486731833, 0.908371911;1.13016804, 1.62476486, 1.83011408, 1.23082189, 2.17892538, 0.725931387, 1.70942159, 1.31757294, 1.45216317, 1.47473616, 1.55539512, 1.68163384, 2.73641759, 1.14069111, 1.17722931, 1.25281085, 1.54540653;0.682876601, 0.679776065, 1.02258902, 1.03810076, 1.42425939, 1.89768149, 1.14765023, 1.2712291, 1.33915751, 0.632831406, 1.0821847, 0.868326238, 0.945372436, 0.73904578, 1.34492605, 0.956600949, 1.00360754;0.614924353, 1.22819592, 1.13690909, 0.825983389, 1.24946894, 0.919377931, 2.15677743, 0.841821178, 1.97765721, 0.914182446, 0.961365808, 1.18567916, 1.35936164, 1.21712394, 1.57480472, 1.30904362, 1.18293495;0.591392215, 0.758592609, 1.07910065, 1.01415717, 1.22196234, 1.02032589, 1.20570311, 0.78432744, 0.518777324, 1.16381841, 1.04253193, 0.595146441, 1.52988796, 0.36290441, 1.58896766, 0.442750821, 1.27079366;0.395554119, 0.68400303, 1.01934741, 0.740860196, 1.20941764, 1.02160491, 0.900374332, 0.710899415, 0.614761282, 0.581797408, 1.16852014, 0.652552377, 1.16366377, 0.341106134, 0.938975165, 0.250271913, 0.793173044]
data_train = [0.00578225235, 0.137673426, 0.540058387, 0.745631208, 0.862694068, 0.770894469, 0.674216722, 0.260544239, 0.115671681, 0.863948784, 0.684229886;0.503495618, 0.0895350073, 0.661491936, 0.993042656, 0.595366674, 0.471684286, 0.168200015, 0.123245661, 0.352004049, 0.655159128, 0.539017359;0.537615948, 0.139573314, 0.030142644, 0.229629704, 0.951338943, 0.965778727, 0.0417576771, 0.561097126, 0.00351635234, 0.920606292, 0.613499723;0.46479492, 0.15507536, 0.931309644, 0.111796084, 0.913749448, 0.156725679, 0.910166384, 0.36401679, 0.766202914, 0.790361077, 0.296253419;0.8569265, 0.43918101, 0.921810562, 0.835617565, 0.36713935, 0.774310278, 0.636909704, 0.395835804, 0.259087048, 0.422246735, 0.684611368;0.285247748, 0.0378519406, 0.847832486, 0.182961292, 0.195659934, 0.752297421, 0.114232259, 0.824860804, 0.347431628, 0.32558655, 0.227375405;0.092141873, 0.049431421, 0.103286433, 0.615231393, 0.678243878, 0.895792842, 0.243856949, 0.766849343, 0.505617275, 0.30206984, 0.841881869;0.164978602, 0.401531596, 0.197806065, 0.737041684, 0.265389726, 0.52785462, 0.204153007, 0.903753853, 0.199291224, 0.797201755, 0.516419376;0.451112966, 0.444579969, 0.113663258, 0.932535955, 0.543618007, 0.519760752, 0.12009628, 0.230647891, 0.421303961, 0.368471454, 0.224367516;0.710282648, 0.879308733, 0.762532669, 0.398291152, 0.842536426, 0.032446128, 0.0574032121, 0.993493282, 0.89742388, 0.886265004, 0.319600328;0.0309812934, 0.180893173, 0.161647409, 0.771332184, 0.707526475, 0.775771186, 0.225405985, 0.874828126, 0.156887755, 0.690489936, 0.621484641]
feature_class = 'simple'
data_test = [0.171865675, 0.641425057, 0.0705731634, 0.0338511069, 0.149140138, 0.749160083, 0.733009377, 0.676684479, 0.80810868, 0.203685281, 0.417611292, 0.660320193, 0.0207840267, 0.726091062, 0.137990582, 0.768451447, 0.287321882;0.506470198, 0.224411277, 0.71209941, 0.478706341, 0.979042643, 0.635513708, 0.287329164, 0.912057381, 0.872927858, 0.12287943, 0.0457055772, 0.82718485, 0.803653553, 0.589057639, 0.35987935, 0.763835303, 0.0797286449;0.630619593, 0.622269411, 0.289086724, 0.302579646, 0.278116438, 0.26181934, 0.760390357, 0.283568529, 0.585709632, 0.332391861, 0.937654796, 0.373040469, 0.479326479, 0.478331426, 0.706230533, 0.66719421, 0.992809442;0.445758409, 0.340145557, 0.0752593871, 0.830930339, 0.025521495, 0.586512865, 0.0828444724, 0.997484515, 0.329633781, 0.1437432, 0.83360169, 0.570331135, 0.00827698484, 0.964858331, 0.643057785, 0.617959806, 0.350187554;0.476976203, 0.79600822, 0.143174135, 0.691311899, 0.30620251, 0.277302739, 0.23202724, 0.503510296, 0.789703558, 0.738298151, 0.417755805, 0.965059122, 0.263540692, 0.285875355, 0.576503249, 0.698881957, 0.548124938;0.243657003, 0.848543686, 0.260710864, 0.0880246031, 0.236656959, 0.1997833, 0.969305677, 0.52324032, 0.261976973, 0.203032653, 0.424377317, 0.869101752, 0.862690207, 0.319293343, 0.695699529, 0.403314426, 0.433896637;0.514993038, 0.511013975, 0.11525795, 0.723201796, 0.122879845, 0.0934949788, 0.280102489, 0.973331192, 0.0499350167, 0.927304832, 0.634517946, 0.560406309, 0.771486555, 0.810845371, 0.556876123, 0.708833969, 0.960938215;0.218490982, 0.229829925, 0.668761592, 0.832492986, 0.354641223, 0.290948764, 0.780142573, 0.346005617, 0.940981616, 0.517609617, 0.171841908, 0.437881741, 0.320575313, 0.770614875, 0.0162030953, 0.263160767, 0.234886917;0.379756753, 0.943758943, 0.409579079, 0.61871534, 0.948931198, 0.594255302, 0.522124849, 0.870649704, 0.48385057, 0.728263729, 0.813099748, 0.854907689, 0.74676302, 0.330997568, 0.0444069238, 0.574747985, 0.822779708;0.660425641, 0.735596653, 0.572911778, 0.389951721, 0.843012554, 0.253701128, 0.0084744958, 0.51245519, 0.259989221, 0.702797891, 0.900782942, 0.768304777, 0.742378934, 0.328593767, 0.0388367074, 0.365702799, 0.383474416;0.448459855, 0.632195388, 0.787496709, 0.424266848, 0.761133685, 0.0266095829, 0.566686549, 0.257150664, 0.886321017, 0.436360827, 0.0819208801, 0.64819166, 0.765489825, 0.839053641, 0.769674595, 0.835578385, 0.11795935]
feature_type = 'Real'
data_class = 'rand'
accuracy = 1e-08
