name = 'ManhattanMetric'
dm_train = [0, 2.80804552, 2.76192168, 3.84558156, 2.35415738, 3.84870984, 4.17972955, 3.16267218, 5.06705983, 3.60713931, 4.6416932;2.80804552, 0, 3.59969873, 4.42530485, 2.95057883, 4.1428494, 4.77033417, 3.84387744, 3.67758558, 3.03973093, 3.73832249;2.76192168, 3.59969873, 0, 3.09456198, 3.87868523, 4.05913959, 4.08978956, 3.24299988, 4.33170917, 4.81303184, 3.81050143;3.84558156, 4.42530485, 3.09456198, 0, 3.43940939, 3.50595301, 3.24533127, 2.93605474, 3.15700003, 4.62520865, 4.27459571;2.35415738, 2.95057883, 3.87868523, 3.43940939, 0, 3.68619973, 3.62889942, 3.27574867, 3.95518454, 2.54650368, 4.14568903;3.84870984, 4.1428494, 4.05913959, 3.50595301, 3.68619973, 0, 2.3361666, 4.45893549, 3.5882, 3.80385182, 4.44445645;4.17972955, 4.77033417, 4.08978956, 3.24533127, 3.62889942, 2.3361666, 0, 3.10633783, 3.5485411, 3.49793833, 3.82965752;3.16267218, 3.84387744, 3.24299988, 2.93605474, 3.27574867, 4.45893549, 3.10633783, 0, 3.34526578, 2.82700676, 3.0138392;5.06705983, 3.67758558, 4.33170917, 3.15700003, 3.95518454, 3.5882, 3.5485411, 3.34526578, 0, 3.43126865, 2.8206353;3.60713931, 3.03973093, 4.81303184, 4.62520865, 2.54650368, 3.80385182, 3.49793833, 2.82700676, 3.43126865, 0, 3.16224061;4.6416932, 3.73832249, 3.81050143, 4.27459571, 4.14568903, 4.44445645, 3.82965752, 3.0138392, 2.8206353, 3.16224061, 0]
feature_type = 'Real'
data_type = 'double'
dm_test = [3.5504701, 3.26774277, 3.07413597, 4.52480675, 2.53153894, 4.50824751, 2.94802969, 3.93235578, 4.65109078, 3.63882075, 2.03972383, 2.85442099, 3.861272, 2.87338862, 3.72911401, 4.8153791, 4.8235601;2.79383227, 4.16447243, 3.29370242, 3.97054854, 2.99108895, 4.06568869, 4.31316452, 4.31710522, 3.50869634, 4.05255416, 2.54701999, 2.16772023, 3.05119078, 4.07142527, 3.90771952, 4.06984873, 4.93994693;2.96095693, 4.38632599, 3.3155596, 3.64489291, 2.72014924, 2.7369122, 2.27442852, 2.94051315, 3.51118952, 4.16928114, 3.34380146, 3.76320425, 3.44615916, 3.73601953, 3.96686255, 4.23450111, 3.3899975;3.90019577, 4.4916797, 2.68534094, 2.83639379, 3.49209496, 3.06309477, 3.32221223, 2.90147997, 3.24433781, 3.66056478, 3.98605614, 3.82474799, 3.15593348, 4.2476746, 3.1228886, 2.9964332, 2.94571002;3.12978535, 4.26110358, 2.78834757, 3.47321275, 2.96442043, 4.6980339, 4.31602084, 4.77612084, 4.07059871, 3.50002821, 2.75629616, 2.89205336, 3.66898524, 3.51869897, 4.25721933, 4.16431396, 4.52244703;3.03697969, 3.71374819, 4.9829493, 4.73920431, 2.85792604, 2.46303664, 5.15011467, 3.28399633, 4.87119057, 3.90441998, 3.90208387, 4.36060222, 3.36650485, 4.65577411, 4.76717476, 3.54847603, 3.24269729;3.8628591, 4.15565565, 4.13932581, 4.3975608, 2.24953405, 2.6920442, 3.79993587, 2.93487677, 4.41462691, 3.60178204, 4.04976197, 4.52584285, 5.03364276, 3.40924228, 4.44568361, 3.4542992, 2.8699777;3.28887503, 3.96457531, 2.26030962, 4.11968525, 2.3485731, 3.626838, 2.92132994, 2.88991339, 3.46167632, 3.04406451, 2.8589458, 2.94376037, 3.82290245, 2.0141794, 2.82121403, 3.64398248, 4.08573446;4.20630044, 5.75684468, 4.05228043, 4.13167038, 3.25643557, 2.7683956, 4.58707481, 4.46059287, 3.47512189, 3.58656557, 4.67860332, 3.09790491, 2.89775377, 4.54280903, 3.53495605, 2.82698493, 2.80365017;2.88956502, 4.73816936, 4.09187459, 4.62295085, 3.63531587, 3.88469052, 4.62595068, 4.72157396, 4.13582463, 2.24788697, 2.05508666, 1.95794778, 4.22751361, 3.20249864, 4.36947289, 3.21220422, 3.74310001;3.11805425, 5.24537094, 3.67888843, 4.43993342, 3.53976693, 2.94596717, 3.2960123, 4.44086386, 3.23801787, 3.41953518, 4.27386427, 3.2606266, 3.99868807, 2.99837047, 4.46025147, 2.50969969, 2.59670675]
data_train = [0.903980009, 0.527563721, 0.735901986, 0.83850099, 0.949586768, 0.869352848, 0.483311449, 0.335970307, 0.154493236, 0.400321482, 0.366493579;0.559574842, 0.665509409, 0.978325476, 0.728386186, 0.643748532, 0.335092434, 0.0345038765, 0.288125129, 0.7684479, 0.205271941, 0.712188194;0.579779843, 0.17185687, 0.261624806, 0.496303603, 0.418374705, 0.778563848, 0.734404643, 0.574574503, 0.822274711, 0.562669541, 0.964389257;0.217224099, 0.714131994, 0.369944132, 0.278966194, 0.180387476, 0.552503476, 0.215469433, 0.200350851, 0.990531905, 0.801747417, 0.74827682;0.794060626, 0.968922874, 0.573276689, 0.220243877, 0.862209641, 0.742730729, 0.414308312, 0.473569499, 0.411252398, 0.92994216, 0.343531611;0.963484279, 0.910271771, 0.630521142, 0.579821773, 0.37008928, 0.018338389, 0.127623186, 0.754231323, 0.471540127, 0.149838134, 0.263960854;0.9478369, 0.367132835, 0.907681945, 0.304635832, 0.543220094, 0.0204770834, 0.52187511, 0.636942011, 0.234305099, 0.578937176, 0.647167772;0.686886078, 0.776403322, 0.311339243, 0.567776956, 0.98157903, 0.898144171, 0.952665428, 0.386136399, 0.786928106, 0.619897952, 0.0827350831;0.823980389, 0.677101276, 0.19891736, 0.0797385574, 0.837022131, 0.0789018295, 0.0913538654, 0.427408288, 0.134797828, 0.913669597, 0.470283936;0.569150981, 0.928106089, 0.530263226, 0.353591146, 0.797155106, 0.442850197, 0.318469426, 0.723229459, 0.801605677, 0.791716168, 0.977674414;0.786666949, 0.769933436, 0.857485254, 0.000185195295, 0.362431411, 0.737603096, 0.599719011, 0.177572003, 0.303733089, 0.336792611, 0.567828111]
feature_class = 'simple'
data_test = [0.831598296, 0.93249178, 0.750092413, 0.84295039, 0.470095958, 0.38977532, 0.392708532, 0.616038528, 0.124236706, 0.579494183, 0.66513286, 0.43890874, 0.953167177, 0.608213272, 0.219999472, 0.479216257, 0.675404437;0.323629125, 0.0796416063, 0.583435635, 0.947870169, 0.485071986, 0.906109081, 0.835023588, 0.147412784, 0.708169922, 0.435465525, 0.250246325, 0.686938356, 0.742660719, 0.179896319, 0.914444682, 0.751147244, 0.933375499;0.317073219, 0.939335016, 0.368517658, 0.0539697614, 0.762969389, 0.703508144, 0.597910992, 0.489893744, 0.0321652703, 0.624597252, 0.416834615, 0.560209403, 0.429321342, 0.966056133, 0.604108901, 0.749236331, 0.936346947;0.591599323, 0.0120625178, 0.0342916783, 0.702338434, 0.279085136, 0.579379727, 0.202277181, 0.270248875, 0.504641056, 0.975569463, 0.616270489, 0.936148105, 0.959379854, 0.208109996, 0.311193602, 0.769992281, 0.866764002;0.519226744, 0.993226067, 0.0115721988, 0.299592656, 0.623161754, 0.469289911, 0.116602966, 0.367787085, 0.0254471433, 0.642746046, 0.892742543, 0.884874124, 0.699544474, 0.465770195, 0.512031619, 0.136918824, 0.341017093;0.187728075, 0.821200203, 0.914753901, 0.536923261, 0.727764041, 0.121464771, 0.608534643, 0.702791021, 0.45276813, 0.243273084, 0.877374521, 0.74290872, 0.899857282, 0.818402647, 0.99037443, 0.192172733, 0.0867477678;0.337002791, 0.129004175, 0.523130113, 0.633028905, 0.578288615, 0.259240135, 0.908824031, 0.0211723637, 0.348013354, 0.718992475, 0.766928926, 0.416118544, 0.0169098133, 0.618043679, 0.0630946812, 0.107855776, 0.65025072;0.312488326, 0.348030153, 0.486807077, 0.978578395, 0.965442221, 0.416260999, 0.265499217, 0.302592153, 0.268781298, 0.532245807, 0.606859808, 0.488779388, 0.407994362, 0.211285038, 0.482505591, 0.341102714, 0.541595463;0.675189416, 0.633312174, 0.46249021, 0.556052424, 0.284856131, 0.024240259, 0.625019454, 0.252568559, 0.66895371, 0.7470085, 0.915927746, 0.958122795, 0.0105260463, 0.990374209, 0.683018318, 0.64352416, 0.0152130952;0.861233412, 0.145491447, 0.837330154, 0.0155625463, 0.645964262, 0.434801534, 0.200766729, 0.107561392, 0.440127697, 0.123305805, 0.486446612, 0.625217059, 0.827384194, 0.678649437, 0.0651997667, 0.307432533, 0.287978608;0.915032423, 0.867782044, 0.370147918, 0.0711552559, 0.894107318, 0.888189953, 0.854746132, 0.845081638, 0.480254001, 0.177431652, 0.47748805, 0.494597771, 0.489931753, 0.538772586, 0.257657023, 0.366241181, 0.434186592]
data_class = 'rand'
accuracy = 1e-08
