dm_train = [0, 3.60741318, 4.24254223, 5.82126424, 4.88451859, 4.00004254, 3.84939814, 4.42219688, 5.35222326, 5.07850777, 4.77358073;3.60741318, 0, 4.24038957, 4.12840876, 4.36371032, 4.83653227, 4.69241637, 2.98802759, 3.78228802, 3.07955388, 3.94811013;4.24254223, 4.24038957, 0, 4.05270458, 4.20682562, 2.28005246, 3.51001274, 4.82532367, 2.86406152, 4.52516583, 3.9033695;5.82126424, 4.12840876, 4.05270458, 0, 2.41432758, 4.02320054, 3.79558915, 4.13808688, 2.74510734, 3.0662024, 3.88758135;4.88451859, 4.36371032, 4.20682562, 2.41432758, 0, 3.14967586, 3.41755511, 3.03566061, 2.89019866, 2.32207219, 2.75039759;4.00004254, 4.83653227, 2.28005246, 4.02320054, 3.14967586, 0, 2.93903017, 4.78441894, 2.25258305, 4.74458168, 3.85117213;3.84939814, 4.69241637, 3.51001274, 3.79558915, 3.41755511, 2.93903017, 0, 4.62955022, 2.76854375, 3.66686554, 4.32370007;4.42219688, 2.98802759, 4.82532367, 4.13808688, 3.03566061, 4.78441894, 4.62955022, 0, 3.1792599, 2.32292203, 4.20061624;5.35222326, 3.78228802, 2.86406152, 2.74510734, 2.89019866, 2.25258305, 2.76854375, 3.1792599, 0, 2.84761507, 3.85423519;5.07850777, 3.07955388, 4.52516583, 3.0662024, 2.32207219, 4.74458168, 3.66686554, 2.32292203, 2.84761507, 0, 3.65529042;4.77358073, 3.94811013, 3.9033695, 3.88758135, 2.75039759, 3.85117213, 4.32370007, 4.20061624, 3.85423519, 3.65529042, 0]
name = 'ManhattanMetric'
data_type = 'double'
dm_test = [4.39228636, 3.83262683, 5.09515124, 5.20163232, 3.20688034, 5.58119202, 3.95320045, 5.73772084, 4.06585505, 4.51742088, 4.22450154, 2.82068049, 3.99964616, 3.3404608, 3.3647055, 3.82196258, 3.1517142;3.37900584, 5.32315911, 4.45998822, 3.51163508, 4.28651852, 4.5364461, 3.00928077, 4.8227751, 3.90839395, 3.48134819, 3.89465949, 3.3272458, 4.37739517, 4.46974459, 4.86764769, 3.69685738, 3.65163122;3.70168467, 4.37869716, 4.33949421, 4.48420031, 3.41597282, 3.17726147, 3.23439344, 5.12540883, 5.26929249, 5.519628, 3.39976659, 3.38284555, 4.61178071, 2.99958327, 2.8587573, 3.85035799, 4.85448077;3.24579731, 3.4643441, 4.39325318, 3.23612369, 3.93853085, 2.91840997, 4.08119783, 2.10893752, 3.24178869, 3.36028695, 3.33155759, 4.60526608, 3.69113452, 4.32292473, 3.95874555, 2.7249783, 4.31297236;3.29108891, 3.56807471, 4.65159778, 2.02060196, 3.53735001, 3.28022289, 3.97966238, 1.71319532, 3.40862248, 2.61944199, 2.73253563, 3.33054432, 2.6585788, 3.44641982, 3.81612994, 2.40585915, 4.58244344;3.73165661, 2.96497474, 3.80045234, 3.72358512, 2.78652669, 3.49191184, 2.76820256, 4.15400397, 4.49477096, 4.97761919, 2.67955444, 2.72518505, 3.8889813, 2.68748343, 2.8288967, 3.0919231, 4.75571708;4.66144957, 3.89106684, 3.95858947, 3.75042833, 2.78585453, 5.27530564, 5.05146294, 3.2417324, 3.47849268, 3.66889168, 2.99616525, 3.21853163, 4.87930809, 4.26526293, 1.85417, 3.21453492, 4.79518198;3.47407419, 4.66205297, 5.60419491, 2.49216141, 4.01847719, 3.35466945, 2.99072883, 4.07909772, 2.82839385, 2.71043938, 4.18497005, 3.70173139, 3.49039315, 2.97470507, 4.52627236, 3.19756788, 4.85457331;3.92984423, 3.89180278, 3.91354431, 2.61285932, 2.70954421, 2.84414347, 2.61213047, 3.34946338, 3.28027062, 3.8005381, 2.43030967, 3.65626811, 4.00280808, 3.49572789, 2.78266335, 2.13353559, 5.44101565;3.44308656, 4.01463261, 4.17804502, 2.79738108, 4.24217532, 3.38413544, 4.2352457, 3.01319133, 2.67946088, 1.77803918, 4.06489878, 3.77344428, 2.6827259, 4.40729485, 4.57706532, 2.99625508, 3.75976787;5.05266658, 4.8519966, 4.75499655, 4.22367588, 4.56215661, 3.47466217, 4.18517226, 3.5531565, 4.79864483, 4.02990569, 3.55074644, 2.24447178, 3.56854373, 4.18089366, 3.71921666, 3.7021396, 5.30599063]
data_train = [0.374540119, 0.950714306, 0.731993942, 0.598658484, 0.15601864, 0.15599452, 0.0580836122, 0.866176146, 0.601115012, 0.708072578, 0.0205844943;0.969909852, 0.832442641, 0.212339111, 0.181824967, 0.18340451, 0.304242243, 0.524756432, 0.431945019, 0.29122914, 0.611852895, 0.139493861;0.292144649, 0.366361843, 0.456069984, 0.785175961, 0.199673782, 0.514234438, 0.592414569, 0.0464504127, 0.607544852, 0.170524124, 0.065051593;0.948885537, 0.965632033, 0.808397348, 0.304613769, 0.097672114, 0.684233027, 0.440152494, 0.122038235, 0.49517691, 0.0343885211, 0.909320402;0.258779982, 0.662522284, 0.311711076, 0.520068021, 0.546710279, 0.184854456, 0.969584628, 0.775132823, 0.939498942, 0.89482735, 0.597899979;0.921874235, 0.0884925021, 0.195982862, 0.0452272889, 0.325330331, 0.38867729, 0.271349032, 0.828737509, 0.356753327, 0.28093451, 0.542696083;0.140924225, 0.802196981, 0.0745506437, 0.986886937, 0.772244769, 0.198715682, 0.00552211712, 0.815461428, 0.706857344, 0.729007168, 0.771270347;0.0740446517, 0.358465729, 0.11586906, 0.863103426, 0.623298127, 0.330898025, 0.0635583503, 0.310982322, 0.325183322, 0.729606178, 0.637557471;0.887212743, 0.472214925, 0.119594246, 0.713244787, 0.760785049, 0.561277198, 0.77096718, 0.493795596, 0.522732829, 0.427541018, 0.0254191267;0.107891427, 0.0314291857, 0.636410411, 0.314355981, 0.508570691, 0.907566474, 0.249292229, 0.410382923, 0.755551139, 0.228798165, 0.0769799098;0.289751453, 0.161221287, 0.929697652, 0.80812038, 0.633403757, 0.87146059, 0.803672077, 0.186570059, 0.892558998, 0.539342242, 0.807440155]
feature_class = 'simple'
data_test = [0.8960913, 0.318003475, 0.110051925, 0.227935163, 0.427107789, 0.818014766, 0.860730583, 0.00695213053, 0.510747303, 0.417411003, 0.22210781, 0.119865367, 0.337615171, 0.942909704, 0.323202932, 0.518790622, 0.703018959;0.363629602, 0.971782083, 0.962447295, 0.251782296, 0.497248506, 0.30087831, 0.284840494, 0.0368869474, 0.609564334, 0.502679023, 0.0514787512, 0.278646464, 0.908265886, 0.239561891, 0.144894872, 0.48945276, 0.985650454;0.242055272, 0.672135547, 0.761619615, 0.237637544, 0.728216349, 0.367783133, 0.632305831, 0.633529711, 0.535774684, 0.0902897701, 0.835302496, 0.320780065, 0.18651851, 0.0407751416, 0.590892943, 0.677564362, 0.0165878289;0.512093058, 0.226495775, 0.64517279, 0.174366429, 0.690937738, 0.386735346, 0.936729989, 0.137520944, 0.341066351, 0.113473521, 0.924693618, 0.877339353, 0.257941628, 0.659984046, 0.8172222, 0.555200812, 0.529650578;0.241852291, 0.0931027678, 0.897215758, 0.900418057, 0.633101457, 0.339029791, 0.349209575, 0.725955679, 0.89711026, 0.887086424, 0.779875546, 0.642031646, 0.084139965, 0.161628714, 0.898554189, 0.60642906, 0.00919705162;0.101471543, 0.663501769, 0.00506158385, 0.160808051, 0.548733789, 0.691895198, 0.65196126, 0.224269309, 0.712179221, 0.237249087, 0.325399698, 0.746491405, 0.649632899, 0.84922341, 0.657612892, 0.568308603, 0.0936747678;0.367715803, 0.265202368, 0.243989643, 0.973010555, 0.393097725, 0.892046555, 0.631138626, 0.794811304, 0.502637093, 0.576903885, 0.492517694, 0.195242988, 0.722452115, 0.280772362, 0.0243159664, 0.645472296, 0.177110679;0.940458584, 0.953928577, 0.91486439, 0.3701587, 0.0154566165, 0.928318563, 0.428184148, 0.966654819, 0.963619977, 0.853009455, 0.294448892, 0.385097729, 0.851136672, 0.316922005, 0.169492747, 0.556801262, 0.936154774;0.696029797, 0.57006117, 0.0971764938, 0.615007227, 0.99005385, 0.140084015, 0.518329652, 0.877373072, 0.740768618, 0.697015741, 0.702484084, 0.359491151, 0.293591844, 0.809361155, 0.810113395, 0.867072319, 0.913240553;0.511342399, 0.501516295, 0.798295179, 0.649963931, 0.701966877, 0.795792669, 0.890005342, 0.337995157, 0.375582953, 0.0939819398, 0.578280141, 0.0359422738, 0.465598018, 0.542644635, 0.286541252, 0.590833261, 0.0305002499;0.0373481887, 0.822600561, 0.360190641, 0.127060513, 0.52224326, 0.769993553, 0.215821027, 0.622890476, 0.085347465, 0.0516817212, 0.531354632, 0.540635122, 0.637429901, 0.726091334, 0.975852079, 0.516300348, 0.322956473]
feature_type = 'Real'
data_class = 'rand'
accuracy = 1e-08
