accuracy = 1e-08
distance_arg0_k = 1.3
dm_train = [0, 1.74570666, 1.70307355, 2.4132003, 1.49971952, 2.49322443, 2.54964867, 1.94187548, 3.03061904, 2.24066497, 2.72612725;1.74570666, 0, 2.13534024, 2.68323895, 1.80008259, 2.52807204, 2.87943292, 2.2628223, 2.24731773, 1.88103946, 2.36413749;1.70307355, 2.13534024, 0, 1.94032934, 2.30140327, 2.51872648, 2.48906105, 1.98934343, 2.60630229, 2.82192769, 2.23349064;2.4132003, 2.68323895, 1.94032934, 0, 2.12285586, 2.16955427, 2.02129015, 1.7552058, 1.98041002, 2.78612646, 2.54704958;1.49971952, 1.80008259, 2.30140327, 2.12285586, 0, 2.22196356, 2.25646358, 2.01218101, 2.49201255, 1.64881911, 2.54707499;2.49322443, 2.52807204, 2.51872648, 2.16955427, 2.22196356, 0, 1.45485958, 2.6589385, 2.18064165, 2.29091983, 2.64264915;2.54964867, 2.87943292, 2.48906105, 2.02129015, 2.25646358, 1.45485958, 0, 1.91819736, 2.22017344, 2.18560412, 2.41026692;1.94187548, 2.2628223, 1.98934343, 1.7552058, 2.01218101, 2.6589385, 1.91819736, 0, 2.04335552, 1.8065024, 1.86641957;3.03061904, 2.24731773, 2.60630229, 1.98041002, 2.49201255, 2.18064165, 2.22017344, 2.04335552, 0, 2.12427353, 1.72267261;2.24066497, 1.88103946, 2.82192769, 2.78612646, 1.64881911, 2.29091983, 2.18560412, 1.8065024, 2.12427353, 0, 1.95934662;2.72612725, 2.36413749, 2.23349064, 2.54704958, 2.54707499, 2.64264915, 2.41026692, 1.86641957, 1.72267261, 1.95934662, 0]
name = 'MinkowskiMetric'
data_type = 'double'
dm_test = [2.15120972, 2.0152134, 1.9003159, 2.67228782, 1.54793956, 2.74088983, 1.86193083, 2.41850903, 2.79236656, 2.26705811, 1.22963564, 1.79579455, 2.45389026, 1.72516658, 2.34725985, 2.88031011, 2.87947129;1.77388091, 2.60926016, 2.10073365, 2.46791948, 1.79534153, 2.47211594, 2.64224022, 2.59441379, 2.22985617, 2.46665321, 1.54323724, 1.31648559, 1.86114757, 2.45455466, 2.37805882, 2.55236356, 2.96698768;1.88714304, 2.7143967, 1.98884281, 2.24314193, 1.72093897, 1.71364421, 1.451019, 1.97091504, 2.13571212, 2.49475453, 2.06514911, 2.26052419, 2.11142776, 2.33380574, 2.4425626, 2.52964434, 2.06354516;2.40990024, 2.72685647, 1.60643876, 1.75306352, 2.1364649, 1.92731833, 2.11056906, 1.85108752, 2.02802618, 2.21667176, 2.44612795, 2.40711636, 1.96527141, 2.55001663, 1.90884433, 1.83202233, 1.82464452;1.91027469, 2.57238642, 1.84582782, 2.1469574, 1.83345071, 2.75894267, 2.6188197, 2.8454168, 2.53299013, 2.14364855, 1.70092461, 1.83229934, 2.38013694, 2.16914721, 2.57563004, 2.53397739, 2.71789244;1.89857085, 2.27656437, 2.95012472, 2.86196374, 1.78443501, 1.57234245, 3.06191095, 2.00656424, 2.96479788, 2.3558061, 2.46821793, 2.61069059, 2.12292613, 2.82131189, 2.88128008, 2.1598473, 1.97271394;2.3144128, 2.49827798, 2.49148478, 2.68366072, 1.45292147, 1.76739139, 2.35379113, 1.8241466, 2.64956501, 2.19867246, 2.44666579, 2.77906562, 3.01226291, 2.22386786, 2.72126732, 2.20573924, 1.87301013;2.04339608, 2.41493099, 1.37074143, 2.52943802, 1.51717666, 2.26966657, 1.85567081, 1.84391888, 2.02825051, 1.9360314, 1.7151417, 1.86750921, 2.35040185, 1.31948635, 1.80926997, 2.19151675, 2.47590161;2.53386049, 3.43561312, 2.48120565, 2.53064202, 1.97528378, 1.70155698, 2.75958598, 2.69014004, 2.18239726, 2.17672767, 2.75093173, 1.90259688, 1.83532482, 2.76550225, 2.20331184, 1.73533869, 1.70819958;1.74992821, 2.83949059, 2.59123751, 2.77981356, 2.22573603, 2.42469284, 2.80905331, 2.83297783, 2.46667405, 1.3867526, 1.34785759, 1.27498056, 2.61594348, 1.99904763, 2.69215521, 2.03618662, 2.37746188;1.87688604, 3.14851233, 2.26757642, 2.85168128, 2.15916551, 1.77478187, 2.01557417, 2.67760583, 2.02528758, 2.09309845, 2.55037198, 1.98648823, 2.42861213, 1.8994223, 2.68613928, 1.5843812, 1.67077362]
data_train = [0.903980009, 0.527563721, 0.735901986, 0.83850099, 0.949586768, 0.869352848, 0.483311449, 0.335970307, 0.154493236, 0.400321482, 0.366493579;0.559574842, 0.665509409, 0.978325476, 0.728386186, 0.643748532, 0.335092434, 0.0345038765, 0.288125129, 0.7684479, 0.205271941, 0.712188194;0.579779843, 0.17185687, 0.261624806, 0.496303603, 0.418374705, 0.778563848, 0.734404643, 0.574574503, 0.822274711, 0.562669541, 0.964389257;0.217224099, 0.714131994, 0.369944132, 0.278966194, 0.180387476, 0.552503476, 0.215469433, 0.200350851, 0.990531905, 0.801747417, 0.74827682;0.794060626, 0.968922874, 0.573276689, 0.220243877, 0.862209641, 0.742730729, 0.414308312, 0.473569499, 0.411252398, 0.92994216, 0.343531611;0.963484279, 0.910271771, 0.630521142, 0.579821773, 0.37008928, 0.018338389, 0.127623186, 0.754231323, 0.471540127, 0.149838134, 0.263960854;0.9478369, 0.367132835, 0.907681945, 0.304635832, 0.543220094, 0.0204770834, 0.52187511, 0.636942011, 0.234305099, 0.578937176, 0.647167772;0.686886078, 0.776403322, 0.311339243, 0.567776956, 0.98157903, 0.898144171, 0.952665428, 0.386136399, 0.786928106, 0.619897952, 0.0827350831;0.823980389, 0.677101276, 0.19891736, 0.0797385574, 0.837022131, 0.0789018295, 0.0913538654, 0.427408288, 0.134797828, 0.913669597, 0.470283936;0.569150981, 0.928106089, 0.530263226, 0.353591146, 0.797155106, 0.442850197, 0.318469426, 0.723229459, 0.801605677, 0.791716168, 0.977674414;0.786666949, 0.769933436, 0.857485254, 0.000185195295, 0.362431411, 0.737603096, 0.599719011, 0.177572003, 0.303733089, 0.336792611, 0.567828111]
feature_class = 'simple'
data_test = [0.831598296, 0.93249178, 0.750092413, 0.84295039, 0.470095958, 0.38977532, 0.392708532, 0.616038528, 0.124236706, 0.579494183, 0.66513286, 0.43890874, 0.953167177, 0.608213272, 0.219999472, 0.479216257, 0.675404437;0.323629125, 0.0796416063, 0.583435635, 0.947870169, 0.485071986, 0.906109081, 0.835023588, 0.147412784, 0.708169922, 0.435465525, 0.250246325, 0.686938356, 0.742660719, 0.179896319, 0.914444682, 0.751147244, 0.933375499;0.317073219, 0.939335016, 0.368517658, 0.0539697614, 0.762969389, 0.703508144, 0.597910992, 0.489893744, 0.0321652703, 0.624597252, 0.416834615, 0.560209403, 0.429321342, 0.966056133, 0.604108901, 0.749236331, 0.936346947;0.591599323, 0.0120625178, 0.0342916783, 0.702338434, 0.279085136, 0.579379727, 0.202277181, 0.270248875, 0.504641056, 0.975569463, 0.616270489, 0.936148105, 0.959379854, 0.208109996, 0.311193602, 0.769992281, 0.866764002;0.519226744, 0.993226067, 0.0115721988, 0.299592656, 0.623161754, 0.469289911, 0.116602966, 0.367787085, 0.0254471433, 0.642746046, 0.892742543, 0.884874124, 0.699544474, 0.465770195, 0.512031619, 0.136918824, 0.341017093;0.187728075, 0.821200203, 0.914753901, 0.536923261, 0.727764041, 0.121464771, 0.608534643, 0.702791021, 0.45276813, 0.243273084, 0.877374521, 0.74290872, 0.899857282, 0.818402647, 0.99037443, 0.192172733, 0.0867477678;0.337002791, 0.129004175, 0.523130113, 0.633028905, 0.578288615, 0.259240135, 0.908824031, 0.0211723637, 0.348013354, 0.718992475, 0.766928926, 0.416118544, 0.0169098133, 0.618043679, 0.0630946812, 0.107855776, 0.65025072;0.312488326, 0.348030153, 0.486807077, 0.978578395, 0.965442221, 0.416260999, 0.265499217, 0.302592153, 0.268781298, 0.532245807, 0.606859808, 0.488779388, 0.407994362, 0.211285038, 0.482505591, 0.341102714, 0.541595463;0.675189416, 0.633312174, 0.46249021, 0.556052424, 0.284856131, 0.024240259, 0.625019454, 0.252568559, 0.66895371, 0.7470085, 0.915927746, 0.958122795, 0.0105260463, 0.990374209, 0.683018318, 0.64352416, 0.0152130952;0.861233412, 0.145491447, 0.837330154, 0.0155625463, 0.645964262, 0.434801534, 0.200766729, 0.107561392, 0.440127697, 0.123305805, 0.486446612, 0.625217059, 0.827384194, 0.678649437, 0.0651997667, 0.307432533, 0.287978608;0.915032423, 0.867782044, 0.370147918, 0.0711552559, 0.894107318, 0.888189953, 0.854746132, 0.845081638, 0.480254001, 0.177431652, 0.47748805, 0.494597771, 0.489931753, 0.538772586, 0.257657023, 0.366241181, 0.434186592]
data_class = 'rand'
feature_type = 'Real'
