accuracy = 1e-08;
distance_arg0_k = 1.3;
dm_train = [0, 1.53738928, 1.81567078, 2.79334137, 2.47084851, 2.91187503, 2.24262611, 2.75618951, 1.6090013, 2.43934236, 2.18700193;1.53738928, 0, 2.42750454, 2.81776579, 2.77804791, 3.30382769, 2.11362803, 2.42132717, 1.4470223, 2.64374232, 2.50335148;1.81567078, 2.42750454, 0, 3.08375989, 2.64725187, 3.18545544, 1.76298323, 2.94600547, 1.86000845, 2.51381145, 2.65400493;2.79334137, 2.81776579, 3.08375989, 0, 2.45714378, 2.05099108, 2.90852691, 2.85534077, 3.05556103, 2.37518508, 1.65992213;2.47084851, 2.77804791, 2.64725187, 2.45714378, 0, 2.14776548, 2.54023579, 2.45273279, 2.1351864, 1.03262568, 1.77217979;2.91187503, 3.30382769, 3.18545544, 2.05099108, 2.14776548, 0, 2.9405647, 2.31209044, 3.33718624, 2.2950594, 1.29434134;2.24262611, 2.11362803, 1.76298323, 2.90852691, 2.54023579, 2.9405647, 0, 3.24563723, 1.91134914, 2.64019419, 2.10449496;2.75618951, 2.42132717, 2.94600547, 2.85534077, 2.45273279, 2.31209044, 3.24563723, 0, 2.37708469, 2.1059878, 2.02568553;1.6090013, 1.4470223, 1.86000845, 3.05556103, 2.1351864, 3.33718624, 1.91134914, 2.37708469, 0, 2.33199259, 2.52509588;2.43934236, 2.64374232, 2.51381145, 2.37518508, 1.03262568, 2.2950594, 2.64019419, 2.1059878, 2.33199259, 0, 1.85843967;2.18700193, 2.50335148, 2.65400493, 1.65992213, 1.77217979, 1.29434134, 2.10449496, 2.02568553, 2.52509588, 1.85843967, 0];
init_random = 42;
name = 'MinkowskiMetric';
data_type = 'double';
dm_test = [1.12968331, 2.10203321, 2.00752091, 1.97511586, 2.16137013, 1.73483444, 2.9781453, 2.6079554, 2.37212834, 1.96890198, 2.04321934, 2.28814488, 2.43276554, 2.84873042, 2.26660104, 2.23206857, 2.12016369;1.63859991, 2.51403668, 1.70310362, 2.21942995, 1.81657616, 1.93666987, 2.81275801, 2.95241162, 2.79825773, 1.5987218, 2.22647959, 2.8870271, 2.56058069, 3.0532381, 2.91456139, 2.97220688, 2.37086601;2.25948179, 2.30597126, 2.82097649, 2.65613203, 2.93903099, 2.08346128, 3.16092954, 2.21877659, 2.85451683, 2.9370023, 2.59559303, 1.88967904, 2.94934213, 2.73679472, 2.52384341, 2.49438776, 3.16730244;2.36210851, 2.08581597, 2.00016647, 1.99556322, 1.75410426, 2.27694205, 2.52379304, 2.0210845, 1.46121001, 1.92567087, 3.18560423, 1.61915382, 2.23955448, 2.04553527, 3.06489909, 1.6061665, 2.77514249;1.59087417, 2.05390044, 2.57852037, 2.2208676, 2.48775742, 2.08903009, 2.66607001, 1.92627421, 2.39346846, 2.43908518, 1.59220547, 2.06567677, 2.38664025, 1.49709102, 2.39065656, 1.28548632, 2.2833342;2.29793738, 1.8235299, 2.72755944, 2.54631035, 3.09870954, 2.73654809, 1.51324077, 2.52842511, 1.98815543, 2.17429457, 2.78647414, 2.0768174, 2.24488295, 2.02861787, 1.93996979, 1.46590028, 2.0001926;2.15156115, 2.70773707, 2.87183108, 2.15845683, 3.24030326, 1.59257728, 2.74677417, 2.36898639, 2.67461558, 2.5915812, 2.50757438, 2.91110477, 3.66504494, 2.26506161, 2.13349584, 2.34258014, 2.67356183;1.93855111, 1.97686874, 2.23295283, 2.35312631, 2.72198426, 3.26023227, 2.22016854, 2.982118, 2.58582742, 1.97856715, 2.39451079, 2.33288169, 1.89180271, 2.02717715, 2.18582203, 2.40563704, 2.43881219;1.33429046, 2.40928555, 2.11753737, 1.87091627, 2.23813519, 1.84189155, 3.05834356, 2.14377864, 3.26117532, 2.02772275, 1.64354553, 2.49112597, 2.32372674, 2.34621422, 2.29654545, 2.45447571, 2.29564758;1.79941875, 2.30060387, 2.11472536, 2.24435487, 2.47300159, 2.1765518, 2.18563411, 2.39025676, 1.73017523, 2.71233627, 2.08981884, 2.10762382, 2.70556384, 1.45042349, 2.57141805, 1.69626346, 2.78280372;1.38946275, 1.87434394, 2.0792481, 1.75390952, 2.56825736, 2.02176202, 2.04629404, 2.07656238, 1.59668509, 1.61515125, 2.55203174, 1.98737297, 2.27067318, 1.31288906, 1.88112216, 1.14525096, 1.94868026];
data_train = [0.00578225235, 0.137673426, 0.540058387, 0.745631208, 0.862694068, 0.770894469, 0.674216722, 0.260544239, 0.115671681, 0.863948784, 0.684229886;0.503495618, 0.0895350073, 0.661491936, 0.993042656, 0.595366674, 0.471684286, 0.168200015, 0.123245661, 0.352004049, 0.655159128, 0.539017359;0.537615948, 0.139573314, 0.030142644, 0.229629704, 0.951338943, 0.965778727, 0.0417576771, 0.561097126, 0.00351635234, 0.920606292, 0.613499723;0.46479492, 0.15507536, 0.931309644, 0.111796084, 0.913749448, 0.156725679, 0.910166384, 0.36401679, 0.766202914, 0.790361077, 0.296253419;0.8569265, 0.43918101, 0.921810562, 0.835617565, 0.36713935, 0.774310278, 0.636909704, 0.395835804, 0.259087048, 0.422246735, 0.684611368;0.285247748, 0.0378519406, 0.847832486, 0.182961292, 0.195659934, 0.752297421, 0.114232259, 0.824860804, 0.347431628, 0.32558655, 0.227375405;0.092141873, 0.049431421, 0.103286433, 0.615231393, 0.678243878, 0.895792842, 0.243856949, 0.766849343, 0.505617275, 0.30206984, 0.841881869;0.164978602, 0.401531596, 0.197806065, 0.737041684, 0.265389726, 0.52785462, 0.204153007, 0.903753853, 0.199291224, 0.797201755, 0.516419376;0.451112966, 0.444579969, 0.113663258, 0.932535955, 0.543618007, 0.519760752, 0.12009628, 0.230647891, 0.421303961, 0.368471454, 0.224367516;0.710282648, 0.879308733, 0.762532669, 0.398291152, 0.842536426, 0.032446128, 0.0574032121, 0.993493282, 0.89742388, 0.886265004, 0.319600328;0.0309812934, 0.180893173, 0.161647409, 0.771332184, 0.707526475, 0.775771186, 0.225405985, 0.874828126, 0.156887755, 0.690489936, 0.621484641];
feature_class = 'simple';
data_test = [0.171865675, 0.641425057, 0.0705731634, 0.0338511069, 0.149140138, 0.749160083, 0.733009377, 0.676684479, 0.80810868, 0.203685281, 0.417611292, 0.660320193, 0.0207840267, 0.726091062, 0.137990582, 0.768451447, 0.287321882;0.506470198, 0.224411277, 0.71209941, 0.478706341, 0.979042643, 0.635513708, 0.287329164, 0.912057381, 0.872927858, 0.12287943, 0.0457055772, 0.82718485, 0.803653553, 0.589057639, 0.35987935, 0.763835303, 0.0797286449;0.630619593, 0.622269411, 0.289086724, 0.302579646, 0.278116438, 0.26181934, 0.760390357, 0.283568529, 0.585709632, 0.332391861, 0.937654796, 0.373040469, 0.479326479, 0.478331426, 0.706230533, 0.66719421, 0.992809442;0.445758409, 0.340145557, 0.0752593871, 0.830930339, 0.025521495, 0.586512865, 0.0828444724, 0.997484515, 0.329633781, 0.1437432, 0.83360169, 0.570331135, 0.00827698484, 0.964858331, 0.643057785, 0.617959806, 0.350187554;0.476976203, 0.79600822, 0.143174135, 0.691311899, 0.30620251, 0.277302739, 0.23202724, 0.503510296, 0.789703558, 0.738298151, 0.417755805, 0.965059122, 0.263540692, 0.285875355, 0.576503249, 0.698881957, 0.548124938;0.243657003, 0.848543686, 0.260710864, 0.0880246031, 0.236656959, 0.1997833, 0.969305677, 0.52324032, 0.261976973, 0.203032653, 0.424377317, 0.869101752, 0.862690207, 0.319293343, 0.695699529, 0.403314426, 0.433896637;0.514993038, 0.511013975, 0.11525795, 0.723201796, 0.122879845, 0.0934949788, 0.280102489, 0.973331192, 0.0499350167, 0.927304832, 0.634517946, 0.560406309, 0.771486555, 0.810845371, 0.556876123, 0.708833969, 0.960938215;0.218490982, 0.229829925, 0.668761592, 0.832492986, 0.354641223, 0.290948764, 0.780142573, 0.346005617, 0.940981616, 0.517609617, 0.171841908, 0.437881741, 0.320575313, 0.770614875, 0.0162030953, 0.263160767, 0.234886917;0.379756753, 0.943758943, 0.409579079, 0.61871534, 0.948931198, 0.594255302, 0.522124849, 0.870649704, 0.48385057, 0.728263729, 0.813099748, 0.854907689, 0.74676302, 0.330997568, 0.0444069238, 0.574747985, 0.822779708;0.660425641, 0.735596653, 0.572911778, 0.389951721, 0.843012554, 0.253701128, 0.0084744958, 0.51245519, 0.259989221, 0.702797891, 0.900782942, 0.768304777, 0.742378934, 0.328593767, 0.0388367074, 0.365702799, 0.383474416;0.448459855, 0.632195388, 0.787496709, 0.424266848, 0.761133685, 0.0266095829, 0.566686549, 0.257150664, 0.886321017, 0.436360827, 0.0819208801, 0.64819166, 0.765489825, 0.839053641, 0.769674595, 0.835578385, 0.11795935];
data_class = 'rand';
feature_type = 'Real';
