accuracy = 1e-08;
dm_train = [1, 0.612703623, 0.451012683, 0.363778805, 0.401059587, 0.545047036, 0.576172144, 0.519997623, 0.477989639, 0.419795342, 0.42402641;0.612703623, 1, 0.51109235, 0.614321446, 0.464952374, 0.416065711, 0.47085369, 0.635600095, 0.630402334, 0.67979406, 0.513034018;0.451012683, 0.51109235, 1, 0.516117549, 0.430676427, 0.77762224, 0.55140131, 0.4097612, 0.717034448, 0.444408458, 0.508147397;0.363778805, 0.614321446, 0.516117549, 1, 0.78927156, 0.585737449, 0.526003265, 0.564818039, 0.80085821, 0.752937045, 0.563119171;0.401059587, 0.464952374, 0.430676427, 0.78927156, 1, 0.64332432, 0.577025964, 0.658049692, 0.758750549, 0.761430848, 0.593528358;0.545047036, 0.416065711, 0.77762224, 0.585737449, 0.64332432, 1, 0.644859356, 0.415206608, 0.741838519, 0.444278882, 0.534343046;0.576172144, 0.47085369, 0.55140131, 0.526003265, 0.577025964, 0.644859356, 1, 0.432818732, 0.71356836, 0.542476136, 0.455166906;0.519997623, 0.635600095, 0.4097612, 0.564818039, 0.658049692, 0.415206608, 0.432818732, 1, 0.690070879, 0.804526845, 0.474220864;0.477989639, 0.630402334, 0.717034448, 0.80085821, 0.758750549, 0.741838519, 0.71356836, 0.690070879, 1, 0.749645535, 0.613109883;0.419795342, 0.67979406, 0.444408458, 0.752937045, 0.761430848, 0.444278882, 0.542476136, 0.804526845, 0.749645535, 1, 0.550413172;0.42402641, 0.513034018, 0.508147397, 0.563119171, 0.593528358, 0.534343046, 0.455166906, 0.474220864, 0.613109883, 0.550413172, 1];
init_random = 42;
name = 'TanimotoDistance';
data_type = 'double';
dm_test = [0.461765295, 0.590273839, 0.412481258, 0.347816687, 0.728313592, 0.403827889, 0.605492031, 0.33225716, 0.591176875, 0.426159223, 0.541462972, 0.6917283, 0.5471465, 0.676473871, 0.632373263, 0.669618596, 0.602250275;0.666766207, 0.468701506, 0.556594705, 0.559491983, 0.616499795, 0.552242788, 0.686910127, 0.434141202, 0.652392601, 0.621444235, 0.592143941, 0.544982276, 0.539510862, 0.542579043, 0.492201182, 0.697209488, 0.62768235;0.478369632, 0.499911403, 0.494500926, 0.348023971, 0.638024901, 0.604898702, 0.671347876, 0.353267146, 0.391277278, 0.265280365, 0.654263, 0.573342932, 0.452243183, 0.674111882, 0.675149193, 0.604143209, 0.364384226;0.653020998, 0.642064531, 0.559286736, 0.668956543, 0.62647138, 0.75024164, 0.635628873, 0.86222787, 0.683520235, 0.633465689, 0.704545037, 0.480732218, 0.622443238, 0.538430384, 0.566185399, 0.81607414, 0.510388431;0.586143284, 0.617702652, 0.495256711, 0.817059676, 0.642196532, 0.689937783, 0.562402186, 0.875303108, 0.693692847, 0.7194033, 0.651746708, 0.534348427, 0.678976603, 0.5799614, 0.57072623, 0.794608738, 0.466493799;0.508459545, 0.688286275, 0.581292227, 0.476877093, 0.782609202, 0.635016799, 0.701830956, 0.55635989, 0.509423899, 0.343623056, 0.763141961, 0.618353467, 0.598982184, 0.685105688, 0.719168063, 0.756576657, 0.422483326;0.353809251, 0.539496277, 0.56915748, 0.507082572, 0.778845107, 0.375776725, 0.451811858, 0.574608753, 0.570615278, 0.491844143, 0.733488443, 0.679374054, 0.40423274, 0.479681151, 0.857673418, 0.691230175, 0.38267367;0.591471815, 0.491089679, 0.401126371, 0.718912873, 0.613570285, 0.701370948, 0.673226533, 0.507606144, 0.755326972, 0.707034047, 0.504414223, 0.513904373, 0.622294221, 0.675201836, 0.489910163, 0.72922706, 0.436817267;0.559492055, 0.606718452, 0.643780008, 0.736922991, 0.823442695, 0.770114778, 0.757992243, 0.70664667, 0.691280776, 0.567111386, 0.839398388, 0.615233579, 0.592713252, 0.661270209, 0.769915717, 0.875743832, 0.395016019;0.650857264, 0.617332063, 0.589031998, 0.733698788, 0.552431289, 0.722951062, 0.549221461, 0.682578162, 0.79161339, 0.857355068, 0.521580531, 0.510854771, 0.707072594, 0.544410922, 0.506712194, 0.740946727, 0.572421459;0.379500452, 0.462312514, 0.474584785, 0.485422219, 0.452563439, 0.630433009, 0.508849854, 0.558287543, 0.505843318, 0.462935729, 0.604957083, 0.776154979, 0.588651059, 0.488348287, 0.577598252, 0.574613994, 0.33846945];
data_train = [0.374540119, 0.950714306, 0.731993942, 0.598658484, 0.15601864, 0.15599452, 0.0580836122, 0.866176146, 0.601115012, 0.708072578, 0.0205844943;0.969909852, 0.832442641, 0.212339111, 0.181824967, 0.18340451, 0.304242243, 0.524756432, 0.431945019, 0.29122914, 0.611852895, 0.139493861;0.292144649, 0.366361843, 0.456069984, 0.785175961, 0.199673782, 0.514234438, 0.592414569, 0.0464504127, 0.607544852, 0.170524124, 0.065051593;0.948885537, 0.965632033, 0.808397348, 0.304613769, 0.097672114, 0.684233027, 0.440152494, 0.122038235, 0.49517691, 0.0343885211, 0.909320402;0.258779982, 0.662522284, 0.311711076, 0.520068021, 0.546710279, 0.184854456, 0.969584628, 0.775132823, 0.939498942, 0.89482735, 0.597899979;0.921874235, 0.0884925021, 0.195982862, 0.0452272889, 0.325330331, 0.38867729, 0.271349032, 0.828737509, 0.356753327, 0.28093451, 0.542696083;0.140924225, 0.802196981, 0.0745506437, 0.986886937, 0.772244769, 0.198715682, 0.00552211712, 0.815461428, 0.706857344, 0.729007168, 0.771270347;0.0740446517, 0.358465729, 0.11586906, 0.863103426, 0.623298127, 0.330898025, 0.0635583503, 0.310982322, 0.325183322, 0.729606178, 0.637557471;0.887212743, 0.472214925, 0.119594246, 0.713244787, 0.760785049, 0.561277198, 0.77096718, 0.493795596, 0.522732829, 0.427541018, 0.0254191267;0.107891427, 0.0314291857, 0.636410411, 0.314355981, 0.508570691, 0.907566474, 0.249292229, 0.410382923, 0.755551139, 0.228798165, 0.0769799098;0.289751453, 0.161221287, 0.929697652, 0.80812038, 0.633403757, 0.87146059, 0.803672077, 0.186570059, 0.892558998, 0.539342242, 0.807440155];
feature_class = 'simple';
data_test = [0.8960913, 0.318003475, 0.110051925, 0.227935163, 0.427107789, 0.818014766, 0.860730583, 0.00695213053, 0.510747303, 0.417411003, 0.22210781, 0.119865367, 0.337615171, 0.942909704, 0.323202932, 0.518790622, 0.703018959;0.363629602, 0.971782083, 0.962447295, 0.251782296, 0.497248506, 0.30087831, 0.284840494, 0.0368869474, 0.609564334, 0.502679023, 0.0514787512, 0.278646464, 0.908265886, 0.239561891, 0.144894872, 0.48945276, 0.985650454;0.242055272, 0.672135547, 0.761619615, 0.237637544, 0.728216349, 0.367783133, 0.632305831, 0.633529711, 0.535774684, 0.0902897701, 0.835302496, 0.320780065, 0.18651851, 0.0407751416, 0.590892943, 0.677564362, 0.0165878289;0.512093058, 0.226495775, 0.64517279, 0.174366429, 0.690937738, 0.386735346, 0.936729989, 0.137520944, 0.341066351, 0.113473521, 0.924693618, 0.877339353, 0.257941628, 0.659984046, 0.8172222, 0.555200812, 0.529650578;0.241852291, 0.0931027678, 0.897215758, 0.900418057, 0.633101457, 0.339029791, 0.349209575, 0.725955679, 0.89711026, 0.887086424, 0.779875546, 0.642031646, 0.084139965, 0.161628714, 0.898554189, 0.60642906, 0.00919705162;0.101471543, 0.663501769, 0.00506158385, 0.160808051, 0.548733789, 0.691895198, 0.65196126, 0.224269309, 0.712179221, 0.237249087, 0.325399698, 0.746491405, 0.649632899, 0.84922341, 0.657612892, 0.568308603, 0.0936747678;0.367715803, 0.265202368, 0.243989643, 0.973010555, 0.393097725, 0.892046555, 0.631138626, 0.794811304, 0.502637093, 0.576903885, 0.492517694, 0.195242988, 0.722452115, 0.280772362, 0.0243159664, 0.645472296, 0.177110679;0.940458584, 0.953928577, 0.91486439, 0.3701587, 0.0154566165, 0.928318563, 0.428184148, 0.966654819, 0.963619977, 0.853009455, 0.294448892, 0.385097729, 0.851136672, 0.316922005, 0.169492747, 0.556801262, 0.936154774;0.696029797, 0.57006117, 0.0971764938, 0.615007227, 0.99005385, 0.140084015, 0.518329652, 0.877373072, 0.740768618, 0.697015741, 0.702484084, 0.359491151, 0.293591844, 0.809361155, 0.810113395, 0.867072319, 0.913240553;0.511342399, 0.501516295, 0.798295179, 0.649963931, 0.701966877, 0.795792669, 0.890005342, 0.337995157, 0.375582953, 0.0939819398, 0.578280141, 0.0359422738, 0.465598018, 0.542644635, 0.286541252, 0.590833261, 0.0305002499;0.0373481887, 0.822600561, 0.360190641, 0.127060513, 0.52224326, 0.769993553, 0.215821027, 0.622890476, 0.085347465, 0.0516817212, 0.531354632, 0.540635122, 0.637429901, 0.726091334, 0.975852079, 0.516300348, 0.322956473];
data_class = 'rand';
