traindat = [0.0584748203, 0.504689683, 0.804761944;0.778742408, 0.0378347997, 0.770959361]
testdat = [0.935616086, 0.967481691, 0.0892309045, 0.229563684, 0.245985672, 0.458660644, 0.313098958, 0.689256279, 0.282393404, 0.0763829439;0.226827743, 0.775165315, 0.866313327, 0.590517852, 0.800902554, 0.219859689, 0.802496254, 0.318975434, 0.780688472, 0.579003827]
km_train = [0, 1.02580166, 0.645220682;1.02580166, 0, 0.733298675;0.645220682, 0.733298675, 0]
km_test = [1.07687262, 0.805396652, 0.0110658431, 0.127497394, 0.115794888, 0.62247136, 0.174840225, 0.724691756, 0.147096023, 0.0317616885;0.263887284, 0.81418719, 1.04976318, 0.589216178, 0.783381688, 0.130774242, 0.740691392, 0.250049766, 0.736962713, 0.790485566;0.30657442, 0.0149516651, 0.578247736, 0.343787757, 0.29772161, 0.401335842, 0.216877688, 0.196362729, 0.251054471, 0.62939321]
functionname = 'test_chi2_kernel'
kernelname = 'Chi2Kernel'
size_= 10 
