traindat = [0.658364376, 0.198651149, 0.853696815;0.692301979, 0.701176769, 0.20598517]
testdat = [0.509292395, 0.452846679, 0.56814913, 0.856675152, 0.158891807, 0.759773676, 0.544641938, 0.730540715, 0.813424556, 0.177360558;0.397865694, 0.61508237, 0.60800722, 0.350106609, 0.580018657, 0.127282794, 0.770570356, 0.329888656, 0.948211124, 0.883237061]
km_train = [0, 0.246652113, 0.288516948;0.246652113, 0, 0.678050196;0.288516948, 0.678050196, 0]
km_test = [0.0985540458, 0.0425712668, 0.0121002634, 0.138291602, 0.315165698, 0.396774116, 0.0149380048, 0.132242837, 0.0562564767, 0.299981967;0.220014511, 0.104811009, 0.184680474, 0.52753336, 0.0158787952, 0.726066861, 0.164325001, 0.43816649, 0.410435992, 0.022125527;0.14799743, 0.326814446, 0.255900562, 0.0373569151, 0.654742636, 0.0240532784, 0.394714911, 0.0382226317, 0.478274127, 0.864750819]
functionname = 'test_chi2_kernel'
kernelname = 'Chi2Kernel'
size_= 10 
