traindat = [0.658364376, 0.198651149, 0.853696815;0.692301979, 0.701176769, 0.20598517]
testdat = [0.509292395, 0.452846679, 0.56814913, 0.856675152, 0.158891807, 0.759773676, 0.544641938, 0.730540715, 0.813424556, 0.177360558;0.397865694, 0.61508237, 0.60800722, 0.350106609, 0.580018657, 0.127282794, 0.770570356, 0.329888656, 0.948211124, 0.883237061]
km_train = [1, 0.849908202, 0.8095506;0.849908202, 1, 0.595298715;0.8095506, 0.595298715, 1]
km_test = [0.919632717, 0.963601719, 0.988342028, 0.886630642, 0.817421585, 0.776091371, 0.98544638, 0.900287928, 0.933446477, 0.813820006;0.865025226, 0.946101089, 0.894312977, 0.651888711, 0.987570133, 0.609236774, 0.908656144, 0.723494312, 0.71342996, 0.974485569;0.887307669, 0.776980907, 0.829405959, 0.984142567, 0.619423902, 0.988515974, 0.727115262, 0.976796892, 0.653759113, 0.494260305]
functionname = 'test_gaussian_kernel'
kernelname = 'GaussianKernel'
size_= 10 
width_= 1.3 
