traindat = [0.0584748203, 0.504689683, 0.804761944;0.778742408, 0.0378347997, 0.770959361]
testdat = [0.935616086, 0.967481691, 0.0892309045, 0.229563684, 0.245985672, 0.458660644, 0.313098958, 0.689256279, 0.282393404, 0.0763829439;0.226827743, 0.775165315, 0.866313327, 0.590517852, 0.800902554, 0.219859689, 0.802496254, 0.318975434, 0.780688472, 0.579003827]
km_train = [0.867911651, 0.0839296641, 0.921390236;0.0839296641, 0.364526239, 0.619524956;0.921390236, 0.619524956, 1.76756211]
km_test = [0.329242765, 0.939592646, 0.967522046, 0.673548358, 0.908074948, 0.281829317, 0.915426179, 0.410864486, 0.888702345, 0.648040551;0.684211593, 0.736623492, 0.11073513, 0.196678014, 0.219800925, 0.341267226, 0.268090282, 0.512227365, 0.244862062, 0.0860372927;1.32041751, 1.95853724, 1.0526957, 0.910819651, 1.16045721, 0.766522508, 1.23906961, 1.1393679, 1.17997596, 0.722751136]
functionname = 'test_linear_kernel'
kernelname = 'LinearKernel'
bool1= 'False' 
