traindat = [0.658364376, 0.198651149, 0.853696815;0.692301979, 0.701176769, 0.20598517]
testdat = [0.509292395, 0.452846679, 0.56814913, 0.856675152, 0.158891807, 0.759773676, 0.544641938, 0.730540715, 0.813424556, 0.177360558;0.397865694, 0.61508237, 0.60800722, 0.350106609, 0.580018657, 0.127282794, 0.770570356, 0.329888656, 0.948211124, 0.883237061]
km_train = [1.23616106, 0.834572685, 0.954347872;0.834572685, 0.719316791, 0.425296604;0.954347872, 0.425296604, 1.04452215]
km_test = [0.827167401, 0.980505142, 1.0766823, 1.09213578, 0.685519536, 0.796806498, 1.20814547, 0.960709364, 1.61437006, 0.986293382;0.514854924, 0.705947668, 0.730250387, 0.562962438, 0.59356225, 0.325287506, 0.878303513, 0.509826602, 1.11931435, 0.886481703;0.699847277, 0.695182699, 0.826523262, 1.08817253, 0.345525763, 0.913970579, 0.844695524, 0.936693682, 1.20502387, 0.45147102]
functionname = 'test_linear_kernel'
kernelname = 'LinearKernel'
bool1= 'False' 
