traindat = [0.658364376, 0.198651149, 0.853696815;0.692301979, 0.701176769, 0.20598517]
testdat = [0.509292395, 0.452846679, 0.56814913, 0.856675152, 0.158891807, 0.759773676, 0.544641938, 0.730540715, 0.813424556, 0.177360558;0.397865694, 0.61508237, 0.60800722, 0.350106609, 0.580018657, 0.127282794, 0.770570356, 0.329888656, 0.948211124, 0.883237061]
km_train = [1, 0.693265544, 0.592421837;0.693265544, 1, 0.118118783;0.592421837, 0.118118783, 1]
km_test = [0.96784634, 0.976538126, 0.999885051, 0.758663557, 0.683721391, 0.510810724, 0.968847239, 0.794758387, 0.996067397, 0.605785746;0.525790919, 0.821087402, 0.702805299, 0.234093774, 0.999886638, 0.0782953267, 0.838617203, 0.267583182, 0.747942043, 0.99092848;0.754696115, 0.448097525, 0.582356191, 0.966159214, 0.112718984, 0.992508316, 0.426318619, 0.948392091, 0.533337951, 0.0748042769]
functionname = 'test_poly_kernel'
kernelname = 'PolyKernel'
use_norm= 'True' 
size_= 10 
inhom= 'False' 
degree= 3 
