traindat = [0.0584748203, 0.504689683, 0.804761944;0.778742408, 0.0378347997, 0.770959361]
testdat = [0.935616086, 0.967481691, 0.0892309045, 0.229563684, 0.245985672, 0.458660644, 0.313098958, 0.689256279, 0.282393404, 0.0763829439;0.226827743, 0.775165315, 0.866313327, 0.590517852, 0.800902554, 0.219859689, 0.802496254, 0.318975434, 0.780688472, 0.579003827]
km_train = [0.226823686, 0.000205120139, 0.271389265;0.000205120139, 0.0168053759, 0.0824970205;0.271389265, 0.0824970205, 1.91595761]
km_test = [0.0123825636, 0.287793297, 0.314227693, 0.106015214, 0.259792692, 0.00776641064, 0.266153285, 0.024063437, 0.243517864, 0.0944209562;0.111130465, 0.138675117, 0.000471105424, 0.00263954635, 0.00368426106, 0.0137894071, 0.00668505619, 0.0466283636, 0.00509361777, 0.000220964271;0.798722046, 2.60649772, 0.404734652, 0.26215553, 0.54218717, 0.156255957, 0.660007633, 0.51316117, 0.570008491, 0.130987]
functionname = 'test_poly_kernel'
kernelname = 'PolyKernel'
use_norm= 'False' 
size_= 10 
inhom= 'False' 
degree= 3 
