traindat = [0.658364376, 0.198651149, 0.853696815;0.692301979, 0.701176769, 0.20598517]
testdat = [0.509292395, 0.452846679, 0.56814913, 0.856675152, 0.158891807, 0.759773676, 0.544641938, 0.730540715, 0.813424556, 0.177360558;0.397865694, 0.61508237, 0.60800722, 0.350106609, 0.580018657, 0.127282794, 0.770570356, 0.329888656, 0.948211124, 0.883237061]
km_train = [1, 0.84237407, 0.79435197;0.84237407, 1, 0.508023692;0.79435197, 0.508023692, 1]
km_test = [0.935910789, 0.972117315, 0.992922288, 0.880887188, 0.812876437, 0.753059763, 0.985092125, 0.896902605, 0.971572821, 0.800291842;0.822052062, 0.9326069, 0.874141115, 0.592027132, 0.988313772, 0.50053117, 0.909748578, 0.653868854, 0.784801721, 0.980481985;0.876905071, 0.737856021, 0.804456147, 0.983728451, 0.527883059, 0.990817391, 0.698648101, 0.97549792, 0.698613436, 0.412416489]
functionname = 'test_poly_kernel'
kernelname = 'PolyKernel'
use_norm= 'False' 
size_= 10 
inhom= 'False' 
degree= 3 
