traindat = [0.0584748203, 0.504689683, 0.804761944;0.778742408, 0.0378347997, 0.770959361]
testdat = [0.935616086, 0.967481691, 0.0892309045, 0.229563684, 0.245985672, 0.458660644, 0.313098958, 0.689256279, 0.282393404, 0.0763829439;0.226827743, 0.775165315, 0.866313327, 0.590517852, 0.800902554, 0.219859689, 0.802496254, 0.318975434, 0.780688472, 0.579003827]
km_train = [1, 0.00332230871, 0.411675967;0.00332230871, 1, 0.45974943;0.411675967, 0.45974943, 1]
km_test = [0.0291385171, 0.317151794, 0.998850357, 0.875266649, 0.927512748, 0.123925788, 0.874287731, 0.115332977, 0.893612673, 0.995268409;0.960749346, 0.561442295, 0.00550166525, 0.0800611025, 0.0483240627, 0.808364103, 0.0806766211, 0.821043387, 0.0686696655, 0.00855685094;0.646701405, 0.988314346, 0.442667476, 0.744701904, 0.66602947, 0.8578852, 0.745972408, 0.846254297, 0.719699287, 0.475063073]
functionname = 'test_poly_kernel'
kernelname = 'PolyKernel'
use_norm= 'True' 
size_= 10 
inhom= 'False' 
degree= 3 
