traindat = [0.658364376, 0.198651149, 0.853696815;0.692301979, 0.701176769, 0.20598517]
testdat = [0.509292395, 0.452846679, 0.56814913, 0.856675152, 0.158891807, 0.759773676, 0.544641938, 0.730540715, 0.813424556, 0.177360558;0.397865694, 0.61508237, 0.60800722, 0.350106609, 0.580018657, 0.127282794, 0.770570356, 0.329888656, 0.948211124, 0.883237061]
km_train = [6.99774426, 4.22176541, 4.95340418;4.22176541, 3.58938587, 2.26885006;4.95340418, 2.26885006, 5.55678395]
km_test = [4.17906283, 5.12368246, 5.78328113, 5.89427184, 3.416729, 4.00699664, 6.77315635, 4.99446341, 10.5319475, 5.16188251;2.62890451, 3.52040957, 3.64646151, 2.83715145, 2.9751707, 1.90744359, 4.47988309, 2.60774573, 6.09290372, 4.52929268;3.48923123, 3.46551574, 4.17536207, 5.86567265, 1.97722661, 4.698031, 4.280608, 4.84063816, 6.74843367, 2.37043728]
functionname = 'test_poly_kernel'
kernelname = 'PolyKernel'
use_norm= 'False' 
size_= 10 
inhom= 'True' 
degree= 3 
