traindat = [0.658364376, 0.198651149, 0.853696815;0.692301979, 0.701176769, 0.20598517]
testdat = [0.509292395, 0.452846679, 0.56814913, 0.856675152, 0.158891807, 0.759773676, 0.544641938, 0.730540715, 0.813424556, 0.177360558;0.397865694, 0.61508237, 0.60800722, 0.350106609, 0.580018657, 0.127282794, 0.770570356, 0.329888656, 0.948211124, 0.883237061]
km_train = [0.980253356, 0.962427459, 0.968967347;0.962427459, 0.954866151, 0.928226714;0.968967347, 0.928226714, 0.973138904]
km_test = [0.961981413, 0.970239075, 0.974488674, 0.975113228, 0.952379689, 0.960097766, 0.97934346, 0.969281471, 0.98926864, 0.970513479;0.937641122, 0.95389812, 0.955643045, 0.94219313, 0.944919024, 0.916097532, 0.964958713, 0.937145767, 0.976175234, 0.965413143;0.953449695, 0.953103943, 0.961942369, 0.974954507, 0.91870065, 0.966898559, 0.963028898, 0.968078946, 0.979239542, 0.931111445]
functionname = 'test_sigmoid_kernel'
kernelname = 'SigmoidKernel'
gamma_= 1.1000000000000001 
size_= 10 
coef0= 1.3 
