traindat = [0.658364376, 0.198651149, 0.853696815;0.692301979, 0.701176769, 0.20598517]
testdat = [0.509292395, 0.452846679, 0.56814913, 0.856675152, 0.158891807, 0.759773676, 0.544641938, 0.730540715, 0.813424556, 0.177360558;0.397865694, 0.61508237, 0.60800722, 0.350106609, 0.580018657, 0.127282794, 0.770570356, 0.329888656, 0.948211124, 0.883237061]
km_train = [0.81985101, 0.76497728, 0.782708145;0.76497728, 0.746744711, 0.694713906;0.782708145, 0.694713906, 0.795271741]
km_test = [0.763840872, 0.786420655, 0.799594486, 0.801642648, 0.74117353, 0.759131859, 0.816431331, 0.783616215, 0.860687043, 0.7872346;0.711429712, 0.744553288, 0.748524943, 0.720090567, 0.725485498, 0.675118218, 0.771591884, 0.710511713, 0.805199659, 0.772810749;0.743547965, 0.742776984, 0.763741799, 0.801119153, 0.679163847, 0.77686616, 0.766523049, 0.780170553, 0.816046705, 0.699679789]
functionname = 'test_sigmoid_kernel'
kernelname = 'SigmoidKernel'
gamma_= 0.5 
size_= 10 
coef0= 0.69999999999999996 
