name = 'Histogram'
data_type = 'ushort'
data_train = ['16014', '21818', '33201', '11144', '31001', '57602', '867', '27182', '14340', '11837', '47059';'8787', '54916', '393', '61775', '59454', '12056', '61483', '43160', '44957', '28429', '45909';'52906', '31899', '32221', '20754', '44389', '20905', '24083', '53730', '57557', '51278', '41098';'29621', '20577', '36728', '663', '47301', '19216', '47259', '9265', '4574', '22755', '61366';'56776', '31241', '22676', '21561', '24737', '23390', '26076', '52330', '5546', '53642', '21280';'32953', '21037', '51132', '53693', '40576', '28564', '33597', '19903', '30806', '46328', '24392';'28087', '44288', '44308', '22293', '10677', '12803', '46656', '46002', '1225', '63038', '5774';'13043', '16163', '2844', '7347', '51885', '20804', '36764', '27246', '62126', '42458', '1688';'47055', '51599', '17251', '12504', '39720', '27584', '44484', '62440', '48531', '38852', '13219';'42972', '24815', '48865', '54457', '24623', '36817', '3457', '27855', '52380', '50400', '50319';'36258', '15470', '48957', '45930', '18281', '11728', '51331', '45680', '38723', '10162', '29272']
feature_class = 'simple'
data_test = ['35488', '43341', '51095', '11338', '22296', '11675', '24070', '20080', '47139', '51977', '13936', '10019', '41182', '1746', '49681', '22768', '8325';'44763', '4486', '16485', '14328', '52875', '19112', '51697', '51710', '55998', '44001', '32280', '26576', '50100', '42528', '15702', '21320', '18437';'60349', '193', '25317', '56456', '28482', '19343', '29144', '59607', '57326', '11612', '19307', '60598', '19623', '20249', '8229', '26274', '37334';'6595', '28602', '38377', '52365', '37876', '34551', '42926', '24678', '22214', '38599', '32809', '43954', '27794', '22593', '60334', '28864', '44329';'50213', '59893', '42636', '3689', '40363', '55959', '14687', '20381', '33093', '23589', '1120', '16491', '43638', '39062', '5193', '23608', '15213';'57678', '48379', '14230', '18423', '17187', '10040', '766', '29949', '46464', '3527', '51458', '11021', '17872', '36897', '11758', '18757', '25412';'52461', '55986', '14312', '22119', '11804', '53986', '46545', '10983', '29999', '30557', '39758', '28788', '31950', '3983', '3768', '1504', '55945';'2450', '11236', '51185', '8002', '9891', '38787', '13898', '10472', '15264', '17691', '43487', '32632', '61182', '33743', '43016', '13002', '46981';'43386', '65328', '28250', '43388', '21323', '3733', '41319', '2223', '16868', '34196', '2080', '13776', '695', '55452', '53812', '63271', '32969';'12049', '58542', '58611', '15628', '60314', '62909', '8265', '24671', '63336', '12460', '63362', '3477', '2202', '48310', '23874', '47392', '41217';'11850', '39085', '20809', '5350', '2806', '7163', '28832', '185', '40838', '24718', '11545', '56202', '25215', '28325', '18458', '64757', '56806']
feature_type = 'Word'
accuracy = 1e-08
data_class = 'rand'
