name = 'Histogram'
data_type = 'ushort'
data_train = ['20579', '30261', '46484', '15291', '2017', '63605', '26046', '34369', '1050', '49039', '42204';'64141', '922', '44978', '25016', '12583', '5181', '7521', '10488', '8788', '63306', '58169';'24652', '52255', '23208', '46937', '9108', '31404', '53879', '62765', '18191', '10489', '44853';'36345', '54820', '9764', '7978', '38144', '33283', '19515', '2970', '4903', '62557', '52245';'53260', '20190', '34782', '47139', '16523', '49845', '12857', '41799', '29725', '34275', '55647';'62297', '51675', '53330', '61993', '48755', '32404', '64664', '41510', '10538', '23194', '18009';'6108', '35887', '11580', '63115', '4402', '41903', '46719', '10892', '55561', '17439', '25535';'34368', '51786', '10372', '37280', '32870', '13100', '55017', '48393', '38785', '43441', '15290';'47993', '48495', '51146', '54495', '33512', '1056', '25978', '12444', '27050', '53183', '50270';'39863', '63531', '47503', '49068', '12127', '58800', '29187', '845', '19354', '28303', '55716';'35551', '52287', '56751', '28218', '2608', '48017', '43689', '11089', '49138', '38465', '54325']
feature_class = 'simple'
data_test = ['51495', '31799', '9034', '65090', '65515', '8327', '34343', '38517', '16843', '24196', '18889', '33933', '22790', '51052', '15952', '6511', '60681';'5652', '58106', '17497', '29545', '13573', '675', '25506', '15523', '25859', '33013', '25027', '34950', '35814', '43388', '53327', '19230', '13958';'58385', '19804', '65026', '40745', '34433', '32174', '13652', '65509', '7054', '64492', '63446', '49564', '61953', '65021', '7989', '9705', '51681';'47013', '16171', '37824', '37733', '32204', '13105', '15944', '4675', '25136', '21024', '41068', '30923', '46202', '55669', '12215', '62617', '61604';'59267', '15455', '33243', '41259', '16280', '33137', '48402', '11222', '19965', '61624', '45531', '37983', '30361', '6913', '12070', '14824', '852';'39472', '30274', '21940', '57937', '29020', '53275', '42676', '51920', '38797', '52936', '27362', '15759', '6045', '12043', '54014', '8499', '60187';'13614', '44973', '39144', '17452', '2079', '27692', '35848', '24910', '31037', '2594', '15920', '19278', '37924', '5490', '19577', '32118', '59290';'33315', '38716', '18249', '57469', '31053', '64191', '10233', '61513', '5728', '2978', '23757', '29213', '57200', '18104', '39240', '48933', '58985';'53941', '509', '7098', '5067', '14167', '29850', '4683', '51972', '37739', '8751', '41617', '46925', '32102', '62497', '62514', '62997', '36080';'25177', '53843', '13549', '56052', '22079', '42727', '48264', '25074', '7469', '27871', '23171', '33317', '14834', '64725', '65526', '58222', '43385';'4447', '22335', '35724', '37630', '27145', '62874', '26970', '9632', '3146', '13362', '11589', '32', '28969', '45288', '40600', '48649', '21706']
feature_type = 'Word'
accuracy = 1e-08
data_class = 'rand'
