name = 'Histogram'
data_type = 'ushort'
data_train = ['35169', '13111', '44131', '45200', '56329', '51158', '29739', '42746', '17793', '18146', '33677';'760', '23022', '5612', '36008', '27265', '530', '9551', '28394', '42987', '48984', '2560';'18561', '5103', '24090', '17921', '42233', '2781', '17330', '5257', '58642', '54249', '51663';'34956', '38831', '15615', '881', '1847', '39367', '51127', '55729', '22110', '61612', '37336';'16314', '30118', '39931', '43924', '22966', '44023', '11320', '57841', '65125', '2216', '25564';'38469', '24401', '51760', '59819', '61858', '58714', '11780', '10694', '4809', '55497', '16562';'47160', '32441', '40539', '57123', '1929', '29617', '47074', '51700', '53986', '14244', '32879';'44179', '57100', '49866', '58745', '11116', '22418', '15707', '17765', '35895', '13100', '23867';'43971', '1208', '44085', '36', '65234', '18212', '11252', '19725', '7006', '47835', '24059';'5347', '32171', '28517', '24274', '33577', '27648', '4118', '17910', '60863', '13083', '49647';'13187', '424', '51899', '26641', '34750', '50620', '56880', '15918', '23154', '48166', '11992']
feature_class = 'simple'
data_test = ['34001', '42757', '14546', '41524', '3019', '1304', '57186', '46912', '49284', '16832', '22791', '10022', '10350', '11818', '33617', '54509', '3962';'58824', '58244', '4854', '34307', '51051', '64348', '2944', '54109', '22327', '3244', '22720', '25090', '64277', '46023', '34359', '57105', '48536';'7855', '56947', '57427', '52894', '62237', '51279', '1601', '31952', '45577', '50374', '5690', '12521', '34610', '10483', '8058', '13704', '58933';'5565', '43856', '37256', '57352', '62052', '30615', '56102', '41674', '1927', '15512', '8301', '21313', '8457', '5492', '3223', '22511', '21455';'63058', '33722', '64926', '23434', '30341', '42309', '15007', '34342', '26799', '55820', '15674', '15426', '7095', '44791', '24104', '3255', '33826';'34725', '23032', '4944', '37826', '30497', '27723', '35287', '11845', '24297', '2570', '27503', '7450', '20271', '40471', '55569', '15898', '14389';'48182', '25463', '744', '22804', '36282', '52082', '54689', '10871', '13536', '23097', '64766', '175', '49717', '3217', '15106', '30359', '46464';'53509', '61970', '22357', '42354', '38570', '7034', '16263', '42180', '50099', '8776', '43822', '9812', '19739', '26925', '54403', '19575', '22231';'11399', '47731', '23100', '10768', '63521', '33299', '50383', '59337', '50849', '52522', '50697', '11357', '1437', '24946', '20888', '5502', '40376';'55149', '5566', '56938', '41576', '53318', '4014', '61523', '51408', '53506', '52462', '13613', '40167', '33699', '51481', '49545', '35233', '52429';'48391', '21814', '23386', '59273', '46776', '41585', '64590', '38756', '7509', '22316', '45617', '11071', '27742', '46849', '13228', '11614', '10301']
feature_type = 'Word'
accuracy = 1e-08
data_class = 'rand'
