distribution_num_examples = 4
seqlen = 60
feature_obtain = 'Char'
distribution_best_path_state = 0
distribution_accuracy = 1e-06
feature_type = 'Word'
data_train = ['56551622422651141646121443445615216541255214644125245521543544264416465514542643125134453346121333352632111241324343552614424314241242251451513251446122464124161115114324563631226156314534245456366346346144261151615543256142411163464516463651514115366446442564544612511451235515553223144332432264644115665451444121613255121444553566214315166254221366311244414624224362211235141155446214521334311612443134422233645611146242124525626623432412522534564336454513222614633343542534243246322366344653644655655232233246662656242325542456542563533343523646262636256436122643116532362556445463233343624445342522421645322261311262442261144421631634216361232513113445544113351412553255314565523124144111542222441312365126542114242466565236422545141631242335545212461245142444614414323445356146432464656551144151566321663524561411565416464353313555456554561514551413353143436514443513616336112653155643556513134165465565333316531556413536553345146513344443366525353244311664125534541515654445131233323511416143155315113153113513536131631553145665452111115642456631233151611445452664143626423333615511424621524142543341441122626411541226425132225444646444123143655613265564321641461124131351235314254141611424156231446551415466354445144156224232232542556244222616343351326455635432355636156524665432664444622226552223225442433423262665224363366342661535323435324331643446224425651453232564425442244522636561542323224536333363565635364264616344263326321125525332144251364543446366336325235514662426254443633665642244451632646532546635225636422464623262236654533623224222253555454353233436423454526443226426326263636425355432', '13631544553213635333643153314652344465632453355553612353155556433434333316353255153353136463156451463356433435345351532355655564453534465563333463123535333631312114424433351155456553436153333465346343515356323333331354661621222633123312312532223211221522632132325122533412623541333231122112322242234321352231325452212113226123613235323135442133136335531152656535623455664645363656264635665563556125653221466356663422665415166542553654515654625252445565426462554166635466521335423634563531133536466141453535612236355353333534133536364335426533144533454355565345556165425333313453531343261416356656363555664556354266565165535264626315625626661454666543235323256352645555664654646155546542666232561454263425136512554641322223625225632232235321221133212243133331333633333222234521132223321221221215355422322215161143255123122533112343354613216241221311335226354646156266356266542655426542565242356665123156565554535336553665546365566451652343565655451365326261646645211244645646262321331326122235142323623631524311241532153222233232254223313651223312335152136332543322224213222211121522113235352316311133342222131533332313335212323566322622332111335425121111222223412332633335142222212122614463531532313531222222134212323252235124113325132122313225553563564353443121342336565436346341335435455635561554316143333453354642565313163334365556333533433511135631235425642124562635611556633655663565551336245465455246245265465646646541466422266266545355665542636133436255361255666566555523222123221121513252235323653316325222323214212522143533426323423213223551542523163214121321322251313632131324231611323233321322131', '414435214142444213443232444525123215532522134434225441141225561223413142542215143124411231415245415444421221412513231212412432234341422231525521125121531423125554244351234363342343514133231531344513213231334341313134463123141411312124551543354423111241225355424545344431444412551145414154144542242224342222222422244142253251511152621252133115122111351522212421122444422414434321315213113123342343313411114124313234115323213334113314641422413134235413424153633333543332653662351522252654266622662554425416633666335663421662644254666312312231264564325644626245666252524432441625452666624362463646365436266642233234456656646632344464656626622665422623525421662214326264646663355462526256665634364336124616416243235126266564646622223456361565522524355122514221222432142115434212524544251444145121543414423145421534241452135224142121144512213133121344253535322144445244155324322524113152315323246212444212211214223431662366625362523516616214644262235442522633364636362664662462665553365443416625654264526423524562616424226566366666552644236265124261455431121344431413233314351333624162331111415324243333132131344133324431133333332411411231236433313221524346534344531154131341113341132243446632514365632166462554634663655262323666465233146664234662662652322236646224652635456453651242632542246652622651431266445222644636645166263656564126555233563254166621326642266334232644425664241564324622234525616343251466346466662165332225644264356266666646526636256424262225642434211213332244214443445135115315422132242244442112414244411445454355222351222452451121513542162522314142153415424411142324125231111422452452123212333425135122552222422461452412544152424321131132121221513214424432235252441455334542111345511441453252435431213214143341111542142132444131125234552515222421153124242422442553244', '41315456442211415652565154545262264141552245425164625654125664522612615144646664164556622611521166216626261655216544644546444524445542125161641254562652622224661141552626462165444226246665455111154145555545244456254566564462621665616446166444224222565215551154554116456615624466512235266165145464262121256212565165264424226262644242111141216443615212152152122231353223353255421362112453532515135316355166656564524525152341653332351113652612313143165642255115121435662125346223332133151133562225245223515626552514331266312631211324115651516235533151153253116226231413113123312616152221452536522624256616525335511336335665313411113432415413613523145515254123562626113355655621551563223322551212213311133561132532313121263516256432555452525332164222521411651123515322331563522555164624666616525451254456626265546552126154251561125665516446262624261561512461644412255442126644566462265142121455162524121126644541445641612222641416665442525344254551545136535626555565252351155356111311331513315616155316653361556341126142512553615661511661356315516611253553361134555336135215565513361515661151161611223311312651136536131661255635161316551631321511165361435225161653256156533131315316161165515516133561121651621511563266645566665412331135515613555125165651616352513325161231161163311135553556353535365513515635651133651153141135356536166511311135111353155161511551311565161163216215535124636123266315616531615355153115616155356611231663635665551625561136221364155353563522556213553313263255232461545352132413255226235215632216652611631521311512153513116464253146322555213315214212633154245223223323622551215516563615553326513541625115311525116335151233354515234116213135433261626256255112361312311221515112352335261133114321151236612333165214525522121133551353555123352565255612612323353114562126435332613325236665155413542513224313356516512362514222332451555624515652121151133532642342551123113666256533261622141115551115654312661355216655635131553111551523353335262626613163312632616513656255533116111336135155515654155661411555655356611136365315312611136153311133136115165561552616652225644615115454551414645564246626141411645146615146556456254462615414161225222465262646556266235246516265451666244146415552562641464622212555264511454611522421622625244216']
feature_class = 'string_complex'
distribution_M = 6
distribution_derivatives = -417621.364969
distribution_N = 3
init_random = 42
data_type = ''
distribution_likelihood = -3169.36584824
distribution_best_path = -15742.4313486
