distribution_num_examples = 4;
seqlen = 60;
feature_obtain = 'Char';
distribution_best_path_state = 24;
distribution_accuracy = 1e-06;
feature_type = 'Word';
data_train = {'3112425332555454315332151555125565211456662152565533551514256116616533354361546314133256116636613454553513653155636416163336531351613514555135516363551165341561133226463161352116216532251353355665535266315616432562652552322661352512235225232334256352343662322255663555534532162534335122656253653633662421424162661443263653222564222251352622465412222322355226151352345252236222566624361642255546352122556633432354325321323516563535656344422465255224326665564526263216625223226415235252323616662363251353352232315522613164112353512113413133355122515245653655431552561551456534615512512536565532134555653563113653333251655616411653513456626614333515161316452146615616213133436245313161355661153156656531165312561461461354653612163546162654153541655656563151336632462655412335131351253634451533565651535536153513365555461332366516115114321561663333531432625561111542355551355251121115232256223523632652332532641636136226466525522555512633522656315561663531231531542624364365362152323612545252254646232222155456425223622336635634522533222352165224554635211514565555332153116435563155646511661551626446316556154611635511365333453511353656533321513523523335335331416612516553516653515626513256113164125231254163565142621336115144564635126231343213226423635255425515155253262263232555332234132336135315426225335631651332123323412112551261325221543253114515353223323625332252221211121522136533531515415532164553534565556533555315316321513132535561155345415515613316334411153154624466134563133256331516655613134526531135651153122361435666212623251351211555655453165216556361161651613634653122633535156326132223223246556256512342233132521624233525642613361232522325523655653262462536632256622352166555613553654324231565252232665624264425625332544526513642222255122121525551235212225163213632512622365233234555332243263515325265216632113233525335343331561623324221151353252141514423512513333331325621432451216313325553521512623626222135616241665163563235623263452534243232553544612332251513325266556536526422326624552524332535555623622264266163223122653526363644526233533542522255215523251', '116222161326153222222322243122246242322221222115631541216322661465133146222323162355443322264122222611161253236411124532221661142215346231221165332322241531226536436142316125262661242212124226313322622212113225421326261342221121225112363533211126316631313126342633333333636131226313613231132113326113436111213232314111326161115361313666113663225125222222122212421223222222532611122215142222152222362214533222226125222222212225125322352225222121122222311422111422212252222226222212562533224622542422222212123522212222222221225525222142322211561132222262621223221232521213522325221411222352215211521262132422222222222412162223262252221222252222133121331363112611316236336211333622351433232316612163266131342136316346121115661336631133612313113331311261135343613313633132331322332133631616163151333111332311363131156161211141313631211224132111262626266313356133163366632141215212212622321552212122242235266221222222252512242232221222215222232324532262143211621214253361222321322464112122322622321135232122316312366112422162243211162642255522614524232622161263', '233321363332155356313456131612146213311326266526132232313516163526333152215533143133162331336333363166162166133211212521351652131331466223166162613655132621116313563431136165622264333612311533561655566136256615121524222166216322221316112313615133361633331123166355312216336133513432136631654132313666311333311363112122311333332616332511541361333533521613264642264361415333265636135535344634513366165146654113364141215365624353346245216346211526661354621361333114536134665566125621331131123321142421614413336115333216132614515663326625635133525115116556233233613362311362322115613515361463216332366221453662364122136333213412331131531532651311263133353125366312312631166613526516211531651613132234561236333131316113366126612141361566212211132614133415466531233636364353343453116533166644166633163544565632316531356354112633166611365631441334652314652612524164155331132516233525531363131452113332423534526152616124422516361552153421251111322111625365334116635322633331265532315116633513316116233613633112353612316541611133326323245163131126661363341225232611236636361636311323333313561636522311263311163326566161613336354314323333613532326623263131241211365252325136316315663361235133211352632615162636521112633411656322363333615613121163513611213331135511613261324221334663536315614234321543654123515161222325632323563561336156136262122416331366236241455664654121666314555115163125156111466313355631336135341561333331154211254311546664451341425633363626623131434642161136341644122632142313334432511466363641262214432322415333413314124323416432223231125132516535313656133263123321464561334312416135253516616444616432325536513654426413214523321313326213163533163256166121263152314343662113536535623166531415353636126632341541661346452213435453411534613461332113351563622552624515336621141461114564166524616566411341151315463333223633315126264343163231133235366515', '4443446636336434166166643344366633633333346436315416344443364343466633663643443344346146411344463334635344415461364442634414631433636633443133333666446131666463646366444433314644146343433341365364444366464461464333433432334454654414463363414634413136464634344152553342354231143455251335156334555423253315413553531413233535552251633134633554665463555511554563444431464366356344366331333464314343663336443443463464634443641664444436454136643136643344463365243636644416361631314436431336326431244351366124534555625525625661351144262442435233265266525444364141525326414562322543322426254643525436351424655646361443432663211236326226222634414422456635336231566142534526361124535466433521546366155426531234435642323226324434454453614541232162422456642462626333412554255211313136656535644515262554446436612212462632363422232265646145222354562112553433666166243553353611255346455623432125523556555554331211435316521435435353314552544533332536534541515433331541354'};
feature_class = 'string_complex';
distribution_M = 6;
distribution_derivatives = -260298.03711;
distribution_N = 3;
init_random = 42;
data_type = '';
distribution_likelihood = -1975.84047814;
distribution_best_path = -8220.84537748;
