seqlen = 60
feature_obtain = 'Char'
distribution_best_path_state = 0
distribution_accuracy = 1e-08
feature_type = 'Word'
data_train = ['36213224522425342364242642416161251161135343634455525643334454665231632441632131323313331611341431235455423252222643232212611322111334513635442152663411125366442141335336444252623231345262413152264245524145641621343431141213232114642444441553122124524122526224144146211144511441254121144441156415261124664624412244414324221522216451242412544524464241224643456661434616666561416641666436642466424623434653466445633164464333334416431626666433334461416242162121433615225133246143543642362324542344633266152224516222341313166422333144441541131324121545643314163323414352442511262146411411635223366351365236462353333224544651344215353432612444242124532413632121512316255145322341225613624434344643616462666633564613433446614335612664665334643616446364433464642634454161666166322144444213235145113124312356414654164212633123221543413236334126232662545222334142521242463442126615421443364334416326142225354323141634512312361343635211233513126645434524432423221123516311456616146366463525121145323131532524214553344421541144264441211212414221262442444456414441252526212234154464612644254212215514444624212511411256231144125256442124121133122246424611243356242524462612231614256526445415262512311263316462625643213243236414221235142616315335541235562242312334361244414434535641423132331244253123123651432323462521122331233533141315364643454116445451161331444163325341422415125446424424415424241422412462114221134442546121251144444151141465625325144225464522242241444141516222416112612246111421433661414365441231443242242153112413335464361354336423144515216326425324253312242122232123135622166425522153643443461162315251212366651313451614244124434361434426315426424315152523513632342363341146635225343212121331261442624535324664361622363646362534461463346664663614336364361644444663626441653464631441436663446655143', '126232666663666635663636133216562225153626536411663661523353662633666364523525256356635623523226323663615356256635266512236536364133114451616126144242651626326441566642514641141664644654415221645166141116646161261631411616466444646264635141144446444644115266111424614151414442226644464635551633252132425322535415533133551343535515413543512652555524413535155663145431153655516455622323351323552345143116143542353242156151165111151153641555513266512162365633666255356136623261253626255653436266165226312636566566633436663665533662266256336632266612536335336322216365351451446152516236311351523533125565644431511355554533154535511543215343326255353526352322554451156115611542535634311553353552135522233111334553561425115552143263536413241653554365333151551335151255526546551551323543565111364542662534151123434515315421115235535121411525511231332551533533445132455653555325', '6425624641556121255224252351125553522552555435624421234423262534545224244552426245344622222362544336326241544455244223534415325536216552653232224542532252642265324611423665314516625333153314332525411144644533513544444211423353651631345342632535312111665531523541143334535314514134111446536343343322132441331356146144431445234311234555435431631123144411664324442666222432222625662266662666622666652666666662225622632546266562622246662662625222621655322422262246466224263643363114244232335113553321134524343441333224165611313424534143634311534514333214645524336154123161153453455361415246411423365323341525556443355636514344611453125344314136344641364211114541312351146442626622656662666215566622636666426426622626626222264252362562222626622664422656222626656326225636622266662244232231311565463253211135314436214146454453455343254145413321312334144125341544136531542513431346632244521344116334434113643555124434432112663454463616444151541115133136333343532641353124335516543311624222456245444552422424465446352255215552362332322644655523363222353522416224612164435652454251555444622422133242524252445362553122626252545254133135252542225556341326626652626262262622645662266665462234466342222622525256626226226266666666666266222656226522622636642266224513313322116431344424451653526151335513143245133642434416121443352464332334144154434143341244414213452636332344111536231325115531436145134552611465354555134515565433615613144266323346311334243344114316626664626256645224656662266224322666562226643663252626661222663225222622626662566666222264624622252626226266', '262625253422656515225162625664656165246156665155262155252662632662662424445622526615326652566322526666565265226566225166262525555225152655666262556421555122165225156131531133414523313111341322114614314122115113464144212424324242445142452242522344411444442111123241331214122242125455455424545512461255523434254211445452254435254224242453452145444535625445545441453125242554255525154415225462222141552244254544225244453644225442655222225115125531555245252642555255222566256666622421232525665261256666552555541232265262432662221546225512212556526166662666642566622565651666126465265625516525216526556612652166214244655522545123224555545232145424653652225325445522215442454442553245345452624454515512222444415222222125424462145255121221325444454454151254424524515522555444525452541422222422133235452651155454555422522553255644542245444421524225542452441212544542555443252455445125512244152464255554525122445414214544324151256525441241542625445224422553443214232112413244134322124141545413334132121122334263411434212415426131144424114231524151444542411413112124144444313264211532443444153115142242413414441252541126331212343112313423411421211113434541222242341112566652266262522616222242556265262552521265562252113664552626122161516452236542256666564535466166226552624256621252225665516265555656656521552526621556155662665526463354153523421424455524325224245424255125451355221452141452445444543252255454525423521522454544412142552252152246422551625141546454451542245624542524524542452242241465255524111323231134422322342342542534134541243141314411241621214423423423142436221115441141143214511111444454121625552655621646125526515566455552264521326552455325656622552165625566216666625222462222666246525526215623665122262622656626662665112215264246516555565262256522366651']
feature_class = 'string_complex'
distribution_M = 6
distribution_derivatives = 3.45427515621e+295
distribution_N = 3
init_random = 42
data_type = ''
distribution_likelihood = -2301.65494243
distribution_best_path = -10018.2326076
