distribution_num_examples = 4
seqlen = 60
feature_obtain = 'Char'
distribution_best_path_state = 0
distribution_accuracy = 1e-06
feature_type = 'Word'
data_train = {'546166161666311663466142432636462616316263366131136661315613333116616423263142641363124336164661126464622126631242324432244326361163652221331636132446262113443332642566115344261353364316634112366622222223242433421152323664651416615431141131511141452165151656255161553146111665653656641164156442465415436445231544215512451516431545144125666611522664431543415133541365316616531255565414241633524115345222151223136222114616623421334442436364136236223465632621631424236633341253432114322243332341242616326525636642336511112463434442214322242426433342366135662641241365162343332462632244563621311261663452312262322633221332646335263134243634461622113232331466521452331424623221224366642223132631633322411266435665232664242326144321312312321642623661324361113346641662621162312616364461646646346111666362663636516631461641331261241336361356116663', '311413134313332153431442231113321111442134431122121212213411331544463411113314221115421411113141211111551651343111423216126362123623632326611561212352631522122515223611213511536655665121652222313262326623246156652626633261122255125561265625151132222123315613136232631263332131111344343223111334531114216443121346121113131333111121411354421451111114211122142311214313231412114155513413434231231225236162322231326642356633612226122126625155162116215333552521325631156325153222652366311666633231561536651132263622211222525112622211523612212512366663561335263136631212665335223611253213236343612665121632236121123262665351511212125521132251323552222612312616256261512623631362255262222561662632236225261611536252542562155514223253256264426423435411266254623445532232132324222422264125263342325365234523463264622222253352225252565462664152225113532665563213321612222325332462256651636165661252635656255223611232326315136222322131611362513326221635126633236232261116236115122552212662121252321126516', '455653361455621346516116666431155655133666446464155531626521511416255151154614664515545215455541615452135656245116334541514636555144554452563155641565614111543136346151311146511115161126261244461161355446616516545155153411441464341616114556555364513465621414652216513166666241152545162361211515135352436154461444515165615466551155613461151155216511155564165552565143154216464664435311534536432243525524424521442234423542452421236443654243224424342442342252334452643454524343654423352444453123424231432332244433443414231344624342232225444343344354221453344222352423422242444344224424636534321344543434335225523663243442243363244145414452445332122422454452424414442343564616645315565362231145561656611254561313135666365446651164411551164656325655111364526266115445144661651454561555613643546515113525113351114411356614611151412511545536152514442444525145556455411334222215535211235142143215363153316212345551212552326223521352345525466225213331612432155531525352636513222423564311345315122211523162163666624343122541545461455132514551255466113311516455364463425551644455462646166155161152111554114511146615155616334315514451151552156541134154565564351413126663556655661156114641631645114256565161151115565355644652521354452651154126441515564641511656615455511241525153613635563651566452541635461455551414166666353656646114112421524566155413643145545356333114454665312111411446166551111416223565113552136252322224314123565136253241513522563244255412551611135232352352125455614351551123513526122212253333232311222313413463265', '15524152522551613264553115615254222326536455215224165364552464355514156525462412115552435212535544563654455245532523353444222221434566221524262465232366215456464625644446163533233333211433661134341641326353611331334611133516131633316363345533633525155315636351651556613636341415256543136531211123313563113151366526633634415536313113154511163463531235413624336131611336516546533334326513153643152352215333166635366335625333316131513356333356152116551135635441343336343631161316134313565123331551331513121313163551263313515113113633356313516233331156113113515333313353315333133311111313351331133334543333636155133655411265364253356153611214334325115313143542313311616356351663513145253313216611411113363653316346663551553313333662361536333636111343664563423622544326232655454116523615325455634522526634422215412465511555463243144412221556526326351165556452241516425445524346452252435155265555556264212134525124553612242'}
feature_class = 'string_complex'
distribution_M = 6
distribution_derivatives = -244209.624758
distribution_N = 3
init_random = 42
data_type = ''
distribution_likelihood = -1855.11528329
distribution_best_path = -9117.25738695
data_test = {'112251122555261152224121444526656512252645316452432444216444552151155215126561515125664621212421254211515424615322262516556121661541465556233232441213324213524532565243351344243446625653136334634411322324464333633335622212465325412323553444244344333446454133244363323442414265415445444454454444545554445545455554655444425455454255454555515534444543544542445444255545545454444445544444555514254545556455445555555455543554544445545545542234444544254444445455444455455545445554534555455245544445654445555525445454445414242445454554443454444555544545454445455445454555445455555455544455454452545655454344244415442455525444434545544455554444454444455554244544524444544555545144535524245545545454555454445444545455354445545544444554555564454454'}
gap = 0
name = 'HMM'
distribution_pseudo = 1e-10
reverse = 'False'
alphabet = 'CUBE'
order = 1
data_class = 'cube'
