seqlen = 60
feature_obtain = 'Char'
distribution_best_path_state = 12
distribution_accuracy = 1e-08
feature_type = 'Word'
data_train = ['653343454435133654364121335333361444655434334323463253363366626335253422462324364323365333632326426243643532636123464666255555261655635545455516166645666351513561556152665556635223666226562361555265616255561552566551535542312416311634631433646566256633233333111131162124351423353664632111623661543651331536336651231413341362126516616634361652313346163613441322416116311346451516415165566656655266366622252552325351666625261655665556556652655155521566555555414665516653353436151616453216314144643635216263113163411532616533351111331363163636311454641564333162665323136313413211362636624615216156614314335534661332332162313261264416461355636334562336362344346446132355625435325624322341623524433664334352363423342343366456244543333433633231311333236656', '4263665565624253254652245325644261243246546466624361645645663466435322466443643443254664256536561242464544645414254326542614562352434623226664255426624624426412461133136153551233153631345353346114433664551344633431146163616564131244113141346346124133513152213141356165314366134136144243443313311263113464311361344464366663343433611116113513611426331646311136625463131663315134534116463521416163323153634331612646466145314135433566531341546136631314433414133131463124114333243311454353161364533544164143661443341131266341213311164443642436316664323633313364344113431114233363361352116236335316446644131431143143521164611146513151141141464321356352143463313453151461636363511113431114431311131626665565314433163534316635555111616166355341134513456356653315635153511163111633331663113664331113343111361634363363166433146656424314336151363416614651453133651613533164265342511622443331141343331366234461631161341136616351361143154421341113466346313313146164335611632646443156661414513163431423141144445311431135644133366651313533626455131133433326252662642456344533526652542224226433346446643224264544662541663424536544244552136226263663654243454466442514462666464666613654322444656446415255565655324141516654556316663653633362115161635636316343154616356115463353154411536361331564516616666133313136116313113331164513533333345311145311144466', '2555245114311515355452154111522245124263311124225212322221155351342255122145543215535212252265521221212551154112326525121214414113255142532421251121651225161225321621651515255251214523241115552241225231221252115433425514132152243622223352222352221452221115221115632565615255215215431126152511652545114252144141423415161112135525212551212511152152255512552214221616511216224622452553551456312124553515255312131252114461312525124125211121242335252554223225112251415254341121323112252145223556154211425112213243326245536665332323433634665252666223523332243334364664442352634566456534565535664535544245355445144244465463645326235355653565466352666562633326641212565433655352332436355314536255551251251253254151241263411252133125121555322546151212612352252152112221252225415241424163112126351155561515552141551562535151521141432235222415151252212225121441434232252161614663463624361166411163661341165646411613211416141616646664111363664664631433164461164346166316341241116416116131366441', '64234131622422444411221243664426424422264442246224334222246423446246622264432245443123631442136144466434261262646436266224245661645351155442222433425422126454222441345314162162535255524445164623212164645443621621244142611632444124641662116234623141221524562412112442452163242221444211146526524116653455124662211616424421612212346461342454444223412462244444322634224242324243446444612613462442464632232323424226622446464236221246421223424243264621234432413432644421624422214452236464161224644442342624626463134246241442346433453144345535243362454323646434554464545323343255234444222334344415355333344523454545246643543416554124355554334331155235244232344356634234356344532334454455546454434344364336434434444425433542232114664444364223622414634444342422441142224232444462634442144623524126221412322263422336266143246224244626642665644464413432244264522536641244233114223516144114623642554211226644125266526222251515441243624263421242141152224442122642464455562365141345224166562164411151563262614411262515324225114414646232422463623234612232624315432222162424432444242666463644242244662322424446612321646244221121434442444624414314']
feature_class = 'string_complex'
distribution_M = 6
distribution_derivatives = -92324.1985198
distribution_N = 3
data_type = ''
distribution_likelihood = -1545.65205921
distribution_best_path = -7367.74948574
