name = 'AUC'
subkernel0_name = 'Gaussian'
feature_type = 'Word'
data_type = 'ushort'
km_train = [-0.0880366668, -0.293813739, 0.0630757655, -0.357628036, 0.264543464, 0.357628036, -0.16589994, 0.425615631, 0.263896342, 0.263896342, 0.0106068567;-0.293813739, -0.0552043588, -0.152858068, -0.400456447, -0.143275222, 0.400456447, 0.480936292, -0.124307878, -0.30911088, -0.30911088, 0.41563263;0.0630757655, -0.152858068, 0.127125793, -0.301058754, 0.1301828, 0.301058754, -0.145796977, 0.347728586, 0.236216971, 0.236216971, 0.13681042;-0.357628036, -0.400456447, -0.301058754, 0.115940728, -0.563008681, -0.115940728, 0.438839952, -0.145623892, -0.224453633, -0.224453633, 0.269002105;0.264543464, -0.143275222, 0.1301828, -0.563008681, -0.110442851, -0.0450915366, 0.301748166, -0.0588690118, -0.370483827, -0.370483827, 0.0885058151;0.357628036, 0.400456447, 0.301058754, -0.115940728, -0.0450915366, 0.115940728, -0.438839952, 0.145623892, 0.224453633, 0.224453633, -0.269002105;-0.16589994, 0.480936292, -0.145796977, 0.438839952, 0.301748166, -0.438839952, -0.241531571, -0.0179698805, 0.138573315, 0.138573315, -0.0501299522;0.425615631, -0.124307878, 0.347728586, -0.145623892, -0.0588690118, 0.145623892, -0.0179698805, 0.341115405, 0.2936735, 0.2936735, -0.0151702207;0.263896342, -0.30911088, 0.236216971, -0.224453633, -0.370483827, 0.224453633, 0.138573315, 0.2936735, 0.289367041, 0.289367041, -0.190356503;0.263896342, -0.30911088, 0.236216971, -0.224453633, -0.370483827, 0.224453633, 0.138573315, 0.2936735, 0.289367041, 0.289367041, -0.190356503;0.0106068567, 0.41563263, 0.13681042, 0.269002105, 0.0885058151, -0.269002105, -0.0501299522, -0.0151702207, -0.190356503, -0.190356503, 0.0489827196]
data_train = ['0', '4', '1', '4', '7', '10', '8', '1', '2', '2', '0';'7', '5', '7', '10', '8', '4', '2', '4', '4', '4', '2']
feature_class = 'simple'
subkernel0_kparam0_size = '10'
subkernel0_feature_type = 'Real'
subkernel0_accuracy = 1e-06
subkernel0_kparam1_width = 1.5
km_test = [0, -0.355952732, -0.0098922759, 0.0811140243, 0.068726126, 0.068726126, 0.0158385917, 0.0828049319, -0.307522223, -0.0670352185, -0.204847836, 0, 0, -0.299966624, 0.267916065, 0.185537295, 0.151112432;0, -0.123817359, 0.134499965, 0.146127719, -0.026654169, -0.026654169, 0.255279057, 0.0823820122, -0.182453634, -0.0370915374, -0.0629690263, 0, 0, -0.114601761, 0.201788919, 0.114286418, -0.230829629;0, -0.167517372, -0.0232810488, -0.0236974173, 0.108069709, 0.108069709, -0.0712708785, 0.0556567013, -0.409549579, -0.0287155905, 0.207406289, 0, 0, -0.225221878, 0.319941969, 0.0530880167, -0.025298804;0, 0.249525897, 0.373179465, -0.0266473168, -0.35475479, -0.35475479, 0.0721721348, -0.196340864, 0.25491017, 0.185061243, 0.308368356, 0, 0, 0.0966739253, 0.143644937, -0.269952312, -0.190172364;0, -0.287573901, 0.186861626, 0.192109005, -0.0132213504, -0.0132213504, 0.0871169088, 0.104188407, 0.347467024, -0.0746992478, -0.268158463, 0, 0, 0.441770582, 0.184774401, 0.152137612, 0.223109;0, -0.249525897, -0.373179465, 0.0266473168, 0.35475479, 0.35475479, -0.0721721348, 0.196340864, -0.25491017, -0.185061243, -0.308368356, 0, 0, -0.0966739253, -0.143644937, 0.269952312, 0.190172364;0, 0.10523258, -0.00909747295, -0.123162933, 0.0594923495, 0.0594923495, -0.00797283934, -0.120226267, -0.0900156003, -0.0565556839, 0.15534593, 0, 0, -0.316624608, -0.0271634259, -0.0177844262, -0.106413243;0, 0.0455557367, -0.107826707, -0.128134872, 0.147244054, 0.147244054, -0.184607869, -0.0326015208, -0.0129792987, -0.051710703, 0.300417087, 0, 0, -0.0743052136, 0.156483432, 0.0488661361, 0.062612126;0, 0.39541443, -0.262309812, -0.173383527, -0.00709665382, -0.00709665382, -0.19248106, -0.0722203618, 0.139118857, 0.108259819, 0.205823331, 0, 0, 0.0257706914, -0.321069512, -0.138575066, -0.0287848268;0, 0.39541443, -0.262309812, -0.173383527, -0.00709665382, -0.00709665382, -0.19248106, -0.0722203618, 0.139118857, 0.108259819, 0.205823331, 0, 0, 0.0257706914, -0.321069512, -0.138575066, -0.0287848268;0, -0.538294053, 0.167871878, 0.150060097, 0.114997125, 0.114997125, 0.0949826611, 0.0667670716, -0.0500707996, -0.19829015, -0.317660369, 0, 0, -0.174820651, 0.42552704, 0.319890481, 0.267808189]
data_test = ['13', '3', '12', '9', '7', '7', '6', '7', '13', '5', '0', '14', '0', '16', '0', '14', '1';'13', '7', '7', '6', '5', '5', '2', '6', '7', '9', '14', '14', '0', '6', '3', '5', '0']
subkernel0_feature_class = 'simple'
subkernel0_data_train = [0.389201679, 0.0108376515, 0.905381976, 0.0912866768, 0.319313638, 0.950061967, 0.950607147, 0.573437888, 0.631837212, 0.448445522, 0.293210772;0.328664545, 0.672518456, 0.752374529, 0.791579044, 0.789618143, 0.091206103, 0.494420305, 0.05755876, 0.549528882, 0.441530501, 0.887704183;0.350915013, 0.117067016, 0.142991682, 0.761510632, 0.618218063, 0.101122676, 0.0841068061, 0.700969131, 0.0727630064, 0.821860059, 0.706242227;0.0813487806, 0.0848377141, 0.986639579, 0.374270796, 0.370642147, 0.812799567, 0.947248577, 0.986001064, 0.753378185, 0.376259586, 0.0835007167;0.777146916, 0.55840425, 0.424222009, 0.906354385, 0.111197482, 0.492625104, 0.0113536448, 0.468660642, 0.0563032757, 0.118817916, 0.117526247;0.649210302, 0.746044879, 0.583368765, 0.962172548, 0.37487058, 0.285712086, 0.868599128, 0.223595839, 0.963222539, 0.0121544747, 0.969878827;0.043159912, 0.891143114, 0.527701109, 0.992964796, 0.0737965647, 0.553854284, 0.969302536, 0.523097844, 0.629398638, 0.695748689, 0.454541065;0.62755808, 0.584314312, 0.90115801, 0.0454463803, 0.28096319, 0.950411484, 0.890263784, 0.455656753, 0.620132598, 0.277381183, 0.18812116;0.463698405, 0.353352228, 0.583656112, 0.077734637, 0.974394808, 0.986210744, 0.698161714, 0.536096366, 0.309527616, 0.81379502, 0.684731173;0.162616939, 0.910927184, 0.822537243, 0.949799913, 0.725719508, 0.613415196, 0.418243036, 0.932728483, 0.86606389, 0.0452186701, 0.0263669745;0.376463367, 0.810553331, 0.987276129, 0.150416891, 0.594130715, 0.380890857, 0.969914398, 0.842118923, 0.838328705, 0.46869316, 0.414819502]
subkernel0_data_type = 'double'
accuracy = 1e-08
