name = 'CommUlongString'
reverse = 'False'
feature_type = 'Ulong'
data_type = ''
km_train = [1, 0, 0.0322748612, 0.05, 0.0169515876, 0.0333333333, 0.0508547628, 0.0169515876, 0, 0, 0.0508547628;0, 1, 0.177511737, 0.0333333333, 0.0339031752, 0, 0.0169515876, 0, 0, 0.0339031752, 0;0.0322748612, 0.177511737, 1, 0.0322748612, 0.0164133041, 0.0645497224, 0.0328266082, 0.0164133041, 0, 0.0164133041, 0;0.05, 0.0333333333, 0.0322748612, 1, 0, 0.0666666667, 0.0508547628, 0.0169515876, 0, 0, 0.0169515876;0.0169515876, 0.0339031752, 0.0164133041, 0, 1, 0, 0.0172413793, 0.0172413793, 0.0172413793, 0.0344827586, 0.0172413793;0.0333333333, 0, 0.0645497224, 0.0666666667, 0, 1, 0.0339031752, 0.0169515876, 0, 0, 0.0169515876;0.0508547628, 0.0169515876, 0.0328266082, 0.0508547628, 0.0172413793, 0.0339031752, 1, 0.0172413793, 0, 0, 0;0.0169515876, 0, 0.0164133041, 0.0169515876, 0.0172413793, 0.0169515876, 0.0172413793, 1, 0.103448276, 0, 0.0172413793;0, 0, 0, 0, 0.0172413793, 0, 0, 0.103448276, 1, 0, 0.0172413793;0, 0.0339031752, 0.0164133041, 0, 0.0344827586, 0, 0, 0, 0, 1, 0;0.0508547628, 0, 0, 0.0169515876, 0.0172413793, 0.0169515876, 0, 0.0172413793, 0.0172413793, 0, 1]
data_train = ['TAACAGAATGATCTTGTAGTCCGCCACAGGCTGACTCTTCACTTCGCTTGTGCCCGGGGT', 'ATGTAAGGTCTAAGGACCATTTTCCAGTGATTTACCCGCGGACACGTTCTATATCCCGCC', 'ACATCCAATTGAGAACCTCAACGCTGTTTCCAGTTTCGCTCTCCTTTTTAAAGAGCTTGG', 'GAAAACCTGTAGTTATGGTGGAGCCCAAATTGTCCCACGAGTAGATTACAATGCGACATA', 'AGACTCGTACTAAGCTCAAGGGACCAATGAGGAGTATTCACCTGAGAAGGAATTTGTGGG', 'CCAAACTCCTGCTTGCAGTGCGCAGCTCCTGGGATGAGGCATGAGCTGTTACGGGGACGG', 'TCTCTCTGACCCATGTGGGTAAGATGGACTCGAGCGCTTGTGGGCCGAGGTATCAAACCG', 'ACTGGAAACATCTAGGTTCGCGAGCTGCCGCAATGAAGAAGCTTCCTCTGCGATGTGTTG', 'GTGGAATCACCCGGTCGTATTCGCAGGCCTCGTGGGAGATGGACGAAGATCGACGGAAAC', 'GGATTTACAGATGCGACAAGATCATTGCCGTGAGCCGAAAGCAGACATTAGTCAGACTCT', 'CTAAGAATACTGCACTTAGCCTACAACACGTCGAAAGACAACCTCTCTGCTTCCTTAAAT']
feature_class = 'string_complex'
seqlen = 60
data_test = ['GAAGGACACCACTGGTGGATCAGGCTCAACGAGTATTCTATCTGACCCTATGTTGTGGCT', 'CGTGCTCCGTTTTTTACGGACCGTTTTCCCGAGGCTGACGCAGTCTTAGCCGGATTTCTC']
gap = 0
feature_obtain = 'Char'
kparam1_normalization = 2
kparam0_use_sign = 'False'
km_test = [0.0339031752, 0;0, 0.16735967;0.0328266082, 0.147313913;0.0508547628, 0;0.0344827586, 0.0618984461;0.0339031752, 0.030429031;0.0689655172, 0;0.0517241379, 0;0.0344827586, 0.0154746115;0.0172413793, 0.0928476691;0.0172413793, 0.0154746115]
alphabet = 'DNA'
accuracy = 1e-09
order = 3
data_class = 'dna'
