name = 'CommWordString'
data_type = ''
km_train = [1, 0.505181486, 0.520755644, 0.406338191, 0.44712908, 0.520097037, 0.602040816, 0.604297822, 0.419981952, 0.464960396, 0.548991317;0.505181486, 1, 0.507361069, 0.484237355, 0.530330086, 0.340593288, 0.515491312, 0.442129759, 0.472554009, 0.479174343, 0.369786998;0.520755644, 0.507361069, 1, 0.455760105, 0.513777537, 0.526640075, 0.464960396, 0.569700132, 0.330547275, 0.398305085, 0.53541741;0.406338191, 0.484237355, 0.455760105, 1, 0.506167634, 0.472042355, 0.56262211, 0.553191489, 0.487300735, 0.550710127, 0.521213433;0.44712908, 0.530330086, 0.513777537, 0.506167634, 1, 0.495433694, 0.622092633, 0.51609249, 0.591006786, 0.487202836, 0.477084298;0.520097037, 0.340593288, 0.526640075, 0.472042355, 0.495433694, 1, 0.520097037, 0.61955559, 0.414431233, 0.412534726, 0.454545455;0.602040816, 0.515491312, 0.464960396, 0.56262211, 0.622092633, 0.520097037, 1, 0.625135678, 0.59179275, 0.474259604, 0.394888491;0.604297822, 0.442129759, 0.569700132, 0.553191489, 0.51609249, 0.61955559, 0.625135678, 1, 0.497046749, 0.503235116, 0.609721375;0.419981952, 0.472554009, 0.330547275, 0.487300735, 0.591006786, 0.414431233, 0.59179275, 0.497046749, 1, 0.495820913, 0.378393734;0.464960396, 0.479174343, 0.398305085, 0.550710127, 0.487202836, 0.412534726, 0.474259604, 0.503235116, 0.495820913, 1, 0.491530737;0.548991317, 0.369786998, 0.53541741, 0.521213433, 0.477084298, 0.454545455, 0.394888491, 0.609721375, 0.378393734, 0.491530737, 1]
seqlen = 60
data_test = ['GAAGGACACCACTGGTGGATCAGGCTCAACGAGTATTCTATCTGACCCTATGTTGTGGCT', 'CGTGCTCCGTTTTTTACGGACCGTTTTCCCGAGGCTGACGCAGTCTTAGCCGGATTTCTC']
gap = 0
feature_obtain = 'Char'
feature_type = 'Word'
reverse = 'False'
data_train = ['TAACAGAATGATCTTGTAGTCCGCCACAGGCTGACTCTTCACTTCGCTTGTGCCCGGGGT', 'ATGTAAGGTCTAAGGACCATTTTCCAGTGATTTACCCGCGGACACGTTCTATATCCCGCC', 'ACATCCAATTGAGAACCTCAACGCTGTTTCCAGTTTCGCTCTCCTTTTTAAAGAGCTTGG', 'GAAAACCTGTAGTTATGGTGGAGCCCAAATTGTCCCACGAGTAGATTACAATGCGACATA', 'AGACTCGTACTAAGCTCAAGGGACCAATGAGGAGTATTCACCTGAGAAGGAATTTGTGGG', 'CCAAACTCCTGCTTGCAGTGCGCAGCTCCTGGGATGAGGCATGAGCTGTTACGGGGACGG', 'TCTCTCTGACCCATGTGGGTAAGATGGACTCGAGCGCTTGTGGGCCGAGGTATCAAACCG', 'ACTGGAAACATCTAGGTTCGCGAGCTGCCGCAATGAAGAAGCTTCCTCTGCGATGTGTTG', 'GTGGAATCACCCGGTCGTATTCGCAGGCCTCGTGGGAGATGGACGAAGATCGACGGAAAC', 'GGATTTACAGATGCGACAAGATCATTGCCGTGAGCCGAAAGCAGACATTAGTCAGACTCT', 'CTAAGAATACTGCACTTAGCCTACAACACGTCGAAAGACAACCTCTCTGCTTCCTTAAAT']
feature_class = 'string_complex'
kparam1_normalization = 2
kparam0_use_sign = 'False'
km_test = [0.530612245, 0.42686736;0.597969922, 0.67281392;0.446361981, 0.622422044;0.552203182, 0.305098519;0.660973423, 0.365962527;0.491202757, 0.459319089;0.714285714, 0.392717972;0.573041038, 0.400986625;0.601337794, 0.40728381;0.399865941, 0.459036258;0.414151344, 0.330387415]
alphabet = 'DNA'
accuracy = 1e-09
order = 3
data_class = 'dna'
