name = 'Distance'
feature_type = 'Real'
data_type = 'double'
km_train = [1, 0.0754444078, 0.0695967216, 0.0331772141, 0.0391436148, 0.0814477348, 0.0595483967, 0.0459547667, 0.0453084205, 0.0439213695, 0.0289384996;0.0754444078, 1, 0.0467586382, 0.0750632417, 0.048730694, 0.050853431, 0.0332799493, 0.105010102, 0.105164215, 0.0949872431, 0.0404064311;0.0695967216, 0.0467586382, 1, 0.0702289502, 0.0540945439, 0.13961486, 0.0604064597, 0.0329291439, 0.131606103, 0.0423036307, 0.0336579227;0.0331772141, 0.0750632417, 0.0702289502, 1, 0.156457, 0.0729379677, 0.0646775577, 0.0706789943, 0.182077787, 0.10115404, 0.048707985;0.0391436148, 0.048730694, 0.0540945439, 0.156457, 1, 0.126857058, 0.0626472948, 0.115651622, 0.151305456, 0.181854208, 0.0788807535;0.0814477348, 0.050853431, 0.13961486, 0.0729379677, 0.126857058, 1, 0.0816444568, 0.0496742105, 0.262151076, 0.0493505179, 0.0405265379;0.0595483967, 0.0332799493, 0.0604064597, 0.0646775577, 0.0626472948, 0.0816444568, 1, 0.0340961787, 0.110885527, 0.0614778409, 0.0285056605;0.0459547667, 0.105010102, 0.0329291439, 0.0706789943, 0.115651622, 0.0496742105, 0.0340961787, 1, 0.135007744, 0.146044837, 0.0438436923;0.0453084205, 0.105164215, 0.131606103, 0.182077787, 0.151305456, 0.262151076, 0.110885527, 0.135007744, 1, 0.14416125, 0.0541608733;0.0439213695, 0.0949872431, 0.0423036307, 0.10115404, 0.181854208, 0.0493505179, 0.0614778409, 0.146044837, 0.14416125, 1, 0.0485554481;0.0289384996, 0.0404064311, 0.0336579227, 0.048707985, 0.0788807535, 0.0405265379, 0.0285056605, 0.0438436923, 0.0541608733, 0.0485554481, 1]
data_train = [0.374540119, 0.950714306, 0.731993942, 0.598658484, 0.15601864, 0.15599452, 0.0580836122, 0.866176146, 0.601115012, 0.708072578, 0.0205844943;0.969909852, 0.832442641, 0.212339111, 0.181824967, 0.18340451, 0.304242243, 0.524756432, 0.431945019, 0.29122914, 0.611852895, 0.139493861;0.292144649, 0.366361843, 0.456069984, 0.785175961, 0.199673782, 0.514234438, 0.592414569, 0.0464504127, 0.607544852, 0.170524124, 0.065051593;0.948885537, 0.965632033, 0.808397348, 0.304613769, 0.097672114, 0.684233027, 0.440152494, 0.122038235, 0.49517691, 0.0343885211, 0.909320402;0.258779982, 0.662522284, 0.311711076, 0.520068021, 0.546710279, 0.184854456, 0.969584628, 0.775132823, 0.939498942, 0.89482735, 0.597899979;0.921874235, 0.0884925021, 0.195982862, 0.0452272889, 0.325330331, 0.38867729, 0.271349032, 0.828737509, 0.356753327, 0.28093451, 0.542696083;0.140924225, 0.802196981, 0.0745506437, 0.986886937, 0.772244769, 0.198715682, 0.00552211712, 0.815461428, 0.706857344, 0.729007168, 0.771270347;0.0740446517, 0.358465729, 0.11586906, 0.863103426, 0.623298127, 0.330898025, 0.0635583503, 0.310982322, 0.325183322, 0.729606178, 0.637557471;0.887212743, 0.472214925, 0.119594246, 0.713244787, 0.760785049, 0.561277198, 0.77096718, 0.493795596, 0.522732829, 0.427541018, 0.0254191267;0.107891427, 0.0314291857, 0.636410411, 0.314355981, 0.508570691, 0.907566474, 0.249292229, 0.410382923, 0.755551139, 0.228798165, 0.0769799098;0.289751453, 0.161221287, 0.929697652, 0.80812038, 0.633403757, 0.87146059, 0.803672077, 0.186570059, 0.892558998, 0.539342242, 0.807440155]
feature_class = 'simple'
data_test = [0.8960913, 0.318003475, 0.110051925, 0.227935163, 0.427107789, 0.818014766, 0.860730583, 0.00695213053, 0.510747303, 0.417411003, 0.22210781, 0.119865367, 0.337615171, 0.942909704, 0.323202932, 0.518790622, 0.703018959;0.363629602, 0.971782083, 0.962447295, 0.251782296, 0.497248506, 0.30087831, 0.284840494, 0.0368869474, 0.609564334, 0.502679023, 0.0514787512, 0.278646464, 0.908265886, 0.239561891, 0.144894872, 0.48945276, 0.985650454;0.242055272, 0.672135547, 0.761619615, 0.237637544, 0.728216349, 0.367783133, 0.632305831, 0.633529711, 0.535774684, 0.0902897701, 0.835302496, 0.320780065, 0.18651851, 0.0407751416, 0.590892943, 0.677564362, 0.0165878289;0.512093058, 0.226495775, 0.64517279, 0.174366429, 0.690937738, 0.386735346, 0.936729989, 0.137520944, 0.341066351, 0.113473521, 0.924693618, 0.877339353, 0.257941628, 0.659984046, 0.8172222, 0.555200812, 0.529650578;0.241852291, 0.0931027678, 0.897215758, 0.900418057, 0.633101457, 0.339029791, 0.349209575, 0.725955679, 0.89711026, 0.887086424, 0.779875546, 0.642031646, 0.084139965, 0.161628714, 0.898554189, 0.60642906, 0.00919705162;0.101471543, 0.663501769, 0.00506158385, 0.160808051, 0.548733789, 0.691895198, 0.65196126, 0.224269309, 0.712179221, 0.237249087, 0.325399698, 0.746491405, 0.649632899, 0.84922341, 0.657612892, 0.568308603, 0.0936747678;0.367715803, 0.265202368, 0.243989643, 0.973010555, 0.393097725, 0.892046555, 0.631138626, 0.794811304, 0.502637093, 0.576903885, 0.492517694, 0.195242988, 0.722452115, 0.280772362, 0.0243159664, 0.645472296, 0.177110679;0.940458584, 0.953928577, 0.91486439, 0.3701587, 0.0154566165, 0.928318563, 0.428184148, 0.966654819, 0.963619977, 0.853009455, 0.294448892, 0.385097729, 0.851136672, 0.316922005, 0.169492747, 0.556801262, 0.936154774;0.696029797, 0.57006117, 0.0971764938, 0.615007227, 0.99005385, 0.140084015, 0.518329652, 0.877373072, 0.740768618, 0.697015741, 0.702484084, 0.359491151, 0.293591844, 0.809361155, 0.810113395, 0.867072319, 0.913240553;0.511342399, 0.501516295, 0.798295179, 0.649963931, 0.701966877, 0.795792669, 0.890005342, 0.337995157, 0.375582953, 0.0939819398, 0.578280141, 0.0359422738, 0.465598018, 0.542644635, 0.286541252, 0.590833261, 0.0305002499;0.0373481887, 0.822600561, 0.360190641, 0.127060513, 0.52224326, 0.769993553, 0.215821027, 0.622890476, 0.085347465, 0.0516817212, 0.531354632, 0.540635122, 0.637429901, 0.726091334, 0.975852079, 0.516300348, 0.322956473]
kparam1_distance = 'CanberraMetric'
km_test = [0.0547914433, 0.0830761398, 0.0389364613, 0.0375303753, 0.10402451, 0.0460765629, 0.086205689, 0.0214413595, 0.0735805245, 0.0481053373, 0.0567182262, 0.110157923, 0.0677887183, 0.077917786, 0.0904682524, 0.0855587383, 0.0583257717;0.0959162288, 0.0368051413, 0.0419397666, 0.108984635, 0.0550323765, 0.0635034668, 0.150180396, 0.0375237266, 0.0889885866, 0.0747223206, 0.0694151463, 0.121743637, 0.049187212, 0.0443368138, 0.0391363025, 0.0985650599, 0.0849371399;0.0700182958, 0.051249916, 0.0486533126, 0.053437636, 0.0775618988, 0.152547362, 0.104858315, 0.031059305, 0.0384451386, 0.0211594406, 0.0758695154, 0.065168245, 0.042408716, 0.0920563893, 0.121871031, 0.0804804828, 0.0225254806;0.11171789, 0.109474317, 0.0521425033, 0.106780849, 0.0866988302, 0.153428672, 0.103521268, 0.136342378, 0.142829822, 0.0693066431, 0.104231359, 0.0484210331, 0.0882929469, 0.0726516563, 0.0964647734, 0.18463065, 0.0411866393;0.0838886433, 0.0954765516, 0.0425791728, 0.221861702, 0.0825419706, 0.1144379, 0.0931149789, 0.160882579, 0.0923908838, 0.116927779, 0.160840553, 0.0961882223, 0.146890464, 0.0862617795, 0.0767695157, 0.176407709, 0.0217478956;0.0897765757, 0.166771231, 0.0795540209, 0.0956013429, 0.127941505, 0.124488585, 0.187321458, 0.0452287377, 0.0721328641, 0.0339180898, 0.167521127, 0.185928021, 0.084003184, 0.185767382, 0.117517023, 0.152435929, 0.0308293572;0.0337287786, 0.054402613, 0.0410883927, 0.0504131191, 0.0921257179, 0.0404780971, 0.0392363721, 0.0646433723, 0.074307977, 0.0407970695, 0.0750806047, 0.0552772428, 0.034584305, 0.0364344591, 0.144125193, 0.0917263824, 0.0187099132;0.0696408715, 0.0617642371, 0.0272532415, 0.157134767, 0.0660811107, 0.0942376043, 0.162318515, 0.0594637722, 0.147247006, 0.134887692, 0.0676734156, 0.058532834, 0.0913378779, 0.150602286, 0.050576715, 0.130924839, 0.0303927955;0.0974337942, 0.11876398, 0.0681494631, 0.17433346, 0.182181892, 0.216519591, 0.281072761, 0.0916317661, 0.167701475, 0.0748733118, 0.22700616, 0.106362954, 0.100265784, 0.137204382, 0.154683466, 0.341124283, 0.0308480575;0.0747201987, 0.0717108543, 0.0405973248, 0.107727166, 0.0688152371, 0.0982061528, 0.0820678397, 0.0922707204, 0.128133851, 0.174881008, 0.075119616, 0.065436719, 0.145694156, 0.053031042, 0.0488395195, 0.145638073, 0.0386858832;0.0219662663, 0.0256483585, 0.0273819592, 0.0305126611, 0.0345580013, 0.0662005586, 0.049787801, 0.0509241039, 0.0303762703, 0.0470537996, 0.0519518898, 0.0852270596, 0.0428943782, 0.0543797844, 0.0475039833, 0.0642795853, 0.0177737979]
kparam0_width = 1.7
accuracy = 1e-09
data_class = 'rand'
