name = 'FixedDegreeString'
feature_type = 'Char'
data_type = ''
km_train = [1, 0.0175438596, 0.0175438596, 0.122807018, 0, 0, 0.0175438596, 0, 0, 0, 0.0175438596;0.0175438596, 1, 0, 0, 0.0350877193, 0.0175438596, 0, 0, 0.0350877193, 0.0175438596, 0.0175438596;0.0175438596, 0, 1, 0.0175438596, 0.0350877193, 0.0175438596, 0, 0.0350877193, 0, 0, 0;0.122807018, 0, 0.0175438596, 1, 0.0175438596, 0, 0, 0.0175438596, 0, 0.0350877193, 0.0175438596;0, 0.0350877193, 0.0350877193, 0.0175438596, 1, 0, 0, 0, 0.0350877193, 0.0350877193, 0;0, 0.0175438596, 0.0175438596, 0, 0, 1, 0, 0, 0.0350877193, 0.0526315789, 0;0.0175438596, 0, 0, 0, 0, 0, 1, 0, 0.0175438596, 0.0350877193, 0;0, 0, 0.0350877193, 0.0175438596, 0, 0, 0, 1, 0, 0, 0;0, 0.0350877193, 0, 0, 0.0350877193, 0.0350877193, 0.0175438596, 0, 1, 0.0350877193, 0;0, 0.0175438596, 0, 0.0350877193, 0.0350877193, 0.0526315789, 0.0350877193, 0, 0.0350877193, 1, 0;0.0175438596, 0.0175438596, 0, 0.0175438596, 0, 0, 0, 0, 0, 0, 1]
data_train = ['TACGAGCCCTTGAGGATAGCATCCCCAATCACAAGCTGGATACGACTGGCTAGTACGAGG', 'CGATAGCGCTGCACTAGCTTGAGGGGTTAGTTCCACGGCCCCGAGGATACACCCAGAGAA', 'CGTCAGGGTCCATCGATTGCGGACGTGACATAATCCCTCTCAGCCAGCCACTGTCTGCCT', 'GAGATTGTCGATGTTTGAATATCCCCACCCTATTTGCCAGACCCTCCTCGTAGTCGTTAA', 'ATGAAGGGGTAGCGCCACGACTTAGCTCCACATTACGACCCTATAATGCGCACCGTTGTC', 'ACTCTTCCGACAAACTATTTGTAGGTGCAGCCCGGCACTGAGATTTGCAGTGAAAGCCGT', 'AGCCCGGTGTCAGGAGGCGCACGGCACGGGTACTTATTTTTTGATCTAGTGCAGAAAAAT', 'TTAAGTGCACGATCGTGTTCCCACATTCTAGGTCGGACCTGTGCTGCGCAGTTTCGACTT', 'TCTAATGGGAAATTAGTCTAGAGTAAGCGGCATGGCAGCAGGTATCAGTAACCAGGCATC', 'CACTGGGTCATCTGTGATTTGCCAGCGGCTGCGATATGCATCCCGATGTACAAGTCAATT', 'TGTACTCGCCCTCTCCGGCCCTACTCCTACAGCGCGCACAAGTCCTGATTGAGTTAGTAG']
feature_class = 'string'
seqlen = 60
data_test = ['ACGGGCACATGGGAACAGGTGCGTCCTCCTTGGTCATCGGACAATAGATTCATTTTCTAG', 'TATCATGAAAGAAAGTTATGTCCTAGTTTGAACGAAGTTTTGTGTTTCAAAAACGGAGGG']
kparam0_degree = 3
km_test = [0, 0;0, 0.0350877193;0, 0.0175438596;0.0175438596, 0;0.0350877193, 0;0, 0.0175438596;0, 0.0350877193;0, 0;0, 0.0175438596;0.0175438596, 0;0.0350877193, 0]
alphabet = 'DNA'
accuracy = 1e-09
data_class = 'dna'
