name = 'Gaussian'
feature_type = 'Real'
data_type = 'double'
km_train = [1, 0.557389841, 0.29422892, 0.229365903, 0.256103102, 0.130843615, 0.192155327, 0.363237389, 0.533409729, 0.0423973896, 0.202204687;0.557389841, 1, 0.253605192, 0.683579785, 0.279135143, 0.288359627, 0.224314359, 0.403773708, 0.581505811, 0.104962179, 0.207472389;0.29422892, 0.253605192, 1, 0.157655982, 0.551738513, 0.346088328, 0.234900385, 0.374016171, 0.254864068, 0.180300655, 0.258978589;0.229365903, 0.683579785, 0.157655982, 1, 0.241873962, 0.236362374, 0.21212994, 0.253814914, 0.521680438, 0.253012465, 0.348964762;0.256103102, 0.279135143, 0.551738513, 0.241873962, 1, 0.258872651, 0.15037008, 0.428468771, 0.403558286, 0.232991123, 0.240036493;0.130843615, 0.288359627, 0.346088328, 0.236362374, 0.258872651, 1, 0.208179817, 0.34437575, 0.173848101, 0.127806623, 0.102073438;0.192155327, 0.224314359, 0.234900385, 0.21212994, 0.15037008, 0.208179817, 1, 0.238588217, 0.287681564, 0.192089354, 0.27145417;0.363237389, 0.403773708, 0.374016171, 0.253814914, 0.428468771, 0.34437575, 0.238588217, 1, 0.32608323, 0.107921669, 0.150113489;0.533409729, 0.581505811, 0.254864068, 0.521680438, 0.403558286, 0.173848101, 0.287681564, 0.32608323, 1, 0.16462699, 0.380346925;0.0423973896, 0.104962179, 0.180300655, 0.253012465, 0.232991123, 0.127806623, 0.192089354, 0.107921669, 0.16462699, 1, 0.344503049;0.202204687, 0.207472389, 0.258978589, 0.348964762, 0.240036493, 0.102073438, 0.27145417, 0.150113489, 0.380346925, 0.344503049, 1]
data_train = [0.105219555, 0.672019762, 0.635427921, 0.805763918, 0.825248667, 0.868203076, 0.414131515, 0.697864395, 0.268250359, 0.99933628, 0.175334241;0.0101144317, 0.148808715, 0.77587229, 0.446783677, 0.447500248, 0.95502292, 0.919634908, 0.311194738, 0.209058129, 0.84848221, 0.906019071;0.541596923, 0.629423711, 0.256914285, 0.800802688, 0.632122428, 0.503513511, 0.0601085561, 0.915934963, 0.61545142, 0.192691095, 0.606386117;0.677463354, 0.525770337, 0.718101738, 0.581453948, 0.947769582, 0.0536970786, 0.106245708, 0.173671637, 0.690171071, 0.645595873, 0.89205886;0.732877453, 0.508355488, 0.991831792, 0.266107956, 0.83319166, 0.426790372, 0.648735139, 0.72726847, 0.633754087, 0.140507303, 0.442951011;0.561438378, 0.849043759, 0.443645749, 0.918747305, 0.440374223, 0.548779859, 0.796285683, 0.583067684, 0.960218072, 0.660335831, 0.522709454;0.0235919678, 0.413732898, 0.299248419, 0.748105668, 0.208277675, 0.205220087, 0.189519043, 0.125615613, 0.311007004, 0.885922114, 0.774928472;0.735251216, 0.797336806, 0.269417889, 0.887441691, 0.137303375, 0.336345727, 0.586748119, 0.102905088, 0.730130188, 0.387246048, 0.784405666;0.492896286, 0.180874524, 0.734761811, 0.252143956, 0.490810301, 0.0755332692, 0.617866654, 0.665857766, 0.37867421, 0.95442278, 0.874168921;0.707940916, 0.713652074, 0.252401715, 0.656815231, 0.198206265, 0.144003224, 0.999467894, 0.622375931, 0.430987873, 0.288164523, 0.603920444;0.0495935082, 0.0946809905, 0.0328566977, 0.499169833, 0.600606629, 0.0624797614, 0.721224467, 0.230395072, 0.685201454, 0.98189714, 0.69110587]
feature_class = 'simple'
data_test = [0.883193053, 0.948198507, 0.486751048, 0.702324979, 0.851969254, 0.356608913, 0.261397317, 0.946598573, 0.7263035, 0.219682133, 0.449083393, 0.79645177, 0.547062991, 0.649952098, 0.753768202, 0.622009189, 0.540079322;0.749614284, 0.727563035, 0.6298724, 0.359789413, 0.405812092, 0.970438549, 0.112385932, 0.268504917, 0.492401759, 0.836729686, 0.163675664, 0.276954618, 0.0657982178, 0.705985266, 0.238209435, 0.388674751, 0.443701447;0.891313936, 0.41133029, 0.14522502, 0.524314938, 0.962957995, 0.607685641, 0.98338722, 0.841107309, 0.0359657562, 0.658399595, 0.286766878, 0.559616856, 0.279345191, 0.348870417, 0.923168712, 0.206643185, 0.874109118;0.0304578081, 0.0908765384, 0.854675041, 0.630556031, 0.747236138, 0.209417671, 0.537083456, 0.737219224, 0.627314137, 0.471698767, 0.959783786, 0.676157333, 0.9077508, 0.729770512, 0.735463529, 0.0800182698, 0.359464622;0.858369407, 0.232603862, 0.115505866, 0.326106057, 0.220437885, 0.925288195, 0.867966642, 0.49968323, 0.0613438745, 0.714562346, 0.623411731, 0.970554671, 0.55895324, 0.336393723, 0.519021694, 0.979263291, 0.696362433;0.671976138, 0.24068159, 0.743602518, 0.750271829, 0.317288984, 0.483713832, 0.294603333, 0.25870507, 0.0258960702, 0.285211745, 0.55396995, 0.00160118755, 0.283219084, 0.881410332, 0.593648585, 0.607862824, 0.403364305;0.676472143, 0.189932766, 0.81874681, 0.11668912, 0.656001355, 0.341149326, 0.747512971, 0.549764551, 0.452353038, 0.169422402, 0.636821464, 0.974769843, 0.825603425, 0.0600081926, 0.376229378, 0.925583009, 0.503043748;0.662111826, 0.912599346, 0.87379469, 0.501820376, 0.437646303, 0.339692618, 0.719019443, 0.286986799, 0.249887606, 0.356249895, 0.177215057, 0.695119816, 0.616240649, 0.482878534, 0.390325779, 0.909062543, 0.029123785;0.769107744, 0.901909572, 0.446354579, 0.550690491, 0.944463688, 0.212277515, 0.520134848, 0.474721127, 0.258392648, 0.81859323, 0.899600595, 0.78193258, 0.195358961, 0.0867486355, 0.605444485, 0.0570947605, 0.672825889;0.53042422, 0.662785733, 0.590170774, 0.42270257, 0.20087718, 0.305702136, 0.524500574, 0.651868094, 0.779483017, 0.767170718, 0.972688743, 0.285841449, 0.0711107082, 0.345656936, 0.743294475, 0.438111651, 0.817788431;0.549326365, 0.929791723, 0.947863442, 0.069304506, 0.45641344, 0.609689061, 0.255872541, 0.407076779, 0.677681541, 0.226734227, 0.601981353, 0.697447828, 0.0904963111, 0.497529316, 0.26308003, 0.724386356, 0.189555509]
km_test = [0.145022359, 0.103969143, 0.134618592, 0.527830484, 0.166080444, 0.204479198, 0.4850872, 0.286933576, 0.14747725, 0.417700753, 0.309034753, 0.145369969, 0.296383745, 0.28271714, 0.473750911, 0.145679552, 0.338648726;0.304231547, 0.160619409, 0.258771701, 0.676508003, 0.252487307, 0.244752679, 0.454025932, 0.465322401, 0.212685582, 0.265645881, 0.263999634, 0.180725011, 0.388468382, 0.466068518, 0.636729157, 0.320399297, 0.371901333;0.281250059, 0.13940166, 0.135114488, 0.483197134, 0.275525156, 0.422937486, 0.260014938, 0.339958494, 0.194224772, 0.526307445, 0.290039373, 0.281769042, 0.318815918, 0.345321372, 0.360989413, 0.162740324, 0.408064163;0.40882543, 0.236885598, 0.484607483, 0.461511964, 0.361916893, 0.23580787, 0.348021443, 0.454316468, 0.218798884, 0.190628624, 0.228020027, 0.218132869, 0.27612706, 0.433919614, 0.528914015, 0.336628226, 0.276437621;0.261720253, 0.16130827, 0.185246537, 0.475739634, 0.442469978, 0.398199395, 0.292050697, 0.601168997, 0.268881253, 0.339573927, 0.353846326, 0.362035901, 0.334624347, 0.462067274, 0.533287013, 0.157927455, 0.400161599;0.294238765, 0.178898823, 0.104048837, 0.427589996, 0.181691987, 0.495603748, 0.133084327, 0.249410126, 0.202979573, 0.259299756, 0.0638285138, 0.0925618605, 0.177807027, 0.469803105, 0.233542763, 0.191196307, 0.269666096;0.310558205, 0.376094881, 0.276679266, 0.256707067, 0.0887185123, 0.387384286, 0.116632838, 0.147690634, 0.240476837, 0.399123784, 0.2365522, 0.0969435247, 0.0650623463, 0.32393302, 0.194654627, 0.256795693, 0.240288355;0.459905361, 0.204132385, 0.08255422, 0.543904679, 0.342973905, 0.382645407, 0.377200726, 0.529613489, 0.172201799, 0.516343011, 0.272239274, 0.183488245, 0.152631318, 0.278306837, 0.663981903, 0.143245943, 0.794063606;0.284486159, 0.17770298, 0.407867906, 0.515819716, 0.266801437, 0.358609803, 0.439131421, 0.336561302, 0.181695962, 0.295538915, 0.350145318, 0.223999807, 0.311308639, 0.535567556, 0.489861224, 0.326513573, 0.285554777;0.249504138, 0.324388972, 0.479394494, 0.199036901, 0.372251608, 0.154695591, 0.0797738466, 0.236531837, 0.278836988, 0.129441827, 0.241734105, 0.242900529, 0.126803064, 0.2243085, 0.180233321, 0.14085893, 0.139733224;0.290921985, 0.240462132, 0.53944962, 0.259461406, 0.366546114, 0.279586201, 0.3242354, 0.271712593, 0.204631091, 0.425221385, 0.368266559, 0.306367735, 0.190078153, 0.245805239, 0.314125388, 0.168418231, 0.257694883]
kparam0_width = 1.3
accuracy = 1e-06
