name = 'Linear'
feature_type = 'Real'
data_type = 'double'
km_train = [2.90351723, 2.81362192, 2.42393549, 2.91193626, 2.45155284, 1.42539632, 2.56367204, 2.40951042, 2.90470823, 2.15792699, 3.06617074;2.81362192, 3.48356412, 2.61738232, 3.91177584, 2.79755165, 2.22905339, 2.95427935, 2.76830257, 3.2508469, 3.03718407, 3.37291074;2.42393549, 2.61738232, 3.53477009, 2.98387559, 3.26605045, 2.37327203, 3.00985584, 2.74414444, 2.74027097, 3.41445375, 3.54264935;2.91193626, 3.91177584, 2.98387559, 4.83452303, 3.37989957, 2.77528536, 3.59345667, 3.14202, 3.85575861, 4.28455867, 4.38637244;2.45155284, 2.79755165, 3.26605045, 3.37989957, 3.77041618, 2.30236252, 2.83773854, 2.95031473, 3.15682791, 3.69892028, 3.61110202;1.42539632, 2.22905339, 2.37327203, 2.77528536, 2.30236252, 2.5911536, 2.45955404, 2.21866851, 2.01980627, 2.7189757, 2.46565675;2.56367204, 2.95427935, 3.00985584, 3.59345667, 2.83773854, 2.45955404, 4.36811346, 2.86860219, 3.23567317, 3.87229312, 3.9899022;2.40951042, 2.76830257, 2.74414444, 3.14202, 2.95031473, 2.21866851, 2.86860219, 3.23201192, 2.7490664, 2.92948161, 3.0367903;2.90470823, 3.2508469, 2.74027097, 3.85575861, 3.15682791, 2.01980627, 3.23567317, 2.7490664, 3.72290429, 3.44940756, 3.88653642;2.15792699, 3.03718407, 3.41445375, 4.28455867, 3.69892028, 2.7189757, 3.87229312, 2.92948161, 3.44940756, 5.52120579, 4.72134961;3.06617074, 3.37291074, 3.54264935, 4.38637244, 3.61110202, 2.46565675, 3.9899022, 3.0367903, 3.88653642, 4.72134961, 5.30684147]
data_train = [0.105219555, 0.672019762, 0.635427921, 0.805763918, 0.825248667, 0.868203076, 0.414131515, 0.697864395, 0.268250359, 0.99933628, 0.175334241;0.0101144317, 0.148808715, 0.77587229, 0.446783677, 0.447500248, 0.95502292, 0.919634908, 0.311194738, 0.209058129, 0.84848221, 0.906019071;0.541596923, 0.629423711, 0.256914285, 0.800802688, 0.632122428, 0.503513511, 0.0601085561, 0.915934963, 0.61545142, 0.192691095, 0.606386117;0.677463354, 0.525770337, 0.718101738, 0.581453948, 0.947769582, 0.0536970786, 0.106245708, 0.173671637, 0.690171071, 0.645595873, 0.89205886;0.732877453, 0.508355488, 0.991831792, 0.266107956, 0.83319166, 0.426790372, 0.648735139, 0.72726847, 0.633754087, 0.140507303, 0.442951011;0.561438378, 0.849043759, 0.443645749, 0.918747305, 0.440374223, 0.548779859, 0.796285683, 0.583067684, 0.960218072, 0.660335831, 0.522709454;0.0235919678, 0.413732898, 0.299248419, 0.748105668, 0.208277675, 0.205220087, 0.189519043, 0.125615613, 0.311007004, 0.885922114, 0.774928472;0.735251216, 0.797336806, 0.269417889, 0.887441691, 0.137303375, 0.336345727, 0.586748119, 0.102905088, 0.730130188, 0.387246048, 0.784405666;0.492896286, 0.180874524, 0.734761811, 0.252143956, 0.490810301, 0.0755332692, 0.617866654, 0.665857766, 0.37867421, 0.95442278, 0.874168921;0.707940916, 0.713652074, 0.252401715, 0.656815231, 0.198206265, 0.144003224, 0.999467894, 0.622375931, 0.430987873, 0.288164523, 0.603920444;0.0495935082, 0.0946809905, 0.0328566977, 0.499169833, 0.600606629, 0.0624797614, 0.721224467, 0.230395072, 0.685201454, 0.98189714, 0.69110587]
feature_class = 'simple'
data_test = [0.883193053, 0.948198507, 0.486751048, 0.702324979, 0.851969254, 0.356608913, 0.261397317, 0.946598573, 0.7263035, 0.219682133, 0.449083393, 0.79645177, 0.547062991, 0.649952098, 0.753768202, 0.622009189, 0.540079322;0.749614284, 0.727563035, 0.6298724, 0.359789413, 0.405812092, 0.970438549, 0.112385932, 0.268504917, 0.492401759, 0.836729686, 0.163675664, 0.276954618, 0.0657982178, 0.705985266, 0.238209435, 0.388674751, 0.443701447;0.891313936, 0.41133029, 0.14522502, 0.524314938, 0.962957995, 0.607685641, 0.98338722, 0.841107309, 0.0359657562, 0.658399595, 0.286766878, 0.559616856, 0.279345191, 0.348870417, 0.923168712, 0.206643185, 0.874109118;0.0304578081, 0.0908765384, 0.854675041, 0.630556031, 0.747236138, 0.209417671, 0.537083456, 0.737219224, 0.627314137, 0.471698767, 0.959783786, 0.676157333, 0.9077508, 0.729770512, 0.735463529, 0.0800182698, 0.359464622;0.858369407, 0.232603862, 0.115505866, 0.326106057, 0.220437885, 0.925288195, 0.867966642, 0.49968323, 0.0613438745, 0.714562346, 0.623411731, 0.970554671, 0.55895324, 0.336393723, 0.519021694, 0.979263291, 0.696362433;0.671976138, 0.24068159, 0.743602518, 0.750271829, 0.317288984, 0.483713832, 0.294603333, 0.25870507, 0.0258960702, 0.285211745, 0.55396995, 0.00160118755, 0.283219084, 0.881410332, 0.593648585, 0.607862824, 0.403364305;0.676472143, 0.189932766, 0.81874681, 0.11668912, 0.656001355, 0.341149326, 0.747512971, 0.549764551, 0.452353038, 0.169422402, 0.636821464, 0.974769843, 0.825603425, 0.0600081926, 0.376229378, 0.925583009, 0.503043748;0.662111826, 0.912599346, 0.87379469, 0.501820376, 0.437646303, 0.339692618, 0.719019443, 0.286986799, 0.249887606, 0.356249895, 0.177215057, 0.695119816, 0.616240649, 0.482878534, 0.390325779, 0.909062543, 0.029123785;0.769107744, 0.901909572, 0.446354579, 0.550690491, 0.944463688, 0.212277515, 0.520134848, 0.474721127, 0.258392648, 0.81859323, 0.899600595, 0.78193258, 0.195358961, 0.0867486355, 0.605444485, 0.0570947605, 0.672825889;0.53042422, 0.662785733, 0.590170774, 0.42270257, 0.20087718, 0.305702136, 0.524500574, 0.651868094, 0.779483017, 0.767170718, 0.972688743, 0.285841449, 0.0711107082, 0.345656936, 0.743294475, 0.438111651, 0.817788431;0.549326365, 0.929791723, 0.947863442, 0.069304506, 0.45641344, 0.609689061, 0.255872541, 0.407076779, 0.677681541, 0.226734227, 0.601981353, 0.697447828, 0.0904963111, 0.497529316, 0.26308003, 0.724386356, 0.189555509]
km_test = [2.89485103, 2.33240998, 2.56398449, 2.39474629, 2.42882404, 2.07712376, 2.91328227, 2.50838828, 1.49255893, 2.615307, 2.92953441, 2.71640256, 2.01683314, 2.16885093, 2.92717229, 2.3589125, 2.46832722;3.66646022, 2.90514669, 3.27878338, 2.84607964, 2.99112514, 2.48400549, 3.16029238, 3.11267357, 2.02057403, 2.61113971, 3.11717894, 3.14792749, 2.48271845, 2.78380012, 3.40937649, 3.16123907, 2.81923306;3.64100901, 2.83865882, 2.88200094, 2.65294491, 3.0734848, 2.86514298, 2.82357547, 2.93423702, 1.98715778, 3.0811616, 3.20392675, 3.46220272, 2.3798828, 2.61449595, 3.06610724, 2.74652413, 2.90515334;4.53401413, 3.83317693, 4.36206831, 3.27297551, 3.90063946, 3.13528489, 3.6629432, 3.77259431, 2.71447321, 3.07092513, 3.69742413, 3.94569, 2.93631998, 3.41282189, 3.96426892, 3.86883575, 3.30189431;3.71205288, 3.05135447, 3.20494129, 2.76065786, 3.49920874, 2.94378955, 3.01692093, 3.42259423, 2.31639576, 2.91415864, 3.45099972, 3.74295193, 2.52916239, 2.92162175, 3.43756752, 2.84483415, 3.01026501;3.19854658, 2.52900023, 2.24037232, 2.10166772, 2.33103862, 2.49639375, 1.91642575, 2.2611076, 1.54400754, 2.14921785, 1.74813768, 2.26680761, 1.52852979, 2.34278253, 2.31123477, 2.37946005, 2.16408915;4.12211336, 3.90044384, 3.76455133, 2.65849869, 2.75356975, 3.22473999, 2.71913682, 2.80900127, 2.54267445, 3.31803424, 3.48809738, 3.18535096, 1.76353036, 2.98960746, 3.08132477, 3.45967705, 2.97759495;3.80928469, 2.9351958, 2.41038818, 2.57849287, 3.06443974, 2.64868872, 2.91402134, 3.0710185, 1.7575518, 2.91735826, 3.01137971, 3.0320145, 1.74972116, 2.32287855, 3.31084223, 2.51220973, 3.1865047;3.74251239, 3.09051609, 3.69420161, 2.7894782, 3.14663865, 2.85196691, 3.25828134, 3.02177603, 2.037882, 2.80012344, 3.42040938, 3.40713216, 2.45846102, 2.99381655, 3.35860212, 3.29319643, 2.76717658;4.55637723, 4.38085622, 4.69837967, 3.06965535, 4.26228183, 3.2046135, 3.04879013, 3.69167341, 3.21542293, 3.16265437, 4.0787287, 4.35893735, 2.77381452, 3.32726924, 3.60783744, 3.64588397, 3.20177311;4.54902184, 4.0790766, 4.66791412, 3.13479972, 4.14506, 3.48213475, 3.85308612, 3.67462158, 2.90711873, 3.82856816, 4.24517616, 4.40264236, 2.92975243, 3.27957325, 3.86175627, 3.65485127, 3.49241773]
kparam0_scale = 1.0
accuracy = 1e-08
data_class = 'rand'
