name = 'LinearString'
feature_type = 'Char'
data_type = ''
km_train = [0.969106534, 0.958376167, 0.971982517, 0.988448799, 0.967264108, 0.974322462, 0.979830482, 0.992833388, 0.967402129, 0.985582446, 0.976238714;0.958376167, 0.96610537, 0.970705015, 0.987164878, 0.965338227, 0.973613096, 0.976681666, 0.991234907, 0.965713774, 0.984256798, 0.972884471;0.971982517, 0.970705015, 0.995365922, 1.00054654, 0.979101857, 0.989219152, 0.99248352, 1.00885993, 0.980928234, 0.996354541, 0.987152039;0.988448799, 0.987164878, 1.00054654, 1.02955352, 0.995802455, 1.00547359, 1.00728392, 1.02185642, 0.996412317, 1.01199911, 1.00608024;0.967264108, 0.965338227, 0.979101857, 0.995802455, 0.98373681, 0.982090182, 0.985633803, 1.00025445, 0.974579246, 0.989472726, 0.982061294;0.974322462, 0.973613096, 0.989219152, 1.00547359, 0.982090182, 1.00198774, 0.994033854, 1.01143098, 0.983110899, 1.00009717, 0.99118676;0.979830482, 0.976681666, 0.99248352, 1.00728392, 0.985633803, 0.994033854, 1.00730317, 1.01172949, 0.985829601, 1.00442398, 0.992185008;0.992833388, 0.991234907, 1.00885993, 1.02185642, 1.00025445, 1.01143098, 1.01172949, 1.03918292, 1.00405485, 1.01824218, 1.00742515;0.967402129, 0.965713774, 0.980928234, 0.996412317, 0.974579246, 0.983110899, 0.985829601, 1.00405485, 0.985662691, 0.993029186, 0.984985423;0.985582446, 0.984256798, 0.996354541, 1.01199911, 0.989472726, 1.00009717, 1.00442398, 1.01824218, 0.993029186, 1.02016164, 0.998241904;0.976238714, 0.972884471, 0.987152039, 1.00608024, 0.982061294, 0.99118676, 0.992185008, 1.00742515, 0.984985423, 0.998241904, 1.00183367]
data_train = ['TACGAGCCCTTGAGGATAGCATCCCCAATCACAAGCTGGATACGACTGGCTAGTACGAGG', 'CGATAGCGCTGCACTAGCTTGAGGGGTTAGTTCCACGGCCCCGAGGATACACCCAGAGAA', 'CGTCAGGGTCCATCGATTGCGGACGTGACATAATCCCTCTCAGCCAGCCACTGTCTGCCT', 'GAGATTGTCGATGTTTGAATATCCCCACCCTATTTGCCAGACCCTCCTCGTAGTCGTTAA', 'ATGAAGGGGTAGCGCCACGACTTAGCTCCACATTACGACCCTATAATGCGCACCGTTGTC', 'ACTCTTCCGACAAACTATTTGTAGGTGCAGCCCGGCACTGAGATTTGCAGTGAAAGCCGT', 'AGCCCGGTGTCAGGAGGCGCACGGCACGGGTACTTATTTTTTGATCTAGTGCAGAAAAAT', 'TTAAGTGCACGATCGTGTTCCCACATTCTAGGTCGGACCTGTGCTGCGCAGTTTCGACTT', 'TCTAATGGGAAATTAGTCTAGAGTAAGCGGCATGGCAGCAGGTATCAGTAACCAGGCATC', 'CACTGGGTCATCTGTGATTTGCCAGCGGCTGCGATATGCATCCCGATGTACAAGTCAATT', 'TGTACTCGCCCTCTCCGGCCCTACTCCTACAGCGCGCACAAGTCCTGATTGAGTTAGTAG']
feature_class = 'string'
seqlen = 60
data_test = ['ACGGGCACATGGGAACAGGTGCGTCCTCCTTGGTCATCGGACAATAGATTCATTTTCTAG', 'TATCATGAAAGAAAGTTATGTCCTAGTTTGAACGAAGTTTTGTGTTTCAAAAACGGAGGG']
km_test = [0.980093685, 0.99006012;0.981570194, 0.988291519;0.993915091, 1.00178232;1.01064137, 1.01468572;0.988480897, 0.993947189;0.99572221, 1.00732243;1.00142924, 1.00941843;1.01349167, 1.02493461;0.988137448, 1.00081617;1.00638838, 1.01281761;0.997041438, 1.00496323]
alphabet = 'DNA'
accuracy = 1e-08
data_class = 'dna'
