name = 'LinearByte'
feature_type = 'Byte'
data_type = 'ubyte'
km_train = [1.07552694, 0.666013555, 0.881220349, 0.663864937, 0.600649006, 0.98545536, 0.52236781, 0.924275838, 0.955137813, 0.944685636, 0.609056463;0.666013555, 1.04946923, 0.630476153, 0.680459586, 0.624167443, 0.751542702, 0.707473165, 0.871595203, 0.920344323, 0.756833208, 0.915353045;0.881220349, 0.630476153, 0.85025032, 0.645080109, 0.548383965, 0.866088589, 0.608902693, 0.873585896, 0.84621075, 0.767322788, 0.584507354;0.663864937, 0.680459586, 0.645080109, 0.775813364, 0.700615872, 0.847503246, 0.761396424, 0.669625063, 0.738326828, 0.717476501, 0.593683659;0.600649006, 0.624167443, 0.548383965, 0.700615872, 0.742890045, 0.793625702, 0.736410942, 0.679960874, 0.729537025, 0.714704492, 0.581352999;0.98545536, 0.751542702, 0.866088589, 0.847503246, 0.793625702, 1.20246167, 0.827330337, 0.972339229, 0.971329336, 0.912123883, 0.637674233;0.52236781, 0.707473165, 0.608902693, 0.761396424, 0.736410942, 0.827330337, 0.901854567, 0.74486827, 0.712414572, 0.616337661, 0.618839534;0.924275838, 0.871595203, 0.873585896, 0.669625063, 0.679960874, 0.972339229, 0.74486827, 1.2508617, 1.0327125, 0.960669362, 0.920024316;0.955137813, 0.920344323, 0.84621075, 0.738326828, 0.729537025, 0.971329336, 0.712414572, 1.0327125, 1.14699241, 0.950159002, 0.86051548;0.944685636, 0.756833208, 0.767322788, 0.717476501, 0.714704492, 0.912123883, 0.616337661, 0.960669362, 0.950159002, 1.04313974, 0.800254419;0.609056463, 0.915353045, 0.584507354, 0.593683659, 0.581352999, 0.637674233, 0.618839534, 0.920024316, 0.86051548, 0.800254419, 0.960740013]
data_train = ['69', '114', '87', '5', '26', '81', '87', '228', '119', '23', '101';'33', '167', '46', '206', '202', '213', '245', '23', '64', '17', '43';'75', '56', '106', '155', '231', '123', '198', '150', '212', '161', '138';'213', '233', '162', '115', '92', '41', '27', '122', '209', '205', '209';'219', '23', '135', '105', '117', '236', '52', '199', '131', '218', '99';'4', '224', '48', '97', '29', '71', '102', '62', '174', '25', '184';'36', '225', '6', '126', '167', '91', '166', '189', '102', '219', '254';'205', '52', '241', '229', '131', '233', '209', '107', '111', '152', '6';'229', '155', '196', '66', '107', '222', '110', '233', '249', '147', '82';'239', '123', '138', '103', '66', '214', '6', '150', '188', '198', '109';'33', '105', '146', '57', '8', '47', '114', '209', '40', '47', '172']
feature_class = 'simple'
seqlen = 60
data_test = ['233', '24', '115', '77', '107', '24', '146', '38', '118', '78', '79', '26', '103', '73', '190', '67', '242';'146', '254', '27', '212', '122', '238', '205', '160', '239', '137', '82', '29', '21', '2', '100', '104', '209';'202', '175', '1', '203', '53', '5', '106', '250', '167', '235', '220', '122', '221', '1', '200', '110', '1';'92', '224', '201', '225', '235', '182', '199', '100', '245', '187', '96', '110', '5', '235', '126', '103', '236';'146', '223', '154', '0', '234', '243', '32', '253', '39', '31', '196', '16', '125', '7', '56', '41', '97';'136', '119', '86', '162', '241', '198', '206', '180', '53', '83', '241', '24', '66', '251', '189', '182', '173';'151', '225', '45', '21', '138', '175', '7', '38', '234', '162', '48', '45', '37', '135', '53', '164', '218';'91', '39', '33', '95', '78', '235', '126', '16', '160', '174', '109', '51', '117', '207', '220', '8', '32';'187', '112', '220', '204', '148', '185', '84', '196', '9', '5', '247', '114', '120', '140', '64', '19', '56';'238', '45', '135', '9', '200', '112', '232', '194', '138', '11', '137', '152', '176', '176', '216', '10', '189';'117', '163', '38', '52', '217', '205', '230', '55', '103', '128', '55', '117', '131', '252', '29', '11', '247']
km_test = [0.896917316, 0.740026606, 0.740039073, 0.610594159, 0.945309026, 0.968470053, 0.762048906, 0.838634481, 0.703009691, 0.515252849, 0.848587945, 0.487495358, 0.632795165, 0.779258634, 0.770980011, 0.260157389, 0.733219184;0.942420651, 0.962489662, 0.639390634, 0.798417495, 1.06014583, 1.04180984, 0.930493117, 0.764234928, 0.925630673, 0.701825249, 0.803171885, 0.446517836, 0.477354876, 0.959185694, 0.770676628, 0.579844394, 1.11002536;0.826848248, 0.694606389, 0.599925873, 0.640155326, 0.871428965, 0.933797085, 0.799111537, 0.720900992, 0.674387765, 0.584129163, 0.787341928, 0.459742022, 0.621557516, 0.818008574, 0.745150874, 0.261208841, 0.717085843;0.769026722, 0.826557333, 0.406188641, 0.660240961, 0.776499093, 0.942857024, 0.739353344, 0.714529943, 0.830867038, 0.693480131, 0.710419723, 0.369337963, 0.516034165, 0.661558393, 0.733256587, 0.407364771, 0.708848779;0.770896892, 0.837208995, 0.383472299, 0.647939393, 0.663669608, 0.788002722, 0.58820198, 0.738663459, 0.787533101, 0.662281525, 0.691535153, 0.352282005, 0.506940979, 0.459334741, 0.639897658, 0.41113836, 0.614492426;1.06221548, 0.912431422, 0.653229898, 0.709804645, 0.996298195, 1.15316397, 0.864297381, 0.994494519, 0.82687734, 0.623573145, 0.975522675, 0.467925059, 0.729279357, 0.7342457, 0.876773498, 0.380654575, 0.834819332;0.828718419, 0.853724681, 0.343837145, 0.719787201, 0.724030411, 0.921333436, 0.732741251, 0.685180728, 0.838584609, 0.750038253, 0.7185612, 0.351974466, 0.544494009, 0.624250562, 0.717488969, 0.452440044, 0.747432482;1.15323878, 0.956937333, 0.74382513, 0.68265392, 1.12041936, 1.06185392, 0.891730709, 0.908936281, 0.84805183, 0.702839297, 0.951239545, 0.543446714, 0.781087246, 0.921857083, 0.834445298, 0.441588897, 1.06641713;1.09468581, 0.927164213, 0.759310145, 0.865411171, 1.07782518, 1.00875769, 0.926877453, 1.02341152, 0.848687688, 0.705374418, 1.06149651, 0.548454615, 0.724487564, 0.903949159, 0.937146769, 0.503624542, 0.912905199;0.920390038, 0.909285379, 0.647989264, 0.588006651, 0.963815405, 0.97119219, 0.692416212, 0.850142265, 0.842698985, 0.664870673, 0.831868618, 0.487620036, 0.634877288, 0.773631498, 0.746484929, 0.407464513, 0.802095498;0.900562071, 0.946697108, 0.568997403, 0.641248337, 1.02556845, 0.915855913, 0.810914393, 0.75102321, 0.847607145, 0.704181664, 0.761242655, 0.446659138, 0.536215386, 0.885750318, 0.691156963, 0.547490439, 1.02887242]
alphabet = 'RAWBYTE'
accuracy = 1e-08
data_class = 'rand'
