name = 'LinearWord'
feature_type = 'Word'
data_type = 'ushort'
km_train = [1.07065094, 0.648825193, 0.752672971, 0.653293686, 0.802541354, 0.720321082, 1.00844951, 0.850622339, 0.606821358, 0.894413571, 0.828279874;0.648825193, 0.75338793, 0.512625524, 0.556952975, 0.809333463, 0.699408534, 0.898703325, 0.571967112, 0.52191999, 0.604676481, 0.691365246;0.752672971, 0.512625524, 0.916756037, 0.467761854, 0.809154724, 0.564817523, 1.00737708, 0.743914725, 0.717282506, 0.762861135, 0.898882064;0.653293686, 0.556952975, 0.467761854, 0.674206233, 0.608608755, 0.599314289, 0.777875272, 0.589841084, 0.422898183, 0.543190017, 0.578044262;0.802541354, 0.809333463, 0.809154724, 0.608608755, 1.19416009, 0.909427708, 1.18969159, 0.741591109, 0.714422671, 0.795570505, 1.00827077;0.720321082, 0.699408534, 0.564817523, 0.599314289, 0.909427708, 0.878863215, 0.909248968, 0.640424426, 0.536040428, 0.56660492, 0.74677456;1.00844951, 0.898703325, 1.00737708, 0.777875272, 1.18969159, 0.909248968, 1.50230737, 0.845975106, 0.849192421, 1.06725488, 1.2599363;0.850622339, 0.571967112, 0.743914725, 0.589841084, 0.741591109, 0.640424426, 0.845975106, 0.900848201, 0.659907055, 0.725325794, 0.75982256;0.606821358, 0.52191999, 0.717282506, 0.422898183, 0.714422671, 0.536040428, 0.849192421, 0.659907055, 0.732654122, 0.620405577, 0.83721686;0.894413571, 0.604676481, 0.762861135, 0.543190017, 0.795570505, 0.56660492, 1.06725488, 0.725325794, 0.620405577, 1.07672809, 0.981996035;0.828279874, 0.691365246, 0.898882064, 0.578044262, 1.00827077, 0.74677456, 1.2599363, 0.75982256, 0.83721686, 0.981996035, 1.29943778]
data_train = ['3', '10', '21', '3', '16', '7', '33', '10', '30', '10', '37';'20', '29', '9', '25', '26', '7', '38', '7', '7', '33', '15';'40', '12', '22', '11', '26', '21', '31', '26', '1', '32', '25';'27', '18', '4', '32', '19', '29', '7', '37', '16', '0', '2';'25', '30', '7', '7', '34', '38', '27', '3', '15', '12', '19';'4', '36', '19', '23', '35', '33', '33', '18', '16', '4', '24';'17', '7', '26', '14', '12', '15', '21', '19', '12', '19', '1';'34', '18', '36', '5', '13', '3', '21', '38', '35', '33', '26';'6', '2', '32', '1', '41', '15', '24', '14', '23', '14', '30';'13', '13', '5', '13', '16', '17', '19', '16', '15', '39', '38';'31', '8', '26', '32', '9', '16', '35', '16', '17', '22', '33']
feature_class = 'simple'
data_test = ['7', '12', '22', '19', '21', '22', '40', '34', '2', '33', '32', '16', '18', '29', '22', '14', '13';'1', '38', '17', '5', '31', '20', '39', '27', '26', '1', '32', '15', '38', '21', '12', '1', '13';'37', '40', '27', '6', '17', '40', '35', '40', '35', '3', '29', '23', '19', '30', '23', '6', '25';'12', '7', '4', '12', '28', '19', '13', '31', '26', '24', '3', '20', '17', '38', '14', '37', '23';'7', '27', '20', '15', '15', '34', '16', '8', '34', '28', '38', '17', '11', '18', '21', '14', '0';'1', '7', '21', '24', '1', '8', '8', '12', '5', '29', '14', '14', '6', '10', '39', '37', '39';'1', '38', '9', '16', '6', '39', '38', '3', '34', '35', '30', '24', '40', '12', '17', '20', '0';'35', '7', '20', '20', '26', '18', '22', '34', '39', '41', '4', '40', '7', '10', '15', '38', '23';'20', '22', '37', '7', '6', '1', '29', '12', '22', '28', '37', '36', '19', '32', '28', '14', '22';'41', '2', '36', '28', '7', '21', '28', '1', '40', '0', '19', '20', '36', '7', '26', '34', '5';'18', '17', '0', '24', '26', '6', '41', '28', '30', '35', '18', '5', '24', '30', '8', '19', '9']
km_test = [0.793961847, 0.868138832, 0.661515713, 0.588768646, 0.789493354, 0.929625297, 1.1235579, 0.980744857, 1.24831822, 0.883867928, 0.832212148, 0.837931819, 0.81791297, 0.890123818, 0.686003055, 0.812550778, 0.595918235;0.421647005, 0.623444152, 0.613077248, 0.532465633, 0.558382893, 0.688147931, 0.780198889, 0.666162946, 0.823275162, 0.720321082, 0.722287218, 0.626482727, 0.619511878, 0.625946508, 0.710847876, 0.733726561, 0.575541906;0.658655877, 0.754281629, 0.729615547, 0.591449742, 0.594309577, 0.704770726, 1.10657762, 0.833642066, 0.975025186, 1.03722661, 0.860274284, 0.873679763, 0.733011602, 0.793068149, 0.757141464, 0.783594943, 0.637028371;0.398053362, 0.564638783, 0.40573917, 0.491891716, 0.570537194, 0.560885249, 0.8112996, 0.65668974, 0.786276039, 0.649003932, 0.571788372, 0.491355497, 0.683143219, 0.681892041, 0.544441195, 0.679210945, 0.493679113;0.662409411, 0.920509571, 0.973774008, 0.638279549, 0.654723603, 0.865457736, 1.14089565, 0.858844366, 1.10282409, 0.977885022, 1.13177992, 0.954648858, 0.861346723, 0.97270157, 1.00844951, 0.876360859, 0.77930519;0.515664099, 0.692973904, 0.674027493, 0.584300153, 0.523528647, 0.777160313, 0.847226284, 0.653829905, 0.9399922, 0.830424751, 0.836144422, 0.684215658, 0.679568425, 0.783773683, 0.804686231, 0.815589354, 0.587874947;0.780556368, 1.10729258, 1.01005817, 0.818627929, 0.874215983, 1.04938091, 1.53662539, 1.1226642, 1.30033148, 1.17860973, 1.299974, 1.00719834, 1.1096162, 1.10461148, 1.06618244, 0.966803159, 0.816304313;0.731939163, 0.624159111, 0.652757466, 0.589126125, 0.658119658, 0.754281629, 0.951610282, 0.88243801, 1.04062266, 0.908712749, 0.644714179, 0.855448312, 0.70816678, 0.80522245, 0.717461246, 0.938026064, 0.684573137;0.569286016, 0.504224757, 0.662230672, 0.588589906, 0.575541906, 0.593415879, 0.910500146, 0.723895876, 0.835071983, 0.958402392, 0.714422671, 0.770010724, 0.619869358, 0.702447109, 0.684394397, 0.813623217, 0.542832537;0.862240421, 0.84347275, 0.844008969, 0.626482727, 0.690292808, 0.87582464, 1.22955055, 0.832390888, 1.23098047, 0.731224205, 0.924620584, 0.861704202, 0.962870885, 0.739624972, 0.743557245, 0.760537519, 0.531750674;0.90138442, 0.755354067, 1.00862825, 0.789135875, 0.718176205, 0.808439765, 1.31534562, 0.960547269, 1.13946573, 1.01577784, 1.07476195, 0.922296968, 0.902635598, 0.944460694, 0.970735433, 0.939813461, 0.719963602]
accuracy = 1e-08
data_class = 'rand'
