name = 'LocalAlignmentString'
feature_type = 'Char'
data_type = ''
km_train = [62.547, 53.849, 54.06, 54.783, 54.019, 53.619, 53.553, 54.476, 52.465, 53.51, 55.541;53.849, 64.08, 54.866, 53.687, 54.466, 54.361, 52.619, 53.24, 53.388, 54.144, 53.869;54.06, 54.866, 64.575, 55.141, 55.476, 53.616, 53.078, 54.637, 53.275, 55.017, 54.402;54.783, 53.687, 55.141, 64.318, 55.212, 52.512, 52.148, 55.317, 52.096, 54.465, 55.112;54.019, 54.466, 55.476, 55.212, 63.83, 52.33, 53.104, 55.231, 53.015, 53.698, 54.938;53.619, 54.361, 53.616, 52.512, 52.33, 62.627, 53.242, 53.345, 53.882, 54.01, 54.556;53.553, 52.619, 53.078, 52.148, 53.104, 53.242, 62.719, 52.529, 52.098, 53.936, 53.326;54.476, 53.24, 54.637, 55.317, 55.231, 53.345, 52.529, 62.724, 52.744, 53.855, 55.01;52.465, 53.388, 53.275, 52.096, 53.015, 53.882, 52.098, 52.744, 60.301, 53.904, 51.364;53.51, 54.144, 55.017, 54.465, 53.698, 54.01, 53.936, 53.855, 53.904, 61.921, 54.101;55.541, 53.869, 54.402, 55.112, 54.938, 54.556, 53.326, 55.01, 51.364, 54.101, 65.492]
data_train = ['TACGAGCCCTTGAGGATAGCATCCCCAATCACAAGCTGGATACGACTGGCTAGTACGAGG', 'CGATAGCGCTGCACTAGCTTGAGGGGTTAGTTCCACGGCCCCGAGGATACACCCAGAGAA', 'CGTCAGGGTCCATCGATTGCGGACGTGACATAATCCCTCTCAGCCAGCCACTGTCTGCCT', 'GAGATTGTCGATGTTTGAATATCCCCACCCTATTTGCCAGACCCTCCTCGTAGTCGTTAA', 'ATGAAGGGGTAGCGCCACGACTTAGCTCCACATTACGACCCTATAATGCGCACCGTTGTC', 'ACTCTTCCGACAAACTATTTGTAGGTGCAGCCCGGCACTGAGATTTGCAGTGAAAGCCGT', 'AGCCCGGTGTCAGGAGGCGCACGGCACGGGTACTTATTTTTTGATCTAGTGCAGAAAAAT', 'TTAAGTGCACGATCGTGTTCCCACATTCTAGGTCGGACCTGTGCTGCGCAGTTTCGACTT', 'TCTAATGGGAAATTAGTCTAGAGTAAGCGGCATGGCAGCAGGTATCAGTAACCAGGCATC', 'CACTGGGTCATCTGTGATTTGCCAGCGGCTGCGATATGCATCCCGATGTACAAGTCAATT', 'TGTACTCGCCCTCTCCGGCCCTACTCCTACAGCGCGCACAAGTCCTGATTGAGTTAGTAG']
feature_class = 'string'
seqlen = 60
data_test = ['ACGGGCACATGGGAACAGGTGCGTCCTCCTTGGTCATCGGACAATAGATTCATTTTCTAG', 'TATCATGAAAGAAAGTTATGTCCTAGTTTGAACGAAGTTTTGTGTTTCAAAAACGGAGGG']
km_test = [54.547, 52.861;53.264, 51.702;54.223, 50.836;53.733, 51.662;53.964, 51.757;52.795, 52.76;53.584, 52.466;54.082, 52.204;52.454, 53.14;53.876, 51.835;54.179, 51.103]
alphabet = 'DNA'
accuracy = 1e-08
data_class = 'dna'
