name = 'Poly'
feature_type = 'Real'
data_type = 'double'
km_train = [59.479636, 55.4642194, 40.1399403, 59.8653202, 41.1190981, 14.2675087, 45.257774, 39.6347449, 59.534096, 31.4924361, 67.2290279;55.4642194, 90.1301624, 47.3350931, 118.499254, 54.7660057, 33.6686481, 61.830398, 53.5102894, 76.8115254, 65.8014788, 83.6203222;40.1399403, 47.3350931, 93.2536457, 63.2291441, 77.6386475, 38.3843416, 64.4742468, 52.4877292, 52.3249956, 86.0262344, 93.7405817;59.8653202, 118.499254, 63.2291441, 198.616843, 84.0218923, 53.8083098, 96.9212202, 71.0618605, 114.490979, 147.579546, 156.274867;41.1190981, 54.7660057, 77.6386475, 84.0218923, 108.559744, 36.0142388, 56.5231231, 61.6446077, 71.8267366, 103.751464, 98.0424587;14.2675087, 33.6686481, 38.3843416, 53.8083098, 36.0142388, 46.3128965, 41.4057214, 33.3448489, 27.5383076, 51.4363356, 41.6252294;45.257774, 61.830398, 64.4742468, 96.9212202, 56.5231231, 41.4057214, 154.691005, 57.8978212, 75.9919038, 115.664537, 124.244193;39.6347449, 53.5102894, 52.4877292, 71.0618605, 61.6446077, 33.3448489, 57.8978212, 75.7950155, 52.6949985, 60.6744407, 65.7822267;59.534096, 76.8115254, 52.3249956, 114.490979, 71.8267366, 27.5383076, 75.9919038, 52.6949985, 105.348276, 88.0859346, 116.68188;31.4924361, 65.8014788, 86.0262344, 147.579546, 103.751464, 51.4363356, 115.664537, 60.6744407, 88.0859346, 277.321612, 187.28175;67.2290279, 83.6203222, 93.7405817, 156.274867, 98.0424587, 41.6252294, 124.244193, 65.7822267, 116.68188, 187.28175, 250.862499]
data_train = [0.105219555, 0.672019762, 0.635427921, 0.805763918, 0.825248667, 0.868203076, 0.414131515, 0.697864395, 0.268250359, 0.99933628, 0.175334241;0.0101144317, 0.148808715, 0.77587229, 0.446783677, 0.447500248, 0.95502292, 0.919634908, 0.311194738, 0.209058129, 0.84848221, 0.906019071;0.541596923, 0.629423711, 0.256914285, 0.800802688, 0.632122428, 0.503513511, 0.0601085561, 0.915934963, 0.61545142, 0.192691095, 0.606386117;0.677463354, 0.525770337, 0.718101738, 0.581453948, 0.947769582, 0.0536970786, 0.106245708, 0.173671637, 0.690171071, 0.645595873, 0.89205886;0.732877453, 0.508355488, 0.991831792, 0.266107956, 0.83319166, 0.426790372, 0.648735139, 0.72726847, 0.633754087, 0.140507303, 0.442951011;0.561438378, 0.849043759, 0.443645749, 0.918747305, 0.440374223, 0.548779859, 0.796285683, 0.583067684, 0.960218072, 0.660335831, 0.522709454;0.0235919678, 0.413732898, 0.299248419, 0.748105668, 0.208277675, 0.205220087, 0.189519043, 0.125615613, 0.311007004, 0.885922114, 0.774928472;0.735251216, 0.797336806, 0.269417889, 0.887441691, 0.137303375, 0.336345727, 0.586748119, 0.102905088, 0.730130188, 0.387246048, 0.784405666;0.492896286, 0.180874524, 0.734761811, 0.252143956, 0.490810301, 0.0755332692, 0.617866654, 0.665857766, 0.37867421, 0.95442278, 0.874168921;0.707940916, 0.713652074, 0.252401715, 0.656815231, 0.198206265, 0.144003224, 0.999467894, 0.622375931, 0.430987873, 0.288164523, 0.603920444;0.0495935082, 0.0946809905, 0.0328566977, 0.499169833, 0.600606629, 0.0624797614, 0.721224467, 0.230395072, 0.685201454, 0.98189714, 0.69110587]
feature_class = 'simple'
kparam2_use_normalization = 'False'
data_test = [0.883193053, 0.948198507, 0.486751048, 0.702324979, 0.851969254, 0.356608913, 0.261397317, 0.946598573, 0.7263035, 0.219682133, 0.449083393, 0.79645177, 0.547062991, 0.649952098, 0.753768202, 0.622009189, 0.540079322;0.749614284, 0.727563035, 0.6298724, 0.359789413, 0.405812092, 0.970438549, 0.112385932, 0.268504917, 0.492401759, 0.836729686, 0.163675664, 0.276954618, 0.0657982178, 0.705985266, 0.238209435, 0.388674751, 0.443701447;0.891313936, 0.41133029, 0.14522502, 0.524314938, 0.962957995, 0.607685641, 0.98338722, 0.841107309, 0.0359657562, 0.658399595, 0.286766878, 0.559616856, 0.279345191, 0.348870417, 0.923168712, 0.206643185, 0.874109118;0.0304578081, 0.0908765384, 0.854675041, 0.630556031, 0.747236138, 0.209417671, 0.537083456, 0.737219224, 0.627314137, 0.471698767, 0.959783786, 0.676157333, 0.9077508, 0.729770512, 0.735463529, 0.0800182698, 0.359464622;0.858369407, 0.232603862, 0.115505866, 0.326106057, 0.220437885, 0.925288195, 0.867966642, 0.49968323, 0.0613438745, 0.714562346, 0.623411731, 0.970554671, 0.55895324, 0.336393723, 0.519021694, 0.979263291, 0.696362433;0.671976138, 0.24068159, 0.743602518, 0.750271829, 0.317288984, 0.483713832, 0.294603333, 0.25870507, 0.0258960702, 0.285211745, 0.55396995, 0.00160118755, 0.283219084, 0.881410332, 0.593648585, 0.607862824, 0.403364305;0.676472143, 0.189932766, 0.81874681, 0.11668912, 0.656001355, 0.341149326, 0.747512971, 0.549764551, 0.452353038, 0.169422402, 0.636821464, 0.974769843, 0.825603425, 0.0600081926, 0.376229378, 0.925583009, 0.503043748;0.662111826, 0.912599346, 0.87379469, 0.501820376, 0.437646303, 0.339692618, 0.719019443, 0.286986799, 0.249887606, 0.356249895, 0.177215057, 0.695119816, 0.616240649, 0.482878534, 0.390325779, 0.909062543, 0.029123785;0.769107744, 0.901909572, 0.446354579, 0.550690491, 0.944463688, 0.212277515, 0.520134848, 0.474721127, 0.258392648, 0.81859323, 0.899600595, 0.78193258, 0.195358961, 0.0867486355, 0.605444485, 0.0570947605, 0.672825889;0.53042422, 0.662785733, 0.590170774, 0.42270257, 0.20087718, 0.305702136, 0.524500574, 0.651868094, 0.779483017, 0.767170718, 0.972688743, 0.285841449, 0.0711107082, 0.345656936, 0.743294475, 0.438111651, 0.817788431;0.549326365, 0.929791723, 0.947863442, 0.069304506, 0.45641344, 0.609689061, 0.255872541, 0.407076779, 0.677681541, 0.226734227, 0.601981353, 0.697447828, 0.0904963111, 0.497529316, 0.26308003, 0.724386356, 0.189555509]
kparam0_degree = 3
kparam1_inhomogene = 'True'
km_test = [59.0843624, 37.0062671, 45.2696793, 39.1220826, 40.3121161, 29.1363331, 59.9271364, 43.1840088, 15.4858949, 47.2536703, 60.6768866, 51.3296439, 27.4570496, 31.8203848, 60.5675303, 37.8962357, 41.7215269;101.616142, 59.5541536, 78.3359111, 56.892474, 63.5749512, 42.2898839, 72.0064767, 69.5621056, 27.5593172, 47.0904536, 69.7909688, 71.3663471, 42.2430339, 54.1732087, 85.7297479, 72.0556439, 55.7094002;99.9625289, 56.5637953, 58.5014873, 48.7449208, 67.5924673, 57.7426473, 55.8996385, 60.89499, 26.6547422, 67.975338, 74.295998, 88.8480476, 38.6104553, 47.2218749, 67.2258784, 52.5878727, 59.5544577;169.480912, 112.901076, 154.16899, 78.0173527, 117.695066, 70.7157746, 101.386557, 108.708514, 51.249743, 67.4651274, 103.652391, 120.970833, 60.9917626, 85.9308675, 122.339274, 115.418486, 79.6121237;104.623794, 66.4967974, 74.349801, 53.1852827, 91.0769394, 61.339636, 64.8156451, 86.5030231, 36.4753151, 59.9674071, 88.1805291, 106.695516, 43.9556722, 60.3110801, 87.3846042, 56.8372207, 64.4939861;74.0111115, 43.9496135, 34.0239509, 29.8391061, 36.9605992, 42.7426069, 24.8057734, 34.6813013, 16.4647517, 31.2325981, 20.7546521, 34.8634754, 16.1660614, 37.3529039, 36.3052908, 38.595969, 31.6771526;134.383998, 117.680973, 108.159839, 48.9675878, 52.8851174, 75.4049675, 51.4430211, 55.2628594, 44.4624855, 80.5115604, 90.4038269, 73.3154735, 21.1053578, 63.5024532, 67.9834913, 88.6972656, 62.93057;111.235, 60.9395211, 39.6653639, 45.8247885, 67.1432051, 48.5747353, 59.9610967, 67.4697698, 20.9686774, 60.114588, 64.5477815, 65.5490278, 20.7905494, 36.689636, 80.109936, 43.3252748, 73.3761209;106.665856, 68.4438317, 103.439214, 54.4174567, 71.2998429, 57.1541334, 77.2152451, 65.05095, 28.0357838, 54.8773476, 86.3748835, 85.5989077, 41.3664884, 63.703653, 82.802162, 79.1302029, 53.4623362;171.543856, 155.795232, 185.035111, 67.4020173, 145.721057, 74.3324145, 66.370608, 103.272174, 74.9071823, 72.1291905, 130.998114, 153.899085, 53.7454436, 81.0292378, 97.8343685, 100.277865, 74.1818724;170.863501, 131.025036, 182.083161, 70.6908877, 136.198189, 90.0439892, 114.302044, 102.150237, 59.6444207, 112.578407, 144.30462, 157.695267, 60.6869867, 78.3793023, 114.915748, 100.859643, 90.6651526]
accuracy = 1e-06
data_class = 'rand'
