name = 'Poly'
feature_type = 'Real'
data_type = 'double'
km_train = [24.4778474, 22.2739487, 14.241744, 24.6913931, 14.7341056, 2.89605566, 16.8495149, 13.9889922, 24.5079816, 10.0487084, 28.8263067;22.2739487, 42.2738132, 17.9308755, 59.8579555, 21.8944651, 11.0754508, 25.7842604, 21.2148843, 34.354968, 28.0164653, 38.3720095;14.241744, 17.9308755, 44.1655368, 26.5669767, 34.8392395, 13.3672651, 27.2669828, 20.6643097, 20.5769277, 39.80739, 44.4615404;24.6913931, 59.8579555, 26.5669767, 112.995435, 38.6110302, 21.3758273, 46.4020576, 31.0189315, 57.3230794, 78.6535414, 84.3949599;14.7341056, 21.8944651, 34.8392395, 38.6110302, 53.6003804, 12.2045317, 22.8516274, 25.6805926, 31.4595656, 50.6086689, 47.0889792;2.89605566, 11.0754508, 13.3672651, 21.3758273, 12.2045317, 17.3972048, 14.8788411, 10.9213735, 8.24003673, 20.100922, 14.9898695;16.8495149, 25.7842604, 27.2669828, 46.4020576, 22.8516274, 14.8788411, 83.3454186, 23.605379, 33.8761418, 58.0636954, 63.5165279;13.9889922, 21.2148843, 20.6643097, 31.0189315, 25.6805926, 10.9213735, 23.605379, 33.7612767, 20.7757011, 25.1404084, 28.0055698;24.5079816, 34.354968, 20.5769277, 57.3230794, 31.4595656, 8.24003673, 33.8761418, 20.7757011, 51.5995142, 41.0424742, 58.7067751;10.0487084, 28.0164653, 39.80739, 78.6535414, 50.6086689, 20.100922, 58.0636954, 25.1404084, 41.0424742, 168.306854, 105.244275;28.8263067, 38.3720095, 44.4615404, 84.3949599, 47.0889792, 14.9898695, 63.5165279, 28.0055698, 58.7067751, 105.244275, 149.454275]
data_train = [0.105219555, 0.672019762, 0.635427921, 0.805763918, 0.825248667, 0.868203076, 0.414131515, 0.697864395, 0.268250359, 0.99933628, 0.175334241;0.0101144317, 0.148808715, 0.77587229, 0.446783677, 0.447500248, 0.95502292, 0.919634908, 0.311194738, 0.209058129, 0.84848221, 0.906019071;0.541596923, 0.629423711, 0.256914285, 0.800802688, 0.632122428, 0.503513511, 0.0601085561, 0.915934963, 0.61545142, 0.192691095, 0.606386117;0.677463354, 0.525770337, 0.718101738, 0.581453948, 0.947769582, 0.0536970786, 0.106245708, 0.173671637, 0.690171071, 0.645595873, 0.89205886;0.732877453, 0.508355488, 0.991831792, 0.266107956, 0.83319166, 0.426790372, 0.648735139, 0.72726847, 0.633754087, 0.140507303, 0.442951011;0.561438378, 0.849043759, 0.443645749, 0.918747305, 0.440374223, 0.548779859, 0.796285683, 0.583067684, 0.960218072, 0.660335831, 0.522709454;0.0235919678, 0.413732898, 0.299248419, 0.748105668, 0.208277675, 0.205220087, 0.189519043, 0.125615613, 0.311007004, 0.885922114, 0.774928472;0.735251216, 0.797336806, 0.269417889, 0.887441691, 0.137303375, 0.336345727, 0.586748119, 0.102905088, 0.730130188, 0.387246048, 0.784405666;0.492896286, 0.180874524, 0.734761811, 0.252143956, 0.490810301, 0.0755332692, 0.617866654, 0.665857766, 0.37867421, 0.95442278, 0.874168921;0.707940916, 0.713652074, 0.252401715, 0.656815231, 0.198206265, 0.144003224, 0.999467894, 0.622375931, 0.430987873, 0.288164523, 0.603920444;0.0495935082, 0.0946809905, 0.0328566977, 0.499169833, 0.600606629, 0.0624797614, 0.721224467, 0.230395072, 0.685201454, 0.98189714, 0.69110587]
feature_class = 'simple'
kparam2_use_normalization = 'False'
data_test = [0.883193053, 0.948198507, 0.486751048, 0.702324979, 0.851969254, 0.356608913, 0.261397317, 0.946598573, 0.7263035, 0.219682133, 0.449083393, 0.79645177, 0.547062991, 0.649952098, 0.753768202, 0.622009189, 0.540079322;0.749614284, 0.727563035, 0.6298724, 0.359789413, 0.405812092, 0.970438549, 0.112385932, 0.268504917, 0.492401759, 0.836729686, 0.163675664, 0.276954618, 0.0657982178, 0.705985266, 0.238209435, 0.388674751, 0.443701447;0.891313936, 0.41133029, 0.14522502, 0.524314938, 0.962957995, 0.607685641, 0.98338722, 0.841107309, 0.0359657562, 0.658399595, 0.286766878, 0.559616856, 0.279345191, 0.348870417, 0.923168712, 0.206643185, 0.874109118;0.0304578081, 0.0908765384, 0.854675041, 0.630556031, 0.747236138, 0.209417671, 0.537083456, 0.737219224, 0.627314137, 0.471698767, 0.959783786, 0.676157333, 0.9077508, 0.729770512, 0.735463529, 0.0800182698, 0.359464622;0.858369407, 0.232603862, 0.115505866, 0.326106057, 0.220437885, 0.925288195, 0.867966642, 0.49968323, 0.0613438745, 0.714562346, 0.623411731, 0.970554671, 0.55895324, 0.336393723, 0.519021694, 0.979263291, 0.696362433;0.671976138, 0.24068159, 0.743602518, 0.750271829, 0.317288984, 0.483713832, 0.294603333, 0.25870507, 0.0258960702, 0.285211745, 0.55396995, 0.00160118755, 0.283219084, 0.881410332, 0.593648585, 0.607862824, 0.403364305;0.676472143, 0.189932766, 0.81874681, 0.11668912, 0.656001355, 0.341149326, 0.747512971, 0.549764551, 0.452353038, 0.169422402, 0.636821464, 0.974769843, 0.825603425, 0.0600081926, 0.376229378, 0.925583009, 0.503043748;0.662111826, 0.912599346, 0.87379469, 0.501820376, 0.437646303, 0.339692618, 0.719019443, 0.286986799, 0.249887606, 0.356249895, 0.177215057, 0.695119816, 0.616240649, 0.482878534, 0.390325779, 0.909062543, 0.029123785;0.769107744, 0.901909572, 0.446354579, 0.550690491, 0.944463688, 0.212277515, 0.520134848, 0.474721127, 0.258392648, 0.81859323, 0.899600595, 0.78193258, 0.195358961, 0.0867486355, 0.605444485, 0.0570947605, 0.672825889;0.53042422, 0.662785733, 0.590170774, 0.42270257, 0.20087718, 0.305702136, 0.524500574, 0.651868094, 0.779483017, 0.767170718, 0.972688743, 0.285841449, 0.0711107082, 0.345656936, 0.743294475, 0.438111651, 0.817788431;0.549326365, 0.929791723, 0.947863442, 0.069304506, 0.45641344, 0.609689061, 0.255872541, 0.407076779, 0.677681541, 0.226734227, 0.601981353, 0.697447828, 0.0904963111, 0.497529316, 0.26308003, 0.724386356, 0.189555509]
kparam0_degree = 3
kparam1_inhomogene = 'False'
km_test = [24.2593219, 12.6886282, 16.8556763, 13.7334144, 14.3280853, 8.96163236, 24.7256489, 15.7828086, 3.32502156, 17.8882572, 25.1417678, 20.0439076, 8.20370253, 10.202089, 25.0810005, 13.1260936, 15.0386274;49.2879701, 24.5190816, 35.2482998, 23.0537271, 26.761087, 15.3270175, 31.5632557, 30.1578747, 8.24943685, 17.8028827, 30.2890184, 31.1942222, 15.3032057, 21.573179, 39.6300743, 31.5916292, 22.4074759;48.268662, 22.8738671, 23.9376963, 18.6717359, 29.0330865, 23.5200856, 22.5111768, 25.2630382, 7.84688077, 29.2511828, 32.8887779, 41.5008965, 13.4792805, 17.8716199, 28.8245159, 20.7181159, 24.5192499;93.2070168, 56.3218093, 82.999865, 35.0613202, 59.3481833, 30.819886, 49.1462688, 53.6933272, 20.0012289, 28.9606086, 50.5472826, 61.4283546, 25.3168776, 39.7503421, 62.300183, 57.9083083, 35.9989227;51.149626, 28.4104417, 32.920031, 21.0396136, 42.8459277, 25.5105767, 27.4594467, 40.0927866, 12.4290599, 24.7479694, 41.0993328, 52.4375932, 16.1781979, 24.938594, 40.6212902, 23.0234742, 27.2781048;32.7233711, 16.1750863, 11.2450294, 9.2830814, 12.6662602, 15.5574803, 7.0384332, 11.5601558, 3.68085114, 9.92753248, 5.3422831, 11.6478022, 3.57126206, 12.8586664, 12.3461681, 13.4720986, 10.1350395;70.0422024, 59.3392547, 53.3506444, 18.7892459, 20.877969, 33.5339035, 20.1044955, 22.1643912, 16.438882, 36.5294041, 42.4390647, 32.3200384, 5.48464878, 26.7203724, 29.25583, 41.4101385, 26.3995702;55.2751965, 25.2878106, 14.0042858, 17.1434334, 28.777513, 18.5820133, 24.7444715, 28.9632504, 5.42905701, 24.8295755, 27.3084191, 27.8736486, 5.35681355, 12.5337061, 36.2923806, 15.8550524, 32.3551702;52.4191219, 29.5184144, 50.4152331, 21.7054562, 31.1559227, 23.1970869, 34.5912092, 27.5922308, 8.46324864, 21.9549034, 40.0160545, 39.5518626, 14.8590136, 26.8333907, 37.8857311, 35.7151854, 21.1890078;94.5930042, 84.0769597, 103.715658, 28.9246993, 77.433072, 32.909931, 28.3388739, 50.3117959, 33.2440797, 31.6340794, 67.8538443, 82.8212689, 21.3418592, 36.8352682, 46.9613834, 48.4628032, 32.8225;94.1356368, 67.8712087, 101.711152, 30.8055806, 71.2184414, 42.2217976, 57.2039672, 49.6178412, 24.5690467, 56.1188998, 76.50453, 85.3375606, 25.1473815, 35.2737804, 57.590995, 48.8212759, 42.5969547]
accuracy = 1e-06
data_class = 'rand'
