name = 'PolyMatchWord'
feature_type = 'Word'
data_type = 'ushort'
km_train = [1, 0.000751314801, 0, 0.00601051841, 0, 0, 0, 0, 0, 0.000751314801, 0;0.000751314801, 1, 0, 0.000751314801, 0, 0, 0, 0.000751314801, 0, 0.000751314801, 0;0, 0, 1, 0.000751314801, 0, 0, 0, 0, 0, 0, 0;0.00601051841, 0.000751314801, 0.000751314801, 1, 0, 0, 0, 0, 0, 0, 0;0, 0, 0, 0, 1, 0, 0, 0.00601051841, 0.000751314801, 0, 0;0, 0, 0, 0, 0, 1, 0.000751314801, 0.00601051841, 0.000751314801, 0, 0;0, 0, 0, 0, 0, 0.000751314801, 1, 0, 0, 0, 0;0, 0.000751314801, 0, 0, 0.00601051841, 0.00601051841, 0, 1, 0.000751314801, 0.0202854996, 0;0, 0, 0, 0, 0.000751314801, 0.000751314801, 0, 0.000751314801, 1, 0, 0;0.000751314801, 0.000751314801, 0, 0, 0, 0, 0, 0.0202854996, 0, 1, 0;0, 0, 0, 0, 0, 0, 0, 0, 0, 0, 1]
data_train = ['3', '10', '21', '3', '16', '7', '33', '10', '30', '10', '37';'20', '29', '9', '25', '26', '7', '38', '7', '7', '33', '15';'40', '12', '22', '11', '26', '21', '31', '26', '1', '32', '25';'27', '18', '4', '32', '19', '29', '7', '37', '16', '0', '2';'25', '30', '7', '7', '34', '38', '27', '3', '15', '12', '19';'4', '36', '19', '23', '35', '33', '33', '18', '16', '4', '24';'17', '7', '26', '14', '12', '15', '21', '19', '12', '19', '1';'34', '18', '36', '5', '13', '3', '21', '38', '35', '33', '26';'6', '2', '32', '1', '41', '15', '24', '14', '23', '14', '30';'13', '13', '5', '13', '16', '17', '19', '16', '15', '39', '38';'31', '8', '26', '32', '9', '16', '35', '16', '17', '22', '33']
feature_class = 'simple'
data_test = ['7', '12', '22', '19', '21', '22', '40', '34', '2', '33', '32', '16', '18', '29', '22', '14', '13';'1', '38', '17', '5', '31', '20', '39', '27', '26', '1', '32', '15', '38', '21', '12', '1', '13';'37', '40', '27', '6', '17', '40', '35', '40', '35', '3', '29', '23', '19', '30', '23', '6', '25';'12', '7', '4', '12', '28', '19', '13', '31', '26', '24', '3', '20', '17', '38', '14', '37', '23';'7', '27', '20', '15', '15', '34', '16', '8', '34', '28', '38', '17', '11', '18', '21', '14', '0';'1', '7', '21', '24', '1', '8', '8', '12', '5', '29', '14', '14', '6', '10', '39', '37', '39';'1', '38', '9', '16', '6', '39', '38', '3', '34', '35', '30', '24', '40', '12', '17', '20', '0';'35', '7', '20', '20', '26', '18', '22', '34', '39', '41', '4', '40', '7', '10', '15', '38', '23';'20', '22', '37', '7', '6', '1', '29', '12', '22', '28', '37', '36', '19', '32', '28', '14', '22';'41', '2', '36', '28', '7', '21', '28', '1', '40', '0', '19', '20', '36', '7', '26', '34', '5';'18', '17', '0', '24', '26', '6', '41', '28', '30', '35', '18', '5', '24', '30', '8', '19', '9']
kparam0_degree = 3
kparam1_inhomogene = 'False'
km_test = [0, 0.000751314801, 0, 0, 0.000751314801, 0.00601051841, 0, 0.00601051841, 0, 0, 0, 0, 0, 0, 0.000751314801, 0, 0;0, 0, 0, 0, 0, 0.000751314801, 0, 0, 0, 0, 0, 0, 0, 0, 0.000751314801, 0, 0;0.000751314801, 0, 0.000751314801, 0, 0.00601051841, 0, 0, 0, 0, 0, 0, 0, 0, 0.000751314801, 0, 0, 0.000751314801;0.000751314801, 0, 0, 0, 0, 0.000751314801, 0, 0, 0, 0, 0, 0, 0, 0, 0, 0, 0;0, 0, 0, 0, 0, 0.00601051841, 0, 0, 0.00601051841, 0, 0, 0.000751314801, 0, 0.000751314801, 0, 0, 0.000751314801;0.000751314801, 0, 0, 0, 0, 0, 0, 0, 0, 0, 0.000751314801, 0, 0, 0, 0, 0, 0;0, 0.0202854996, 0, 0, 0, 0, 0, 0, 0, 0.00601051841, 0.000751314801, 0, 0.000751314801, 0, 0, 0, 0;0, 0, 0, 0, 0, 0, 0, 0, 0, 0, 0, 0, 0, 0, 0, 0.0202854996, 0;0.000751314801, 0.000751314801, 0, 0.000751314801, 0.000751314801, 0, 0, 0, 0, 0, 0, 0, 0, 0.000751314801, 0, 0, 0;0, 0, 0, 0, 0, 0, 0, 0, 0, 0, 0, 0, 0, 0, 0, 0.000751314801, 0;0.000751314801, 0, 0, 0.000751314801, 0.000751314801, 0, 0, 0, 0, 0, 0, 0.000751314801, 0, 0, 0, 0, 0.000751314801]
accuracy = 1e-10
data_class = 'rand'
