name = 'PolyMatchString'
feature_type = 'Char'
data_type = ''
km_train = [1, 0.00616203704, 0.015625, 0.0227453704, 0.0101712963, 0.00462962963, 0.015625, 0.003375, 0.00462962963, 0.037037037, 0.015625;0.00616203704, 1, 0.0127037037, 0.00462962963, 0.018962963, 0.0127037037, 0.018962963, 0.008, 0.0227453704, 0.015625, 0.00462962963;0.015625, 0.0127037037, 1, 0.008, 0.0227453704, 0.015625, 0.015625, 0.0563287037, 0.0101712963, 0.015625, 0.0227453704;0.0227453704, 0.00462962963, 0.008, 1, 0.015625, 0.0101712963, 0.0101712963, 0.0227453704, 0.00616203704, 0.0127037037, 0.0317546296;0.0101712963, 0.018962963, 0.0227453704, 0.015625, 1, 0.008, 0.008, 0.0101712963, 0.0317546296, 0.015625, 0.00616203704;0.00462962963, 0.0127037037, 0.015625, 0.0101712963, 0.008, 1, 0.0101712963, 0.018962963, 0.042875, 0.00616203704, 0.0127037037;0.015625, 0.018962963, 0.015625, 0.0101712963, 0.008, 0.0101712963, 1, 0.008, 0.018962963, 0.027, 0.008;0.003375, 0.008, 0.0563287037, 0.0227453704, 0.0101712963, 0.018962963, 0.008, 1, 0.0317546296, 0.0127037037, 0.015625;0.00462962963, 0.0227453704, 0.0101712963, 0.00616203704, 0.0317546296, 0.042875, 0.018962963, 0.0317546296, 1, 0.015625, 0.008;0.037037037, 0.015625, 0.015625, 0.0127037037, 0.015625, 0.00616203704, 0.027, 0.0127037037, 0.015625, 1, 0.00237037037;0.015625, 0.00462962963, 0.0227453704, 0.0317546296, 0.00616203704, 0.0127037037, 0.008, 0.015625, 0.008, 0.00237037037, 1]
data_train = ['TACGAGCCCTTGAGGATAGCATCCCCAATCACAAGCTGGATACGACTGGCTAGTACGAGG', 'CGATAGCGCTGCACTAGCTTGAGGGGTTAGTTCCACGGCCCCGAGGATACACCCAGAGAA', 'CGTCAGGGTCCATCGATTGCGGACGTGACATAATCCCTCTCAGCCAGCCACTGTCTGCCT', 'GAGATTGTCGATGTTTGAATATCCCCACCCTATTTGCCAGACCCTCCTCGTAGTCGTTAA', 'ATGAAGGGGTAGCGCCACGACTTAGCTCCACATTACGACCCTATAATGCGCACCGTTGTC', 'ACTCTTCCGACAAACTATTTGTAGGTGCAGCCCGGCACTGAGATTTGCAGTGAAAGCCGT', 'AGCCCGGTGTCAGGAGGCGCACGGCACGGGTACTTATTTTTTGATCTAGTGCAGAAAAAT', 'TTAAGTGCACGATCGTGTTCCCACATTCTAGGTCGGACCTGTGCTGCGCAGTTTCGACTT', 'TCTAATGGGAAATTAGTCTAGAGTAAGCGGCATGGCAGCAGGTATCAGTAACCAGGCATC', 'CACTGGGTCATCTGTGATTTGCCAGCGGCTGCGATATGCATCCCGATGTACAAGTCAATT', 'TGTACTCGCCCTCTCCGGCCCTACTCCTACAGCGCGCACAAGTCCTGATTGAGTTAGTAG']
feature_class = 'string'
seqlen = 60
data_test = ['ACGGGCACATGGGAACAGGTGCGTCCTCCTTGGTCATCGGACAATAGATTCATTTTCTAG', 'TATCATGAAAGAAAGTTATGTCCTAGTTTGAACGAAGTTTTGTGTTTCAAAAACGGAGGG']
kparam0_degree = 3
kparam1_inhomogene = 'False'
km_test = [0.008, 0.018962963;0.00462962963, 0.0227453704;0.00616203704, 0.008;0.027, 0.00462962963;0.0227453704, 0.00616203704;0.015625, 0.042875;0.0227453704, 0.018962963;0.008, 0.027;0.00462962963, 0.042875;0.0227453704, 0.0101712963;0.018962963, 0.008]
alphabet = 'DNA'
accuracy = 1e-10
data_class = 'dna'
