name = 'Poly'
feature_type = 'Real'
data_type = 'double'
km_train = [1, 0.692428432, 0.433146497, 0.469492363, 0.406774041, 0.140339704, 0.373043884, 0.486620484, 0.68960139, 0.156557086, 0.476593616;0.692428432, 1, 0.414976999, 0.866075428, 0.459954308, 0.408400216, 0.434388281, 0.561559172, 0.735581893, 0.332144242, 0.482752642;0.433146497, 0.414976999, 1, 0.376071073, 0.716049381, 0.482237598, 0.449422138, 0.535142836, 0.431038406, 0.461711876, 0.547253536;0.469492363, 0.866075428, 0.376071073, 1, 0.496131731, 0.482117332, 0.47815194, 0.502211848, 0.75071701, 0.57034407, 0.649429317;0.406774041, 0.459954308, 0.716049381, 0.496131731, 1, 0.399666224, 0.341894672, 0.603686792, 0.598199408, 0.532831728, 0.526115586;0.140339704, 0.408400216, 0.482237598, 0.482117332, 0.399666224, 1, 0.390740567, 0.45063829, 0.275021473, 0.371471363, 0.29397063;0.373043884, 0.434388281, 0.449422138, 0.47815194, 0.341894672, 0.390740567, 1, 0.445000686, 0.516571295, 0.490244697, 0.569104097;0.486620484, 0.561559172, 0.535142836, 0.502211848, 0.603686792, 0.45063829, 0.445000686, 1, 0.497763963, 0.333512408, 0.394258269;0.68960139, 0.735581893, 0.431038406, 0.75071701, 0.598199408, 0.275021473, 0.516571295, 0.497763963, 1, 0.440412692, 0.668515138;0.156557086, 0.332144242, 0.461711876, 0.57034407, 0.532831728, 0.371471363, 0.490244697, 0.333512408, 0.440412692, 1, 0.663580184;0.476593616, 0.482752642, 0.547253536, 0.649429317, 0.526115586, 0.29397063, 0.569104097, 0.394258269, 0.668515138, 0.663580184, 1]
data_train = [0.105219555, 0.672019762, 0.635427921, 0.805763918, 0.825248667, 0.868203076, 0.414131515, 0.697864395, 0.268250359, 0.99933628, 0.175334241;0.0101144317, 0.148808715, 0.77587229, 0.446783677, 0.447500248, 0.95502292, 0.919634908, 0.311194738, 0.209058129, 0.84848221, 0.906019071;0.541596923, 0.629423711, 0.256914285, 0.800802688, 0.632122428, 0.503513511, 0.0601085561, 0.915934963, 0.61545142, 0.192691095, 0.606386117;0.677463354, 0.525770337, 0.718101738, 0.581453948, 0.947769582, 0.0536970786, 0.106245708, 0.173671637, 0.690171071, 0.645595873, 0.89205886;0.732877453, 0.508355488, 0.991831792, 0.266107956, 0.83319166, 0.426790372, 0.648735139, 0.72726847, 0.633754087, 0.140507303, 0.442951011;0.561438378, 0.849043759, 0.443645749, 0.918747305, 0.440374223, 0.548779859, 0.796285683, 0.583067684, 0.960218072, 0.660335831, 0.522709454;0.0235919678, 0.413732898, 0.299248419, 0.748105668, 0.208277675, 0.205220087, 0.189519043, 0.125615613, 0.311007004, 0.885922114, 0.774928472;0.735251216, 0.797336806, 0.269417889, 0.887441691, 0.137303375, 0.336345727, 0.586748119, 0.102905088, 0.730130188, 0.387246048, 0.784405666;0.492896286, 0.180874524, 0.734761811, 0.252143956, 0.490810301, 0.0755332692, 0.617866654, 0.665857766, 0.37867421, 0.95442278, 0.874168921;0.707940916, 0.713652074, 0.252401715, 0.656815231, 0.198206265, 0.144003224, 0.999467894, 0.622375931, 0.430987873, 0.288164523, 0.603920444;0.0495935082, 0.0946809905, 0.0328566977, 0.499169833, 0.600606629, 0.0624797614, 0.721224467, 0.230395072, 0.685201454, 0.98189714, 0.69110587]
feature_class = 'simple'
kparam2_use_normalization = 'True'
data_test = [0.883193053, 0.948198507, 0.486751048, 0.702324979, 0.851969254, 0.356608913, 0.261397317, 0.946598573, 0.7263035, 0.219682133, 0.449083393, 0.79645177, 0.547062991, 0.649952098, 0.753768202, 0.622009189, 0.540079322;0.749614284, 0.727563035, 0.6298724, 0.359789413, 0.405812092, 0.970438549, 0.112385932, 0.268504917, 0.492401759, 0.836729686, 0.163675664, 0.276954618, 0.0657982178, 0.705985266, 0.238209435, 0.388674751, 0.443701447;0.891313936, 0.41133029, 0.14522502, 0.524314938, 0.962957995, 0.607685641, 0.98338722, 0.841107309, 0.0359657562, 0.658399595, 0.286766878, 0.559616856, 0.279345191, 0.348870417, 0.923168712, 0.206643185, 0.874109118;0.0304578081, 0.0908765384, 0.854675041, 0.630556031, 0.747236138, 0.209417671, 0.537083456, 0.737219224, 0.627314137, 0.471698767, 0.959783786, 0.676157333, 0.9077508, 0.729770512, 0.735463529, 0.0800182698, 0.359464622;0.858369407, 0.232603862, 0.115505866, 0.326106057, 0.220437885, 0.925288195, 0.867966642, 0.49968323, 0.0613438745, 0.714562346, 0.623411731, 0.970554671, 0.55895324, 0.336393723, 0.519021694, 0.979263291, 0.696362433;0.671976138, 0.24068159, 0.743602518, 0.750271829, 0.317288984, 0.483713832, 0.294603333, 0.25870507, 0.0258960702, 0.285211745, 0.55396995, 0.00160118755, 0.283219084, 0.881410332, 0.593648585, 0.607862824, 0.403364305;0.676472143, 0.189932766, 0.81874681, 0.11668912, 0.656001355, 0.341149326, 0.747512971, 0.549764551, 0.452353038, 0.169422402, 0.636821464, 0.974769843, 0.825603425, 0.0600081926, 0.376229378, 0.925583009, 0.503043748;0.662111826, 0.912599346, 0.87379469, 0.501820376, 0.437646303, 0.339692618, 0.719019443, 0.286986799, 0.249887606, 0.356249895, 0.177215057, 0.695119816, 0.616240649, 0.482878534, 0.390325779, 0.909062543, 0.029123785;0.769107744, 0.901909572, 0.446354579, 0.550690491, 0.944463688, 0.212277515, 0.520134848, 0.474721127, 0.258392648, 0.81859323, 0.899600595, 0.78193258, 0.195358961, 0.0867486355, 0.605444485, 0.0570947605, 0.672825889;0.53042422, 0.662785733, 0.590170774, 0.42270257, 0.20087718, 0.305702136, 0.524500574, 0.651868094, 0.779483017, 0.767170718, 0.972688743, 0.285841449, 0.0711107082, 0.345656936, 0.743294475, 0.438111651, 0.817788431;0.549326365, 0.929791723, 0.947863442, 0.069304506, 0.45641344, 0.609689061, 0.255872541, 0.407076779, 0.677681541, 0.226734227, 0.601981353, 0.697447828, 0.0904963111, 0.497529316, 0.26308003, 0.724386356, 0.189555509]
kparam0_degree = 3
kparam1_inhomogene = 'False'
km_test = [0.391152782, 0.251372914, 0.320816151, 0.619928362, 0.326151643, 0.300214218, 0.658096211, 0.4417051, 0.163129271, 0.561298491, 0.535525988, 0.358449506, 0.371458202, 0.382137961, 0.652669076, 0.295624777, 0.476254122;0.60472733, 0.36962293, 0.510503958, 0.791872072, 0.463538766, 0.390708344, 0.63925537, 0.642243556, 0.307972992, 0.425076479, 0.490931431, 0.424493117, 0.527270367, 0.614888145, 0.7847367, 0.541412473, 0.53997591;0.579399186, 0.337355858, 0.339185477, 0.627469372, 0.492004953, 0.586580856, 0.446051236, 0.526354762, 0.28660208, 0.683304264, 0.521527641, 0.552519902, 0.454372055, 0.49835618, 0.558412402, 0.347376509, 0.578072865;0.699475544, 0.519321815, 0.735264485, 0.736626616, 0.628774619, 0.480541967, 0.608819292, 0.699398347, 0.456720255, 0.422950644, 0.501116514, 0.51129393, 0.533539221, 0.692991817, 0.754559798, 0.607019124, 0.530610957;0.557330619, 0.380350917, 0.423421545, 0.641805471, 0.659088355, 0.577520073, 0.493896729, 0.75825807, 0.412077012, 0.524768902, 0.591591856, 0.633710668, 0.495031536, 0.631256283, 0.714339339, 0.350411918, 0.583777586;0.625853488, 0.38009949, 0.253873583, 0.497052214, 0.342000461, 0.618201802, 0.222210491, 0.383759098, 0.214206457, 0.369499653, 0.134976609, 0.247079353, 0.19180885, 0.571312697, 0.381089723, 0.359904651, 0.380717524;0.612030836, 0.637076579, 0.55029486, 0.459640275, 0.257552283, 0.608799081, 0.289988395, 0.336162817, 0.437074485, 0.6211753, 0.489887423, 0.313229896, 0.134584367, 0.542399556, 0.412578267, 0.505426214, 0.453078182;0.758883729, 0.426571876, 0.226959407, 0.658928005, 0.557778605, 0.530046633, 0.560785863, 0.690196262, 0.226797892, 0.663395195, 0.49528877, 0.424440282, 0.206530292, 0.399749347, 0.804156943, 0.304053632, 0.87247184;0.582131784, 0.402773266, 0.660899808, 0.674832053, 0.488467681, 0.535231156, 0.634119694, 0.531861731, 0.28598176, 0.474483573, 0.587060433, 0.48716529, 0.463397657, 0.692261905, 0.679027958, 0.554015669, 0.462173429;0.581651019, 0.635208814, 0.752818141, 0.49792914, 0.672192421, 0.420442698, 0.287647094, 0.536974488, 0.621995803, 0.378544338, 0.55118185, 0.564837058, 0.368525893, 0.526175497, 0.466041692, 0.416245522, 0.396403897;0.614262877, 0.544154005, 0.783449584, 0.56276207, 0.656079272, 0.572418014, 0.616169619, 0.561976852, 0.487818397, 0.712635468, 0.659484103, 0.6176156, 0.460813568, 0.53470657, 0.606506137, 0.444986565, 0.545935757]
accuracy = 1e-06
data_class = 'rand'
