name = 'Sigmoid'
feature_type = 'Real'
data_type = 'double'
km_train = [0.973318915, 0.970845881, 0.957250376, 0.973539641, 0.958390627, 0.888065729, 0.962721554, 0.956642706, 0.97335025, 0.944583569, 0.977278627;0.970845881, 0.984973777, 0.964636501, 0.990182116, 0.970380577, 0.948289861, 0.974622745, 0.969514842, 0.981073796, 0.976618185, 0.983230336;0.957250376, 0.964636501, 0.985718486, 0.975353691, 0.981356704, 0.955078628, 0.97597817, 0.968781045, 0.968661784, 0.983907235, 0.985829777;0.973539641, 0.990182116, 0.975353691, 0.996086544, 0.983346155, 0.96972376, 0.986527016, 0.978920797, 0.989619386, 0.99322695, 0.99388059;0.958390627, 0.970380577, 0.981356704, 0.983346155, 0.988699803, 0.951857083, 0.971530681, 0.974523218, 0.979227418, 0.987867384, 0.986761106;0.888065729, 0.948289861, 0.955078628, 0.96972376, 0.951857083, 0.963713741, 0.958715378, 0.947764157, 0.936635658, 0.967998064, 0.958961405;0.962721554, 0.974622745, 0.97597817, 0.986527016, 0.971530681, 0.958715378, 0.993768181, 0.97238398, 0.980787205, 0.989788744, 0.990916603;0.956642706, 0.969514842, 0.968781045, 0.978920797, 0.974523218, 0.947764157, 0.97238398, 0.980717413, 0.968931945, 0.973993864, 0.976609083;0.97335025, 0.981073796, 0.968661784, 0.989619386, 0.979227418, 0.936635658, 0.980787205, 0.968931945, 0.988153207, 0.984455725, 0.989932428;0.944583569, 0.976618185, 0.983907235, 0.99322695, 0.987867384, 0.967998064, 0.989788744, 0.973993864, 0.984455725, 0.998028666, 0.995618637;0.977278627, 0.983230336, 0.985829777, 0.99388059, 0.986761106, 0.958961405, 0.990916603, 0.976609083, 0.989932428, 0.995618637, 0.997557947]
data_train = [0.105219555, 0.672019762, 0.635427921, 0.805763918, 0.825248667, 0.868203076, 0.414131515, 0.697864395, 0.268250359, 0.99933628, 0.175334241;0.0101144317, 0.148808715, 0.77587229, 0.446783677, 0.447500248, 0.95502292, 0.919634908, 0.311194738, 0.209058129, 0.84848221, 0.906019071;0.541596923, 0.629423711, 0.256914285, 0.800802688, 0.632122428, 0.503513511, 0.0601085561, 0.915934963, 0.61545142, 0.192691095, 0.606386117;0.677463354, 0.525770337, 0.718101738, 0.581453948, 0.947769582, 0.0536970786, 0.106245708, 0.173671637, 0.690171071, 0.645595873, 0.89205886;0.732877453, 0.508355488, 0.991831792, 0.266107956, 0.83319166, 0.426790372, 0.648735139, 0.72726847, 0.633754087, 0.140507303, 0.442951011;0.561438378, 0.849043759, 0.443645749, 0.918747305, 0.440374223, 0.548779859, 0.796285683, 0.583067684, 0.960218072, 0.660335831, 0.522709454;0.0235919678, 0.413732898, 0.299248419, 0.748105668, 0.208277675, 0.205220087, 0.189519043, 0.125615613, 0.311007004, 0.885922114, 0.774928472;0.735251216, 0.797336806, 0.269417889, 0.887441691, 0.137303375, 0.336345727, 0.586748119, 0.102905088, 0.730130188, 0.387246048, 0.784405666;0.492896286, 0.180874524, 0.734761811, 0.252143956, 0.490810301, 0.0755332692, 0.617866654, 0.665857766, 0.37867421, 0.95442278, 0.874168921;0.707940916, 0.713652074, 0.252401715, 0.656815231, 0.198206265, 0.144003224, 0.999467894, 0.622375931, 0.430987873, 0.288164523, 0.603920444;0.0495935082, 0.0946809905, 0.0328566977, 0.499169833, 0.600606629, 0.0624797614, 0.721224467, 0.230395072, 0.685201454, 0.98189714, 0.69110587]
feature_class = 'simple'
data_test = [0.883193053, 0.948198507, 0.486751048, 0.702324979, 0.851969254, 0.356608913, 0.261397317, 0.946598573, 0.7263035, 0.219682133, 0.449083393, 0.79645177, 0.547062991, 0.649952098, 0.753768202, 0.622009189, 0.540079322;0.749614284, 0.727563035, 0.6298724, 0.359789413, 0.405812092, 0.970438549, 0.112385932, 0.268504917, 0.492401759, 0.836729686, 0.163675664, 0.276954618, 0.0657982178, 0.705985266, 0.238209435, 0.388674751, 0.443701447;0.891313936, 0.41133029, 0.14522502, 0.524314938, 0.962957995, 0.607685641, 0.98338722, 0.841107309, 0.0359657562, 0.658399595, 0.286766878, 0.559616856, 0.279345191, 0.348870417, 0.923168712, 0.206643185, 0.874109118;0.0304578081, 0.0908765384, 0.854675041, 0.630556031, 0.747236138, 0.209417671, 0.537083456, 0.737219224, 0.627314137, 0.471698767, 0.959783786, 0.676157333, 0.9077508, 0.729770512, 0.735463529, 0.0800182698, 0.359464622;0.858369407, 0.232603862, 0.115505866, 0.326106057, 0.220437885, 0.925288195, 0.867966642, 0.49968323, 0.0613438745, 0.714562346, 0.623411731, 0.970554671, 0.55895324, 0.336393723, 0.519021694, 0.979263291, 0.696362433;0.671976138, 0.24068159, 0.743602518, 0.750271829, 0.317288984, 0.483713832, 0.294603333, 0.25870507, 0.0258960702, 0.285211745, 0.55396995, 0.00160118755, 0.283219084, 0.881410332, 0.593648585, 0.607862824, 0.403364305;0.676472143, 0.189932766, 0.81874681, 0.11668912, 0.656001355, 0.341149326, 0.747512971, 0.549764551, 0.452353038, 0.169422402, 0.636821464, 0.974769843, 0.825603425, 0.0600081926, 0.376229378, 0.925583009, 0.503043748;0.662111826, 0.912599346, 0.87379469, 0.501820376, 0.437646303, 0.339692618, 0.719019443, 0.286986799, 0.249887606, 0.356249895, 0.177215057, 0.695119816, 0.616240649, 0.482878534, 0.390325779, 0.909062543, 0.029123785;0.769107744, 0.901909572, 0.446354579, 0.550690491, 0.944463688, 0.212277515, 0.520134848, 0.474721127, 0.258392648, 0.81859323, 0.899600595, 0.78193258, 0.195358961, 0.0867486355, 0.605444485, 0.0570947605, 0.672825889;0.53042422, 0.662785733, 0.590170774, 0.42270257, 0.20087718, 0.305702136, 0.524500574, 0.651868094, 0.779483017, 0.767170718, 0.972688743, 0.285841449, 0.0711107082, 0.345656936, 0.743294475, 0.438111651, 0.817788431;0.549326365, 0.929791723, 0.947863442, 0.069304506, 0.45641344, 0.609689061, 0.255872541, 0.407076779, 0.677681541, 0.226734227, 0.601981353, 0.697447828, 0.0904963111, 0.497529316, 0.26308003, 0.724386356, 0.189555509]
km_test = [0.973089811, 0.953248827, 0.962732983, 0.956012007, 0.957454415, 0.940059631, 0.973574763, 0.960644326, 0.894954741, 0.964564335, 0.973995219, 0.967916935, 0.936452981, 0.945169134, 0.973934522, 0.954443724, 0.959068611;0.987469604, 0.973361776, 0.981590411, 0.97176382, 0.975529541, 0.959692508, 0.979298516, 0.978299842, 0.936682748, 0.964418989, 0.978396336, 0.979043654, 0.959641645, 0.969976607, 0.983825983, 0.979317902, 0.971006646;0.987148673, 0.971556496, 0.972746524, 0.965850923, 0.977442339, 0.972289611, 0.971130461, 0.974115644, 0.934601529, 0.977612916, 0.980173626, 0.984651833, 0.955368009, 0.964536093, 0.977277201, 0.968854093, 0.973361951;0.994718321, 0.989383566, 0.993730513, 0.981484172, 0.990072715, 0.978779858, 0.987425735, 0.988724251, 0.967855972, 0.977385179, 0.987849328, 0.990507945, 0.974168808, 0.983881164, 0.990681855, 0.98975356, 0.982007211;0.988024727, 0.976943385, 0.980193532, 0.969284491, 0.985205302, 0.974358572, 0.976145271, 0.984036665, 0.952512036, 0.973597605, 0.984480262, 0.988386978, 0.96143787, 0.973791343, 0.984272042, 0.971729128, 0.975987879;0.980067735, 0.961431737, 0.948856981, 0.941470367, 0.953186172, 0.960178886, 0.929976064, 0.949880226, 0.899959006, 0.944112377, 0.917670557, 0.950157997, 0.898477761, 0.953720086, 0.952272181, 0.955349558, 0.944914628;0.992037049, 0.990070783, 0.988633712, 0.966036842, 0.969069382, 0.980578047, 0.968003137, 0.970712836, 0.961945572, 0.982292732, 0.985041233, 0.979805647, 0.918877115, 0.97549283, 0.977616527, 0.984613318, 0.975200335;0.989128257, 0.974140128, 0.956679922, 0.963259903, 0.977239711, 0.965707766, 0.973594028, 0.977387266, 0.918410509, 0.973680838, 0.97601431, 0.976498422, 0.917795466, 0.952811655, 0.982166062, 0.960791492, 0.979828698;0.988381902, 0.977819047, 0.987810348, 0.970144062, 0.979016911, 0.97192724, 0.981212663, 0.976259436, 0.937735388, 0.97045553, 0.984002029, 0.983789937, 0.958671162, 0.97559451, 0.982990716, 0.981851456, 0.969481021;0.994834823, 0.993846845, 0.995517061, 0.97735677, 0.993074903, 0.980187102, 0.976884868, 0.98777968, 0.980398028, 0.979346851, 0.991685443, 0.993710915, 0.969679872, 0.982454078, 0.986718104, 0.987210771, 0.980131306;0.994796791, 0.991688323, 0.995378705, 0.97876967, 0.992216988, 0.984952446, 0.989591751, 0.98757082, 0.973413558, 0.989334786, 0.992955846, 0.99397905, 0.974000815, 0.981604813, 0.989681139, 0.987324219, 0.98510524]
kparam1_gamma_ = 0.5
kparam2_coef0 = 0.7
accuracy = 1e-09
kparam0_size = 10
data_class = 'rand'
