name = 'SimpleLocalityImprovedString'
feature_type = 'Char'
data_type = ''
km_train = [0.59049, 3.52241096e-16, 1.28612954e-14, 1.28186414e-08, 9.0806635e-19, 4.02233275e-21, 3.26177566e-17, 2.33453092e-25, 1.02470585e-17, 2.9593183e-13, 1.5882434e-16;3.52241096e-16, 0.59049, 2.02258546e-18, 1.22782456e-22, 4.4391684e-12, 4.52099356e-14, 1.21336517e-17, 1.66774536e-20, 2.81554587e-14, 2.04149495e-16, 7.47594515e-21;1.28612954e-14, 2.02258546e-18, 0.59049, 3.21911464e-15, 4.09299627e-14, 3.00671084e-14, 7.39582974e-17, 3.46517546e-12, 1.73825279e-18, 3.83760245e-18, 5.85453093e-18;1.28186414e-08, 1.22782456e-22, 3.21911464e-15, 0.59049, 1.11203914e-12, 1.26077239e-18, 9.38460469e-17, 1.01478574e-17, 4.33641567e-20, 4.84775765e-19, 5.354826e-17;9.0806635e-19, 4.4391684e-12, 4.09299627e-14, 1.11203914e-12, 0.59049, 1.04098706e-19, 1.65491103e-18, 1.69888944e-17, 8.33672055e-14, 1.39262102e-15, 2.89053693e-18;4.02233275e-21, 4.52099356e-14, 3.00671084e-14, 1.26077239e-18, 1.04098706e-19, 0.59049, 4.59761867e-22, 3.52372229e-17, 7.94872886e-11, 4.97749713e-13, 4.68773363e-18;3.26177566e-17, 1.21336517e-17, 7.39582974e-17, 9.38460469e-17, 1.65491103e-18, 4.59761867e-22, 0.59049, 4.79992656e-18, 1.19422942e-15, 2.14925225e-17, 7.57132971e-22;2.33453092e-25, 1.66774536e-20, 3.46517546e-12, 1.01478574e-17, 1.69888944e-17, 3.52372229e-17, 4.79992656e-18, 0.59049, 1.46137346e-15, 8.12159543e-21, 1.52331362e-15;1.02470585e-17, 2.81554587e-14, 1.73825279e-18, 4.33641567e-20, 8.33672055e-14, 7.94872886e-11, 1.19422942e-15, 1.46137346e-15, 0.59049, 9.11212142e-19, 4.20249607e-17;2.9593183e-13, 2.04149495e-16, 3.83760245e-18, 4.84775765e-19, 1.39262102e-15, 4.97749713e-13, 2.14925225e-17, 8.12159543e-21, 9.11212142e-19, 0.59049, 5.24704846e-22;1.5882434e-16, 7.47594515e-21, 5.85453093e-18, 5.354826e-17, 2.89053693e-18, 4.68773363e-18, 7.57132971e-22, 1.52331362e-15, 4.20249607e-17, 5.24704846e-22, 0.59049]
data_train = ['TACGAGCCCTTGAGGATAGCATCCCCAATCACAAGCTGGATACGACTGGCTAGTACGAGG', 'CGATAGCGCTGCACTAGCTTGAGGGGTTAGTTCCACGGCCCCGAGGATACACCCAGAGAA', 'CGTCAGGGTCCATCGATTGCGGACGTGACATAATCCCTCTCAGCCAGCCACTGTCTGCCT', 'GAGATTGTCGATGTTTGAATATCCCCACCCTATTTGCCAGACCCTCCTCGTAGTCGTTAA', 'ATGAAGGGGTAGCGCCACGACTTAGCTCCACATTACGACCCTATAATGCGCACCGTTGTC', 'ACTCTTCCGACAAACTATTTGTAGGTGCAGCCCGGCACTGAGATTTGCAGTGAAAGCCGT', 'AGCCCGGTGTCAGGAGGCGCACGGCACGGGTACTTATTTTTTGATCTAGTGCAGAAAAAT', 'TTAAGTGCACGATCGTGTTCCCACATTCTAGGTCGGACCTGTGCTGCGCAGTTTCGACTT', 'TCTAATGGGAAATTAGTCTAGAGTAAGCGGCATGGCAGCAGGTATCAGTAACCAGGCATC', 'CACTGGGTCATCTGTGATTTGCCAGCGGCTGCGATATGCATCCCGATGTACAAGTCAATT', 'TGTACTCGCCCTCTCCGGCCCTACTCCTACAGCGCGCACAAGTCCTGATTGAGTTAGTAG']
feature_class = 'string'
kparam0_length = 5
seqlen = 60
data_test = ['ACGGGCACATGGGAACAGGTGCGTCCTCCTTGGTCATCGGACAATAGATTCATTTTCTAG', 'TATCATGAAAGAAAGTTATGTCCTAGTTTGAACGAAGTTTTGTGTTTCAAAAACGGAGGG']
km_test = [1.71005349e-21, 5.61502961e-18;9.02705018e-19, 1.05914642e-13;1.65210316e-17, 8.75492798e-21;1.10264977e-12, 9.81761911e-24;6.58810643e-15, 4.7598254e-20;1.14147828e-14, 8.67683221e-14;7.39502552e-16, 1.09720566e-11;1.42616251e-19, 1.27191358e-14;1.88334012e-18, 5.95055213e-16;2.92073589e-14, 2.61777428e-19;2.47319145e-13, 1.62625894e-17]
alphabet = 'DNA'
kparam1_inner_degree = 7
kparam2_outer_degree = 5
accuracy = 1e-15
data_class = 'dna'
