name = 'WeightedDegreeString'
feature_type = 'Char'
data_type = ''
km_train = [1, 0.0261756877, 0.0366459627, 0.0722271517, 0.0264418811, 0.0211180124, 0.0332741792, 0.015971606, 0.0194321207, 0.0422360248, 0.0332741792;0.0261756877, 1, 0.028216504, 0.0194321207, 0.041703638, 0.0348713398, 0.0351375333, 0.0229813665, 0.0434782609, 0.0332741792, 0.0244010648;0.0366459627, 0.028216504, 1, 0.0279503106, 0.0416149068, 0.0366459627, 0.0333629104, 0.0590062112, 0.0264418811, 0.0299911269, 0.0385980479;0.0722271517, 0.0194321207, 0.0279503106, 1, 0.0366459627, 0.0281277728, 0.0298136646, 0.0401952085, 0.0245785271, 0.0347826087, 0.0420585626;0.0264418811, 0.041703638, 0.0416149068, 0.0366459627, 1, 0.0229813665, 0.02635315, 0.0264418811, 0.0470275067, 0.0399290151, 0.0245785271;0.0211180124, 0.0348713398, 0.0366459627, 0.0281277728, 0.0229813665, 1, 0.0247559894, 0.0317657498, 0.0554569654, 0.0354924579, 0.0332741792;0.0332741792, 0.0351375333, 0.0333629104, 0.0298136646, 0.02635315, 0.0247559894, 1, 0.0229813665, 0.0367346939, 0.0452528838, 0.0229813665;0.015971606, 0.0229813665, 0.0590062112, 0.0401952085, 0.0264418811, 0.0317657498, 0.0229813665, 1, 0.0370896185, 0.028216504, 0.0299911269;0.0194321207, 0.0434782609, 0.0264418811, 0.0245785271, 0.0470275067, 0.0554569654, 0.0367346939, 0.0370896185, 1, 0.0382431233, 0.02635315;0.0422360248, 0.0332741792, 0.0299911269, 0.0347826087, 0.0399290151, 0.0354924579, 0.0452528838, 0.028216504, 0.0382431233, 1, 0.0158828749;0.0332741792, 0.0244010648, 0.0385980479, 0.0420585626, 0.0245785271, 0.0332741792, 0.0229813665, 0.0299911269, 0.02635315, 0.0158828749, 1]
data_train = ['TACGAGCCCTTGAGGATAGCATCCCCAATCACAAGCTGGATACGACTGGCTAGTACGAGG', 'CGATAGCGCTGCACTAGCTTGAGGGGTTAGTTCCACGGCCCCGAGGATACACCCAGAGAA', 'CGTCAGGGTCCATCGATTGCGGACGTGACATAATCCCTCTCAGCCAGCCACTGTCTGCCT', 'GAGATTGTCGATGTTTGAATATCCCCACCCTATTTGCCAGACCCTCCTCGTAGTCGTTAA', 'ATGAAGGGGTAGCGCCACGACTTAGCTCCACATTACGACCCTATAATGCGCACCGTTGTC', 'ACTCTTCCGACAAACTATTTGTAGGTGCAGCCCGGCACTGAGATTTGCAGTGAAAGCCGT', 'AGCCCGGTGTCAGGAGGCGCACGGCACGGGTACTTATTTTTTGATCTAGTGCAGAAAAAT', 'TTAAGTGCACGATCGTGTTCCCACATTCTAGGTCGGACCTGTGCTGCGCAGTTTCGACTT', 'TCTAATGGGAAATTAGTCTAGAGTAAGCGGCATGGCAGCAGGTATCAGTAACCAGGCATC', 'CACTGGGTCATCTGTGATTTGCCAGCGGCTGCGATATGCATCCCGATGTACAAGTCAATT', 'TGTACTCGCCCTCTCCGGCCCTACTCCTACAGCGCGCACAAGTCCTGATTGAGTTAGTAG']
feature_class = 'string'
seqlen = 60
data_test = ['ACGGGCACATGGGAACAGGTGCGTCCTCCTTGGTCATCGGACAATAGATTCATTTTCTAG', 'TATCATGAAAGAAAGTTATGTCCTAGTTTGAACGAAGTTTTGTGTTTCAAAAACGGAGGG']
kparam0_degree = 20
km_test = [0.0229813665, 0.0334516415;0.0211180124, 0.0401064774;0.0228926353, 0.0262644188;0.0419698314, 0.0194321207;0.0433007986, 0.0212067436;0.0316770186, 0.0489795918;0.0352262644, 0.0398402839;0.02635315, 0.0386867791;0.0211180124, 0.0489795918;0.0401952085, 0.0264418811;0.044809228, 0.0246672582]
alphabet = 'DNA'
kparam1_max_mismatch = 0
accuracy = 1e-10
data_class = 'dna'
