name = 'WeightedDegreePositionString'
feature_type = 'Char'
data_type = ''
km_train = [1, 0.0526111351, 0.0630988347, 0.110185585, 0.06046612, 0.0513595166, 0.0662926198, 0.0496763056, 0.0386706949, 0.0724643936, 0.0664220975;0.0526111351, 1.01001295, 0.0624946051, 0.0445403539, 0.0803625378, 0.0735002158, 0.0589987052, 0.0555028054, 0.0761329305, 0.0704790678, 0.0569702201;0.0630988347, 0.0624946051, 0.995079845, 0.0613293051, 0.0778161416, 0.0712990937, 0.0596892533, 0.084764782, 0.0597324126, 0.0741907639, 0.0673716012;0.110185585, 0.0445403539, 0.0613293051, 1.01355201, 0.0687958567, 0.0487268019, 0.0587829089, 0.0679326716, 0.0580060423, 0.0776866638, 0.0725075529;0.06046612, 0.0803625378, 0.0778161416, 0.0687958567, 1.00172637, 0.0486404834, 0.06046612, 0.0578334053, 0.0804920155, 0.0627535606, 0.0614156237;0.0513595166, 0.0735002158, 0.0712990937, 0.0487268019, 0.0486404834, 1.00690548, 0.0561933535, 0.0768666379, 0.0848079413, 0.0710832974, 0.0687095382;0.0662926198, 0.0589987052, 0.0596892533, 0.0587829089, 0.06046612, 0.0561933535, 1.03219681, 0.0430297799, 0.0696590419, 0.0805351748, 0.0496763056;0.0496763056, 0.0555028054, 0.084764782, 0.0679326716, 0.0578334053, 0.0768666379, 0.0430297799, 0.996806215, 0.0659473457, 0.0648683643, 0.081743634;0.0386706949, 0.0761329305, 0.0597324126, 0.0580060423, 0.0804920155, 0.0848079413, 0.0696590419, 0.0659473457, 0.998532585, 0.0671126457, 0.0546827795;0.0724643936, 0.0704790678, 0.0741907639, 0.0776866638, 0.0627535606, 0.0710832974, 0.0805351748, 0.0648683643, 0.0671126457, 0.996719896, 0.051920587;0.0664220975, 0.0569702201, 0.0673716012, 0.0725075529, 0.0614156237, 0.0687095382, 0.0496763056, 0.081743634, 0.0546827795, 0.051920587, 0.995079845]
data_train = ['TACGAGCCCTTGAGGATAGCATCCCCAATCACAAGCTGGATACGACTGGCTAGTACGAGG', 'CGATAGCGCTGCACTAGCTTGAGGGGTTAGTTCCACGGCCCCGAGGATACACCCAGAGAA', 'CGTCAGGGTCCATCGATTGCGGACGTGACATAATCCCTCTCAGCCAGCCACTGTCTGCCT', 'GAGATTGTCGATGTTTGAATATCCCCACCCTATTTGCCAGACCCTCCTCGTAGTCGTTAA', 'ATGAAGGGGTAGCGCCACGACTTAGCTCCACATTACGACCCTATAATGCGCACCGTTGTC', 'ACTCTTCCGACAAACTATTTGTAGGTGCAGCCCGGCACTGAGATTTGCAGTGAAAGCCGT', 'AGCCCGGTGTCAGGAGGCGCACGGCACGGGTACTTATTTTTTGATCTAGTGCAGAAAAAT', 'TTAAGTGCACGATCGTGTTCCCACATTCTAGGTCGGACCTGTGCTGCGCAGTTTCGACTT', 'TCTAATGGGAAATTAGTCTAGAGTAAGCGGCATGGCAGCAGGTATCAGTAACCAGGCATC', 'CACTGGGTCATCTGTGATTTGCCAGCGGCTGCGATATGCATCCCGATGTACAAGTCAATT', 'TGTACTCGCCCTCTCCGGCCCTACTCCTACAGCGCGCACAAGTCCTGATTGAGTTAGTAG']
feature_class = 'string'
seqlen = 60
data_test = ['ACGGGCACATGGGAACAGGTGCGTCCTCCTTGGTCATCGGACAATAGATTCATTTTCTAG', 'TATCATGAAAGAAAGTTATGTCCTAGTTTGAACGAAGTTTTGTGTTTCAAAAACGGAGGG']
kparam0_degree = 20
km_test = [0.0674579197, 0.0671989642;0.0555028054, 0.0647820457;0.0463098835, 0.052093224;0.0673716012, 0.0460940872;0.0678031938, 0.0531290462;0.0538627536, 0.0875269745;0.0556322831, 0.0805351748;0.0551575313, 0.0791972378;0.0403107467, 0.0791540785;0.0698316789, 0.0641346569;0.0749676306, 0.0429003021]
alphabet = 'DNA'
accuracy = 1e-08
data_class = 'dna'
