name = 'WeightedCommWordString'
reverse = 'False'
feature_type = 'Word'
data_type = ''
km_train = [1, 0.956993887, 0.935255345, 0.907349349, 0.901161627, 0.953908246, 0.964482204, 0.962683393, 0.89848518, 0.900960446, 0.904628892;0.956993887, 1, 0.944040853, 0.940688897, 0.916325929, 0.896863324, 0.933935538, 0.934186066, 0.8885727, 0.921099221, 0.90546815;0.935255345, 0.944040853, 1, 0.883721937, 0.867795133, 0.850450645, 0.873281434, 0.91116314, 0.790918209, 0.872049637, 0.925383785;0.907349349, 0.940688897, 0.883721937, 1, 0.96302134, 0.896814926, 0.928655358, 0.942208002, 0.913346539, 0.963375108, 0.905627339;0.901161627, 0.916325929, 0.867795133, 0.96302134, 1, 0.904966021, 0.938661602, 0.942176734, 0.930296489, 0.961292691, 0.882704008;0.953908246, 0.896863324, 0.850450645, 0.896814926, 0.904966021, 1, 0.967006233, 0.962889028, 0.931275521, 0.898661152, 0.839279013;0.964482204, 0.933935538, 0.873281434, 0.928655358, 0.938661602, 0.967006233, 1, 0.970753823, 0.956669967, 0.915149961, 0.854937295;0.962683393, 0.934186066, 0.91116314, 0.942208002, 0.942176734, 0.962889028, 0.970753823, 1, 0.933611117, 0.939755107, 0.901193525;0.89848518, 0.8885727, 0.790918209, 0.913346539, 0.930296489, 0.931275521, 0.956669967, 0.933611117, 1, 0.920160779, 0.796814847;0.900960446, 0.921099221, 0.872049637, 0.963375108, 0.961292691, 0.898661152, 0.915149961, 0.939755107, 0.920160779, 1, 0.885725206;0.904628892, 0.90546815, 0.925383785, 0.905627339, 0.882704008, 0.839279013, 0.854937295, 0.901193525, 0.796814847, 0.885725206, 1]
data_train = ['TAACAGAATGATCTTGTAGTCCGCCACAGGCTGACTCTTCACTTCGCTTGTGCCCGGGGT', 'ATGTAAGGTCTAAGGACCATTTTCCAGTGATTTACCCGCGGACACGTTCTATATCCCGCC', 'ACATCCAATTGAGAACCTCAACGCTGTTTCCAGTTTCGCTCTCCTTTTTAAAGAGCTTGG', 'GAAAACCTGTAGTTATGGTGGAGCCCAAATTGTCCCACGAGTAGATTACAATGCGACATA', 'AGACTCGTACTAAGCTCAAGGGACCAATGAGGAGTATTCACCTGAGAAGGAATTTGTGGG', 'CCAAACTCCTGCTTGCAGTGCGCAGCTCCTGGGATGAGGCATGAGCTGTTACGGGGACGG', 'TCTCTCTGACCCATGTGGGTAAGATGGACTCGAGCGCTTGTGGGCCGAGGTATCAAACCG', 'ACTGGAAACATCTAGGTTCGCGAGCTGCCGCAATGAAGAAGCTTCCTCTGCGATGTGTTG', 'GTGGAATCACCCGGTCGTATTCGCAGGCCTCGTGGGAGATGGACGAAGATCGACGGAAAC', 'GGATTTACAGATGCGACAAGATCATTGCCGTGAGCCGAAAGCAGACATTAGTCAGACTCT', 'CTAAGAATACTGCACTTAGCCTACAACACGTCGAAAGACAACCTCTCTGCTTCCTTAAAT']
feature_class = 'string_complex'
seqlen = 60
data_test = ['GAAGGACACCACTGGTGGATCAGGCTCAACGAGTATTCTATCTGACCCTATGTTGTGGCT', 'CGTGCTCCGTTTTTTACGGACCGTTTTCCCGAGGCTGACGCAGTCTTAGCCGGATTTCTC']
gap = 0
feature_obtain = 'Char'
kparam1_normalization = 2
kparam0_use_sign = 'False'
km_test = [0.961990454, 0.939943167;0.952323949, 0.936635225;0.896773523, 0.917945854;0.950685728, 0.828525446;0.958393363, 0.820958511;0.950061657, 0.894201495;0.97995622, 0.901376408;0.964756124, 0.899934651;0.93664551, 0.848374368;0.93438448, 0.832533338;0.885407902, 0.809596067]
alphabet = 'DNA'
accuracy = 1e-09
order = 3
data_class = 'dna'
