name = 'CanberraMetric'
dm_train = [0, 5.15169293, 4.55890785, 4.22082147, 5.20378873, 5.96022129, 4.44110584, 6.15537696, 4.67091202, 5.09867573, 3.51908338;5.15169293, 0, 4.83660197, 3.61978947, 5.5385307, 5.66082557, 4.56215841, 4.28431954, 5.1089378, 5.25981434, 3.61593277;4.55890785, 4.83660197, 0, 2.64493675, 4.11001116, 3.20063739, 3.98719557, 5.6893168, 3.242023, 3.99819924, 4.06338922;4.22082147, 3.61978947, 2.64493675, 0, 3.75865592, 4.10169196, 3.10490442, 5.43985923, 3.33880683, 4.3117884, 3.35602522;5.20378873, 5.5385307, 4.11001116, 3.75865592, 0, 4.03322318, 3.2449245, 6.05168142, 4.09673406, 3.59383815, 4.28424292;5.96022129, 5.66082557, 3.20063739, 4.10169196, 4.03322318, 0, 4.89284657, 4.57040992, 4.90529884, 3.87290383, 5.67411996;4.44110584, 4.56215841, 3.98719557, 3.10490442, 3.2449245, 4.89284657, 0, 6.2751922, 4.12939964, 3.2689383, 3.78943957;6.15537696, 4.28431954, 5.6893168, 5.43985923, 6.05168142, 4.57040992, 6.2751922, 0, 7.16091267, 5.36125845, 6.30710551;4.67091202, 5.1089378, 3.242023, 3.33880683, 4.09673406, 4.90529884, 4.12939964, 7.16091267, 0, 5.21152885, 3.23175338;5.09867573, 5.25981434, 3.99819924, 4.3117884, 3.59383815, 3.87290383, 3.2689383, 5.36125845, 5.21152885, 0, 4.57649656;3.51908338, 3.61593277, 4.06338922, 3.35602522, 4.28424292, 5.67411996, 3.78943957, 6.30710551, 3.23175338, 4.57649656, 0]
feature_type = 'Real'
data_type = 'double'
dm_test = [4.95154623, 5.42978404, 4.37096763, 3.10052455, 4.42871587, 4.19505713, 5.20367347, 3.61587827, 5.65577152, 5.78747802, 4.04464252, 4.05677528, 5.17923149, 3.99935645, 3.64478916, 5.41241618, 4.39212053;3.4187679, 2.92392725, 3.25163782, 4.30812824, 4.49603846, 4.41577038, 4.81080006, 4.74627084, 4.80146949, 3.74655472, 3.59574336, 3.1613934, 5.32678074, 4.83273739, 5.80587086, 4.33786645, 4.46089719;4.08789104, 4.16885879, 3.46204546, 3.1977353, 3.58837928, 2.93396129, 4.02112565, 4.04917887, 3.71043702, 4.16627539, 3.45800435, 3.51648406, 4.75046224, 3.65062802, 3.91287478, 3.95527631, 4.27843359;3.3756668, 3.54625561, 2.43914999, 2.83699445, 3.57542429, 2.11043393, 2.70308386, 4.02277799, 2.3937812, 3.11273176, 2.70923169, 3.72947436, 3.645755, 2.71210314, 3.84723061, 3.49825847, 3.84819629;3.55685412, 3.64308353, 4.51948775, 3.888506, 3.88100222, 4.27826285, 4.79655344, 2.93273034, 4.93008305, 2.93521332, 3.15844565, 4.19323367, 5.00995948, 4.02396394, 4.10539035, 3.39995344, 4.68225627;5.13909991, 4.62806769, 4.2147215, 5.15192705, 4.13165307, 4.13160925, 4.55877855, 4.8661615, 4.87771737, 3.78448157, 5.26679775, 4.17648637, 4.59959336, 4.81870497, 5.10642553, 5.27775247, 5.72112084;3.31315438, 3.86128151, 3.43727447, 3.15901019, 3.80865151, 3.81103426, 3.50988688, 3.43401215, 3.49955662, 3.54412439, 2.63979305, 4.81834413, 4.21751578, 3.92051579, 3.93640325, 4.07060845, 3.15874914;5.4087117, 4.62178028, 5.49236987, 6.02547324, 5.90516548, 5.83477026, 5.68000422, 5.9598879, 6.34748236, 3.74678852, 5.53521458, 4.74527404, 5.70792419, 5.92452793, 6.81839852, 5.98446894, 6.3174195;4.32524598, 5.01222633, 4.06369314, 4.18718708, 4.52309341, 4.19234083, 3.78096628, 4.41415582, 4.2266057, 4.34654122, 3.47952219, 4.88371791, 4.53426936, 2.23489598, 3.1434266, 4.28112167, 4.73714666;3.83752547, 3.29707491, 4.472472, 4.46320136, 3.38477075, 4.59946715, 3.73139489, 3.81403007, 4.50895987, 3.83256796, 4.42738801, 3.19986736, 3.19408533, 4.34538543, 4.40216394, 3.46543878, 2.99766411;3.50617627, 3.37543714, 3.89028497, 3.78004502, 3.88403156, 3.65033343, 4.05720377, 2.54564583, 4.47846314, 3.57864788, 3.21953935, 3.76340491, 5.09341686, 3.02474826, 3.12243266, 4.10479054, 2.86506675]
data_train = [0.787325837, 0.984164959, 0.0199014837, 0.699027414, 0.252911806, 0.0404878243, 0.402889579, 0.93521781, 0.0117650944, 0.587885692, 0.501396479;0.873384164, 0.0840017145, 0.68152603, 0.680109698, 0.669080017, 0.942334495, 0.823087529, 0.0419727262, 0.471082851, 0.397953056, 0.310147221;0.451336725, 0.384194185, 0.4323339, 0.979261866, 0.0886329747, 0.92223087, 0.480236713, 0.623742245, 0.830182967, 0.360463029, 0.430421908;0.40951848, 0.374731023, 0.925529322, 0.828929891, 0.10899999, 0.108123352, 0.427869515, 0.0986573767, 0.619093095, 0.143691607, 0.522373264;0.007219947, 0.316596348, 0.677190724, 0.48403894, 0.978269486, 0.874103796, 0.359070779, 0.0454865415, 0.8456263, 0.91123431, 0.820627393;0.127949941, 0.997915134, 0.258584222, 0.724204913, 0.908034876, 0.235687114, 0.908258555, 0.309481579, 0.976413222, 0.28126002, 0.953435825;0.0535446509, 0.709272012, 0.532111134, 0.477877077, 0.223494314, 0.70559579, 0.190809491, 0.552841796, 0.253245363, 0.95562138, 0.0286311938;0.19972828, 0.242310606, 0.414067826, 0.232730242, 0.49134909, 0.872465523, 0.712063421, 0.579961981, 0.089003178, 0.693992108, 0.166414284;0.786367386, 0.250056759, 0.417048728, 0.350470202, 0.858813915, 0.126544459, 0.565644882, 0.142061609, 0.704795836, 0.905078128, 0.434607654;0.48809226, 0.927422836, 0.520991389, 0.487598438, 0.578329103, 0.689229736, 0.106883375, 0.821110528, 0.435505027, 0.0723485099, 0.786182669;0.376949972, 0.100367495, 0.63377904, 0.880131353, 0.887753509, 0.957663475, 0.86770546, 0.00214091935, 0.380241166, 0.81854258, 0.366253006]
feature_class = 'simple'
data_test = [0.601548506, 0.606316947, 0.365025304, 0.904473927, 0.503228345, 0.464784206, 0.997513746, 0.493500364, 0.178398252, 0.513069423, 0.814016736, 0.776860327, 0.788581765, 0.708023784, 0.254217829, 0.862084086, 0.893443465;0.194152697, 0.130455637, 0.975604969, 0.868323964, 0.893236147, 0.886376385, 0.541686824, 0.646401737, 0.545362852, 0.0512063492, 0.745503085, 0.505332033, 0.647709075, 0.502639805, 0.491811322, 0.171789109, 0.278713715;0.158852692, 0.195666296, 0.97297738, 0.153113446, 0.269270424, 0.590589658, 0.610178576, 0.15397413, 0.793717426, 0.785202868, 0.237317704, 0.288666303, 0.937987865, 0.825671446, 0.697797033, 0.0822332215, 0.418264081;0.559301872, 0.187411288, 0.448226582, 0.601025877, 0.32737668, 0.780944819, 0.840449582, 0.323609469, 0.838657154, 0.103576566, 0.837729099, 0.152750432, 0.0829271525, 0.641775404, 0.471937366, 0.9078906, 0.363189196;0.287152263, 0.500734906, 0.455946186, 0.344428046, 0.693741299, 0.759561834, 0.852983969, 0.972856605, 0.266656192, 0.716093482, 0.394258235, 0.677081972, 0.47598169, 0.993773103, 0.728902136, 0.9524913, 0.834969549;0.902901011, 0.814419197, 0.45915913, 0.251788453, 0.370320175, 0.0202362326, 0.523993167, 0.5050578, 0.525250465, 0.974031225, 0.911454003, 0.161712778, 0.368882522, 0.423956179, 0.360532918, 0.798495964, 0.52403767;0.572099817, 0.853013559, 0.805928153, 0.132211523, 0.713914584, 0.435436129, 0.294648903, 0.0500188209, 0.48724956, 0.355436681, 0.25151304, 0.69467173, 0.769485387, 0.244789519, 0.0494474367, 0.848752701, 0.0099597412;0.937112494, 0.627619874, 0.321846635, 0.24647791, 0.00900566426, 0.235471417, 0.137728302, 0.612166221, 0.166545589, 0.528629838, 0.590116422, 0.298041698, 0.035064949, 0.0372538806, 0.0263473322, 0.739124667, 0.318009705;0.796300186, 0.431732824, 0.452998101, 0.512882603, 0.713031456, 0.273502866, 0.12158735, 0.556057335, 0.326977623, 0.442491314, 0.646946708, 0.494125741, 0.620278817, 0.544200002, 0.739796372, 0.705936618, 0.534189892;0.678903021, 0.873559602, 0.432271288, 0.412763073, 0.764245621, 0.582553837, 0.0710067802, 0.892112016, 0.0307831022, 0.748396356, 0.758794143, 0.953111085, 0.0541344084, 0.596856861, 0.427840571, 0.330632955, 0.0903185603;0.56265412, 0.479040726, 0.104554458, 0.612489507, 0.73795312, 0.767278301, 0.905373188, 0.409470742, 0.953072769, 0.865429405, 0.296501571, 0.159283037, 0.435389396, 0.401898708, 0.575719305, 0.583386232, 0.749986984]
data_class = 'rand'
accuracy = 1e-08
