name = 'CanberraWordDistance'
dm_train = [0, 37.1428571, 32.1, 31.2, 28.9428571, 31.7952381, 39.4545455, 32.8333333, 32.9666667, 38.8666667, 34.8666667;37.1428571, 0, 31.3333333, 37.3333333, 36.6666667, 34.8333333, 33.7, 41.2666667, 35.7, 33.3, 28.7095238;32.1, 31.3333333, 0, 37.9333333, 32.8, 32.5, 33.7, 29.747619, 35.5, 38.5333333, 38.1666667;31.2, 37.3333333, 37.9333333, 0, 36.1, 32.3666667, 27.3111111, 34.5333333, 41.3333333, 31.0333333, 35.2;28.9428571, 36.6666667, 32.8, 36.1, 0, 34.6904762, 38.6333333, 32.6809524, 36.1666667, 32.8761905, 30.7;31.7952381, 34.8333333, 32.5, 32.3666667, 34.6904762, 0, 37.3333333, 34.6619048, 32.3333333, 39.2833333, 36.2;39.4545455, 33.7, 33.7, 27.3111111, 38.6333333, 37.3333333, 0, 37.5142857, 35.5, 35.9444444, 38.6212121;32.8333333, 41.2666667, 29.747619, 34.5333333, 32.6809524, 34.6619048, 37.5142857, 0, 39.6666667, 30.9, 48.6333333;32.9666667, 35.7, 35.5, 41.3333333, 36.1666667, 32.3333333, 35.5, 39.6666667, 0, 36.8666667, 30.5333333;38.8666667, 33.3, 38.5333333, 31.0333333, 32.8761905, 39.2833333, 35.9444444, 30.9, 36.8666667, 0, 30.9;34.8666667, 28.7095238, 38.1666667, 35.2, 30.7, 36.2, 38.6212121, 48.6333333, 30.5333333, 30.9, 0]
reverse = 'False'
feature_type = 'Word'
data_type = ''
dm_test = [37.9428571, 36.9333333;42.9, 31.7761905;36.9, 33.5333333;41.7, 30.8333333;32.0095238, 31.3095238;37.6166667, 37.2;38.1, 32.9444444;39.4, 30.9238095;26.0666667, 41.1666667;37.6666667, 33.1333333;31.6, 40.0333333]
data_train = ['GTTTAGCGTCTTTTGCTAGCGGCATATTTCGTACTGGGGCTTCTTATGTGTGGACAAAAA', 'TGCTGCAAAATCCCTGGACTAAAATCCGTGACATGGTAGGGTGCAGCGGAAGAGGAACCA', 'CCATTACGTTGGCAAGTGACTTCCCTTACTGAGCGTTCGCCGTAGGCAACAACGGCCAGT', 'ACCGAACTCTAAAGCGTTTATGTGCAGATGCGGGCAAGGCCGGACTTCGCTTTACGCAAG', 'TCTGGGCAATCTGATACGTAGCTCGCGGTCCTTTCAGGACTGCAGGCTCGATTTTGCTGC', 'CAGCTGAAGGGTATGTGGAGCCTCTTACGAAGCCTCTCGGGTCTCTCTGTTCCCCTACAA', 'CGTAAACGCGAAAAAAAAGTTCTGACAAAGGACATTATAGATGCCGTTACCCATGCTCAG', 'CGGCCGGCCACCGCGCGCGCGTTGCTCTGCACTACAGTACAGTCGCCCCTGCTTCTACGC', 'GATAATTGAATGGACCTTGGGTTCCCCTCCATTCGGAGTCTAGTTTACATTAACAACCTT', 'CGCTGACTGAGTCTTCTAATAGAACCGGGTCTACCGTGACCGCTGCGAACGGCCTAAATA', 'GTGAAGAAAACGGGGTGGAATCCCTAAATAGACGTCTATTATAGGATTTTACTATAAGCG']
feature_class = 'string_complex'
seqlen = 60
data_test = ['TTGGCCAAATATCGGTCTTCAAACTGATAAGTTCTCACTGGAATTTCCTGGTTTTAGTCT', 'GAGCACTGCAGGGGCGATGCCTACGCTATAATGCAGGTTGCCGACAAACTCCAGCGTAAC']
gap = 0
feature_obtain = 'Char'
alphabet = 'DNA'
accuracy = 1e-07
order = 3
data_class = 'dna'
