name = 'ChebyshewMetric'
dm_train = [2.22507386e-308, 0.869965193, 0.767424354, 0.596254972, 0.971049539, 0.866883849, 0.780308614, 0.831411438, 0.848463281, 0.904014363, 0.825485884;0.869965193, 2.22507386e-308, 0.964263476, 0.779763858, 0.787386014, 0.943677135, 0.820539461, 0.688433555, 0.972399865, 0.855074327, 0.680640818;0.767424354, 0.964263476, 2.22507386e-308, 0.67912593, 0.816529332, 0.817405969, 0.649674333, 0.915316326, 0.717829001, 0.781837714, 0.694851603;0.596254972, 0.779763858, 0.67912593, 2.22507386e-308, 0.890628891, 0.720806539, 0.499025152, 0.877990434, 0.68726232, 0.685238284, 0.548839958;0.971049539, 0.787386014, 0.816529332, 0.890628891, 2.22507386e-308, 0.833597895, 0.619198707, 0.932782945, 0.741549992, 0.732127066, 0.521500503;0.866883849, 0.943677135, 0.817405969, 0.720806539, 0.833597895, 2.22507386e-308, 0.67257144, 0.955522555, 0.783462345, 0.778533669, 0.71774871;0.780308614, 0.820539461, 0.649674333, 0.499025152, 0.619198707, 0.67257144, 2.22507386e-308, 0.86556454, 0.623060243, 0.764811888, 0.679299294;0.831411438, 0.688433555, 0.915316326, 0.877990434, 0.932782945, 0.955522555, 0.86556454, 2.22507386e-308, 0.923452716, 0.865747769, 0.775140852;0.848463281, 0.972399865, 0.717829001, 0.68726232, 0.741549992, 0.783462345, 0.623060243, 0.923452716, 2.22507386e-308, 0.702376017, 0.489631384;0.904014363, 0.855074327, 0.781837714, 0.685238284, 0.732127066, 0.778533669, 0.764811888, 0.865747769, 0.702376017, 2.22507386e-308, 0.926990186;0.825485884, 0.680640818, 0.694851603, 0.548839958, 0.521500503, 0.71774871, 0.679299294, 0.775140852, 0.489631384, 0.926990186, 2.22507386e-308]
feature_type = 'Real'
data_type = 'double'
dm_test = [0.77495107, 0.799468908, 0.752383503, 0.337208099, 0.686521352, 0.752341887, 0.845764022, 0.965636658, 0.608927586, 0.846081284, 0.783504063, 0.669862025, 0.715940736, 0.986553156, 0.721682189, 0.945271353, 0.827749602;0.694801888, 0.385309268, 0.891603254, 0.784322249, 0.809234433, 0.977678902, 0.856416056, 0.659253191, 0.896639734, 0.76506191, 0.661501371, 0.836202356, 0.873288428, 0.677176754, 0.72994713, 0.635894952, 0.837104276;0.64431679, 0.738118034, 0.540643481, 0.884572444, 0.598152642, 0.444882722, 0.977612262, 0.601919852, 0.490208286, 0.821952756, 0.794115252, 0.77277889, 0.842602169, 0.6881223, 0.482663697, 0.842182602, 0.873541982;0.820409174, 0.78359557, 0.775576895, 0.82614842, 0.709991441, 0.70396868, 0.416591658, 0.825287736, 0.520629162, 0.725353325, 0.741944161, 0.720848316, 0.746002739, 0.509734163, 0.444809585, 0.897028644, 0.560997785;0.691117223, 0.629519245, 0.884344406, 0.656246423, 0.537714701, 0.887798644, 0.74460194, 0.478282768, 0.729657165, 0.696569893, 0.728729109, 0.746322098, 0.849354891, 0.737038471, 0.609164058, 0.798890611, 0.64053166;0.763378178, 0.811878858, 0.853109017, 0.863986103, 0.863459859, 0.672821466, 0.957025921, 0.76825674, 0.730533802, 0.891128146, 0.773528911, 0.798380437, 0.837400574, 0.835211643, 0.846118191, 0.839997648, 0.852955641;0.628934832, 0.766676227, 0.763151002, 0.656470101, 0.703057757, 0.888022322, 0.594624167, 0.785228641, 0.545517833, 0.77188118, 0.651910768, 0.84622771, 0.676998472, 0.674809541, 0.685716089, 0.657943209, 0.544373814;0.654238577, 0.504937618, 0.933632242, 0.826351237, 0.851263421, 0.844403658, 0.903232269, 0.927370063, 0.950931849, 0.863288486, 0.739071722, 0.63159543, 0.766976119, 0.948286561, 0.683415594, 0.907004759, 0.789483008;0.848109316, 0.634516671, 0.55268279, 0.892708833, 0.606093047, 0.95617699, 0.985748651, 0.676208837, 0.578970108, 0.515516529, 0.802251641, 0.814700444, 0.776816671, 0.69625869, 0.615880305, 0.850318991, 0.881678371;0.624082047, 0.801211092, 0.713988122, 0.823409857, 0.691897111, 0.637253212, 0.783490778, 0.905602559, 0.694965547, 0.692771205, 0.70410834, 0.880762575, 0.658927159, 0.710831861, 0.906173943, 0.764198993, 0.945661639;0.77069821, 0.824382365, 0.77729696, 0.701647371, 0.68528339, 0.933199592, 0.715175889, 0.448378024, 0.755399567, 0.499176399, 0.435355864, 0.791723046, 0.740854193, 0.529479645, 0.592902907, 0.820121507, 0.695864109]
data_train = [0.787325837, 0.984164959, 0.0199014837, 0.699027414, 0.252911806, 0.0404878243, 0.402889579, 0.93521781, 0.0117650944, 0.587885692, 0.501396479;0.873384164, 0.0840017145, 0.68152603, 0.680109698, 0.669080017, 0.942334495, 0.823087529, 0.0419727262, 0.471082851, 0.397953056, 0.310147221;0.451336725, 0.384194185, 0.4323339, 0.979261866, 0.0886329747, 0.92223087, 0.480236713, 0.623742245, 0.830182967, 0.360463029, 0.430421908;0.40951848, 0.374731023, 0.925529322, 0.828929891, 0.10899999, 0.108123352, 0.427869515, 0.0986573767, 0.619093095, 0.143691607, 0.522373264;0.007219947, 0.316596348, 0.677190724, 0.48403894, 0.978269486, 0.874103796, 0.359070779, 0.0454865415, 0.8456263, 0.91123431, 0.820627393;0.127949941, 0.997915134, 0.258584222, 0.724204913, 0.908034876, 0.235687114, 0.908258555, 0.309481579, 0.976413222, 0.28126002, 0.953435825;0.0535446509, 0.709272012, 0.532111134, 0.477877077, 0.223494314, 0.70559579, 0.190809491, 0.552841796, 0.253245363, 0.95562138, 0.0286311938;0.19972828, 0.242310606, 0.414067826, 0.232730242, 0.49134909, 0.872465523, 0.712063421, 0.579961981, 0.089003178, 0.693992108, 0.166414284;0.786367386, 0.250056759, 0.417048728, 0.350470202, 0.858813915, 0.126544459, 0.565644882, 0.142061609, 0.704795836, 0.905078128, 0.434607654;0.48809226, 0.927422836, 0.520991389, 0.487598438, 0.578329103, 0.689229736, 0.106883375, 0.821110528, 0.435505027, 0.0723485099, 0.786182669;0.376949972, 0.100367495, 0.63377904, 0.880131353, 0.887753509, 0.957663475, 0.86770546, 0.00214091935, 0.380241166, 0.81854258, 0.366253006]
feature_class = 'simple'
