name = 'GeodesicMetric'
dm_train = [0, 0, 0, 0, 0, 0, 0, 0, 0, 0, 0;0, 0, 0, 0, 0, 0, 0, 0, 0, 0, 0;0, 0, 0, 0, 0, 0, 0, 0, 0, 0, 0;0, 0, 0, 0, 0, 0, 0, 0, 0, 0, 0;0, 0, 0, 0, 0, 0, 0, 0, 0, 0, 0;0, 0, 0, 0, 0, 0, 0, 0, 0, 0, 0;0, 0, 0, 0, 0, 0, 0, 0, 0, 0, 0;0, 0, 0, 0, 0, 0, 0, 0, 0, 0, 0;0, 0, 0, 0, 0, 0, 0, 0, 0, 0, 0;0, 0, 0, 0, 0, 0, 0, 0, 0, 0, 0;0, 0, 0, 0, 0, 0, 0, 0, 0, 0, 0]
feature_type = 'Real'
data_type = 'double'
dm_test = [0, 0, 0, 0, 0, 0, 0, 0, 0, 0, 0, 0, 0, 0, 0, 0, 0;0, 0, 0, 0, 0, 0, 0, 0, 0, 0, 0, 0, 0, 0, 0, 0, 0;0, 0, 0, 0, 0, 0, 0, 0, 0, 0, 0, 0, 0, 0, 0, 0, 0;0, 0, 0, 0, 0, 0, 0, 0, 0, 0, 0, 0, 0, 0, 0, 0, 0;0, 0, 0, 0, 0, 0, 0, 0, 0, 0, 0, 0, 0, 0, 0, 0, 0;0, 0, 0, 0, 0, 0, 0, 0, 0, 0, 0, 0, 0, 0, 0, 0, 0;0, 0, 0, 0, 0, 0, 0, 0, 0, 0, 0, 0, 0, 0, 0, 0, 0;0, 0, 0, 0, 0, 0, 0, 0, 0, 0, 0, 0, 0, 0, 0, 0, 0;0, 0, 0, 0, 0, 0, 0, 0, 0, 0, 0, 0, 0, 0, 0, 0, 0;0, 0, 0, 0, 0, 0, 0, 0, 0, 0, 0, 0, 0, 0, 0, 0, 0;0, 0, 0, 0, 0, 0, 0, 0, 0, 0, 0, 0, 0, 0, 0, 0, 0]
data_train = [0.787325837, 0.984164959, 0.0199014837, 0.699027414, 0.252911806, 0.0404878243, 0.402889579, 0.93521781, 0.0117650944, 0.587885692, 0.501396479;0.873384164, 0.0840017145, 0.68152603, 0.680109698, 0.669080017, 0.942334495, 0.823087529, 0.0419727262, 0.471082851, 0.397953056, 0.310147221;0.451336725, 0.384194185, 0.4323339, 0.979261866, 0.0886329747, 0.92223087, 0.480236713, 0.623742245, 0.830182967, 0.360463029, 0.430421908;0.40951848, 0.374731023, 0.925529322, 0.828929891, 0.10899999, 0.108123352, 0.427869515, 0.0986573767, 0.619093095, 0.143691607, 0.522373264;0.007219947, 0.316596348, 0.677190724, 0.48403894, 0.978269486, 0.874103796, 0.359070779, 0.0454865415, 0.8456263, 0.91123431, 0.820627393;0.127949941, 0.997915134, 0.258584222, 0.724204913, 0.908034876, 0.235687114, 0.908258555, 0.309481579, 0.976413222, 0.28126002, 0.953435825;0.0535446509, 0.709272012, 0.532111134, 0.477877077, 0.223494314, 0.70559579, 0.190809491, 0.552841796, 0.253245363, 0.95562138, 0.0286311938;0.19972828, 0.242310606, 0.414067826, 0.232730242, 0.49134909, 0.872465523, 0.712063421, 0.579961981, 0.089003178, 0.693992108, 0.166414284;0.786367386, 0.250056759, 0.417048728, 0.350470202, 0.858813915, 0.126544459, 0.565644882, 0.142061609, 0.704795836, 0.905078128, 0.434607654;0.48809226, 0.927422836, 0.520991389, 0.487598438, 0.578329103, 0.689229736, 0.106883375, 0.821110528, 0.435505027, 0.0723485099, 0.786182669;0.376949972, 0.100367495, 0.63377904, 0.880131353, 0.887753509, 0.957663475, 0.86770546, 0.00214091935, 0.380241166, 0.81854258, 0.366253006]
feature_class = 'simple'
data_test = [0.601548506, 0.606316947, 0.365025304, 0.904473927, 0.503228345, 0.464784206, 0.997513746, 0.493500364, 0.178398252, 0.513069423, 0.814016736, 0.776860327, 0.788581765, 0.708023784, 0.254217829, 0.862084086, 0.893443465;0.194152697, 0.130455637, 0.975604969, 0.868323964, 0.893236147, 0.886376385, 0.541686824, 0.646401737, 0.545362852, 0.0512063492, 0.745503085, 0.505332033, 0.647709075, 0.502639805, 0.491811322, 0.171789109, 0.278713715;0.158852692, 0.195666296, 0.97297738, 0.153113446, 0.269270424, 0.590589658, 0.610178576, 0.15397413, 0.793717426, 0.785202868, 0.237317704, 0.288666303, 0.937987865, 0.825671446, 0.697797033, 0.0822332215, 0.418264081;0.559301872, 0.187411288, 0.448226582, 0.601025877, 0.32737668, 0.780944819, 0.840449582, 0.323609469, 0.838657154, 0.103576566, 0.837729099, 0.152750432, 0.0829271525, 0.641775404, 0.471937366, 0.9078906, 0.363189196;0.287152263, 0.500734906, 0.455946186, 0.344428046, 0.693741299, 0.759561834, 0.852983969, 0.972856605, 0.266656192, 0.716093482, 0.394258235, 0.677081972, 0.47598169, 0.993773103, 0.728902136, 0.9524913, 0.834969549;0.902901011, 0.814419197, 0.45915913, 0.251788453, 0.370320175, 0.0202362326, 0.523993167, 0.5050578, 0.525250465, 0.974031225, 0.911454003, 0.161712778, 0.368882522, 0.423956179, 0.360532918, 0.798495964, 0.52403767;0.572099817, 0.853013559, 0.805928153, 0.132211523, 0.713914584, 0.435436129, 0.294648903, 0.0500188209, 0.48724956, 0.355436681, 0.25151304, 0.69467173, 0.769485387, 0.244789519, 0.0494474367, 0.848752701, 0.0099597412;0.937112494, 0.627619874, 0.321846635, 0.24647791, 0.00900566426, 0.235471417, 0.137728302, 0.612166221, 0.166545589, 0.528629838, 0.590116422, 0.298041698, 0.035064949, 0.0372538806, 0.0263473322, 0.739124667, 0.318009705;0.796300186, 0.431732824, 0.452998101, 0.512882603, 0.713031456, 0.273502866, 0.12158735, 0.556057335, 0.326977623, 0.442491314, 0.646946708, 0.494125741, 0.620278817, 0.544200002, 0.739796372, 0.705936618, 0.534189892;0.678903021, 0.873559602, 0.432271288, 0.412763073, 0.764245621, 0.582553837, 0.0710067802, 0.892112016, 0.0307831022, 0.748396356, 0.758794143, 0.953111085, 0.0541344084, 0.596856861, 0.427840571, 0.330632955, 0.0903185603;0.56265412, 0.479040726, 0.104554458, 0.612489507, 0.73795312, 0.767278301, 0.905373188, 0.409470742, 0.953072769, 0.865429405, 0.296501571, 0.159283037, 0.435389396, 0.401898708, 0.575719305, 0.583386232, 0.749986984]
data_class = 'rand'
accuracy = 1e-08
