name = 'ManhattanMetric'
dm_train = [0, 4.21802653, 3.64685409, 3.69889018, 4.28813228, 5.32916093, 3.35643022, 3.91403221, 3.90102834, 4.46128392, 3.34060379;4.21802653, 0, 4.71640415, 3.93264189, 5.10923018, 5.77922226, 4.49335411, 2.37275683, 4.43622835, 5.20259591, 2.79950802;3.64685409, 4.71640415, 0, 2.56473756, 3.49519146, 3.22301733, 3.47383432, 4.64912066, 3.0398312, 3.7868555, 3.39763985;3.69889018, 3.93264189, 2.56473756, 0, 3.86546274, 3.94772773, 3.0229394, 4.65550281, 3.14366854, 4.53792854, 3.40097123;4.28813228, 5.10923018, 3.49519146, 3.86546274, 0, 3.87296441, 2.6719429, 5.64930811, 3.12825996, 3.16265837, 3.23898097;5.32916093, 5.77922226, 3.22301733, 3.94772773, 3.87296441, 0, 4.2175867, 4.55363611, 4.51740679, 3.73485362, 5.14982235;3.35643022, 4.49335411, 3.47383432, 3.0229394, 2.6719429, 4.2175867, 0, 5.19603063, 3.4797422, 3.39925844, 3.28211606;3.91403221, 2.37275683, 4.64912066, 4.65550281, 5.64930811, 4.55363611, 5.19603063, 0, 5.66350589, 4.75058513, 4.36747144;3.90102834, 4.43622835, 3.0398312, 3.14366854, 3.12825996, 4.51740679, 3.4797422, 5.66350589, 0, 4.6642382, 2.13190347;4.46128392, 5.20259591, 3.7868555, 4.53792854, 3.16265837, 3.73485362, 3.39925844, 4.75058513, 4.6642382, 0, 4.47688052;3.34060379, 2.79950802, 3.39763985, 3.40097123, 3.23898097, 5.14982235, 3.28211606, 4.36747144, 2.13190347, 4.47688052, 0]
feature_type = 'Real'
data_type = 'double'
dm_test = [4.0045467, 4.65125242, 3.40089315, 1.78275559, 3.05863415, 3.12155776, 4.28685841, 3.32963837, 4.32491436, 5.0146503, 3.04627146, 3.21594888, 3.28895772, 3.06879744, 2.66089541, 5.03857707, 3.18888188;3.11616194, 2.3110474, 3.72959953, 3.96618267, 3.95887411, 4.67091007, 4.48214301, 4.16304727, 4.78723539, 3.37611259, 3.17286468, 2.54183555, 4.23929748, 4.25021627, 4.93871547, 4.05228616, 3.86916415;3.91440562, 3.90100738, 3.09890069, 2.80749397, 2.81481628, 1.88717142, 3.35241997, 3.3457705, 2.61207335, 3.82839349, 3.33833589, 3.20885896, 3.94711455, 3.12508696, 2.64108864, 3.70620878, 3.55822797;3.80227267, 3.81272948, 2.66022313, 2.9240434, 3.42520602, 2.18661666, 2.33561542, 4.1658635, 1.89579137, 3.00201549, 2.94320808, 3.98704338, 2.90989956, 2.54697885, 3.26840914, 3.87655709, 3.4379891;3.32289265, 3.5454388, 4.70041747, 3.82031561, 3.14999276, 3.88740706, 4.3212615, 2.34072231, 4.46063034, 2.68613403, 3.21274246, 4.11141532, 4.6912779, 3.68533528, 3.16813438, 3.62504533, 3.47929047;5.05119935, 4.49606586, 3.47775968, 4.95314433, 3.45204009, 3.16588326, 4.53263246, 4.19727581, 4.07867694, 3.5629813, 5.52805209, 4.13775372, 4.16738401, 4.4071916, 4.28140028, 5.46186685, 5.06741882;3.07175189, 3.69249202, 3.45597542, 2.85625466, 3.51521942, 3.46658339, 3.49250177, 3.20854456, 2.94399978, 3.04911888, 2.66694013, 4.76702594, 3.81542443, 4.00994194, 3.2733061, 4.02506561, 2.76234205;3.9798363, 3.06124937, 4.07615726, 4.33035843, 4.67121342, 4.63062949, 4.71361177, 4.2911672, 5.01230709, 3.41808803, 4.07401715, 2.85520704, 4.01222676, 4.37257972, 4.9342324, 5.04038298, 4.42816506;3.91410038, 4.456565, 3.39462189, 3.93632181, 3.75957846, 3.60603705, 3.52045864, 3.58829699, 3.19399397, 3.21579434, 3.37222383, 4.39014768, 3.66580317, 1.85942367, 1.77992424, 4.02592899, 3.56273297;3.67826968, 3.22114198, 4.39857849, 4.25750804, 3.05259776, 4.06335173, 3.88971823, 3.57994543, 4.32370018, 3.72539834, 4.81263603, 3.33878331, 3.14284625, 4.08295244, 3.69212677, 2.94586762, 2.80019609;3.08819445, 2.80186619, 3.84421866, 3.37663699, 3.16582358, 3.26746688, 3.54930916, 2.15770577, 4.12854886, 2.4031882, 2.68085014, 3.14837999, 4.36001756, 2.29627951, 2.46516225, 3.8563993, 2.3880099]
data_train = [0.787325837, 0.984164959, 0.0199014837, 0.699027414, 0.252911806, 0.0404878243, 0.402889579, 0.93521781, 0.0117650944, 0.587885692, 0.501396479;0.873384164, 0.0840017145, 0.68152603, 0.680109698, 0.669080017, 0.942334495, 0.823087529, 0.0419727262, 0.471082851, 0.397953056, 0.310147221;0.451336725, 0.384194185, 0.4323339, 0.979261866, 0.0886329747, 0.92223087, 0.480236713, 0.623742245, 0.830182967, 0.360463029, 0.430421908;0.40951848, 0.374731023, 0.925529322, 0.828929891, 0.10899999, 0.108123352, 0.427869515, 0.0986573767, 0.619093095, 0.143691607, 0.522373264;0.007219947, 0.316596348, 0.677190724, 0.48403894, 0.978269486, 0.874103796, 0.359070779, 0.0454865415, 0.8456263, 0.91123431, 0.820627393;0.127949941, 0.997915134, 0.258584222, 0.724204913, 0.908034876, 0.235687114, 0.908258555, 0.309481579, 0.976413222, 0.28126002, 0.953435825;0.0535446509, 0.709272012, 0.532111134, 0.477877077, 0.223494314, 0.70559579, 0.190809491, 0.552841796, 0.253245363, 0.95562138, 0.0286311938;0.19972828, 0.242310606, 0.414067826, 0.232730242, 0.49134909, 0.872465523, 0.712063421, 0.579961981, 0.089003178, 0.693992108, 0.166414284;0.786367386, 0.250056759, 0.417048728, 0.350470202, 0.858813915, 0.126544459, 0.565644882, 0.142061609, 0.704795836, 0.905078128, 0.434607654;0.48809226, 0.927422836, 0.520991389, 0.487598438, 0.578329103, 0.689229736, 0.106883375, 0.821110528, 0.435505027, 0.0723485099, 0.786182669;0.376949972, 0.100367495, 0.63377904, 0.880131353, 0.887753509, 0.957663475, 0.86770546, 0.00214091935, 0.380241166, 0.81854258, 0.366253006]
feature_class = 'simple'
data_test = [0.601548506, 0.606316947, 0.365025304, 0.904473927, 0.503228345, 0.464784206, 0.997513746, 0.493500364, 0.178398252, 0.513069423, 0.814016736, 0.776860327, 0.788581765, 0.708023784, 0.254217829, 0.862084086, 0.893443465;0.194152697, 0.130455637, 0.975604969, 0.868323964, 0.893236147, 0.886376385, 0.541686824, 0.646401737, 0.545362852, 0.0512063492, 0.745503085, 0.505332033, 0.647709075, 0.502639805, 0.491811322, 0.171789109, 0.278713715;0.158852692, 0.195666296, 0.97297738, 0.153113446, 0.269270424, 0.590589658, 0.610178576, 0.15397413, 0.793717426, 0.785202868, 0.237317704, 0.288666303, 0.937987865, 0.825671446, 0.697797033, 0.0822332215, 0.418264081;0.559301872, 0.187411288, 0.448226582, 0.601025877, 0.32737668, 0.780944819, 0.840449582, 0.323609469, 0.838657154, 0.103576566, 0.837729099, 0.152750432, 0.0829271525, 0.641775404, 0.471937366, 0.9078906, 0.363189196;0.287152263, 0.500734906, 0.455946186, 0.344428046, 0.693741299, 0.759561834, 0.852983969, 0.972856605, 0.266656192, 0.716093482, 0.394258235, 0.677081972, 0.47598169, 0.993773103, 0.728902136, 0.9524913, 0.834969549;0.902901011, 0.814419197, 0.45915913, 0.251788453, 0.370320175, 0.0202362326, 0.523993167, 0.5050578, 0.525250465, 0.974031225, 0.911454003, 0.161712778, 0.368882522, 0.423956179, 0.360532918, 0.798495964, 0.52403767;0.572099817, 0.853013559, 0.805928153, 0.132211523, 0.713914584, 0.435436129, 0.294648903, 0.0500188209, 0.48724956, 0.355436681, 0.25151304, 0.69467173, 0.769485387, 0.244789519, 0.0494474367, 0.848752701, 0.0099597412;0.937112494, 0.627619874, 0.321846635, 0.24647791, 0.00900566426, 0.235471417, 0.137728302, 0.612166221, 0.166545589, 0.528629838, 0.590116422, 0.298041698, 0.035064949, 0.0372538806, 0.0263473322, 0.739124667, 0.318009705;0.796300186, 0.431732824, 0.452998101, 0.512882603, 0.713031456, 0.273502866, 0.12158735, 0.556057335, 0.326977623, 0.442491314, 0.646946708, 0.494125741, 0.620278817, 0.544200002, 0.739796372, 0.705936618, 0.534189892;0.678903021, 0.873559602, 0.432271288, 0.412763073, 0.764245621, 0.582553837, 0.0710067802, 0.892112016, 0.0307831022, 0.748396356, 0.758794143, 0.953111085, 0.0541344084, 0.596856861, 0.427840571, 0.330632955, 0.0903185603;0.56265412, 0.479040726, 0.104554458, 0.612489507, 0.73795312, 0.767278301, 0.905373188, 0.409470742, 0.953072769, 0.865429405, 0.296501571, 0.159283037, 0.435389396, 0.401898708, 0.575719305, 0.583386232, 0.749986984]
data_class = 'rand'
accuracy = 1e-08
