name = 'MinkowskiMetric'
dm_train = [0, 2.63349091, 2.26519857, 2.26908395, 2.63805356, 3.21170378, 2.09974733, 2.37999318, 2.49540068, 2.73179687, 2.18781014;2.63349091, 0, 2.87284281, 2.40345122, 3.03965484, 3.5189406, 2.79472143, 1.48398641, 2.68140566, 3.12394193, 1.75140314;2.26519857, 2.87284281, 0, 1.65959716, 2.17346259, 2.00434758, 2.08102686, 2.88743376, 1.85195673, 2.30848908, 2.09111818;2.26908395, 2.40345122, 1.65959716, 0, 2.43384011, 2.40621758, 1.82048851, 2.79180344, 1.90072271, 2.69868973, 2.03039445;2.63805356, 3.03965484, 2.17346259, 2.43384011, 0, 2.43852115, 1.68350957, 3.43105843, 1.94524746, 1.99226795, 1.92241402;3.21170378, 3.5189406, 2.00434758, 2.40621758, 2.43852115, 0, 2.51628449, 2.94545081, 2.77469964, 2.34736067, 3.07746889;2.09974733, 2.79472143, 2.08102686, 1.82048851, 1.68350957, 2.51628449, 0, 3.10258957, 2.09769661, 2.14376065, 2.05605991;2.37999318, 1.48398641, 2.88743376, 2.79180344, 3.43105843, 2.94545081, 3.10258957, 0, 3.3320168, 2.94460657, 2.60948987;2.49540068, 2.68140566, 1.85195673, 1.90072271, 1.94524746, 2.77469964, 2.09769661, 3.3320168, 0, 2.80073213, 1.35015554;2.73179687, 3.12394193, 2.30848908, 2.69868973, 1.99226795, 2.34736067, 2.14376065, 2.94460657, 2.80073213, 0, 2.76844382;2.18781014, 1.75140314, 2.09111818, 2.03039445, 1.92241402, 3.07746889, 2.05605991, 2.60948987, 1.35015554, 2.76844382, 0]
feature_type = 'Real'
data_type = 'double'
dm_test = [2.47154685, 2.78786586, 2.09501283, 1.09427779, 1.90214273, 1.95603369, 2.58085884, 2.0968143, 2.55081386, 2.97382202, 1.88394345, 2.00243349, 2.02596669, 1.93706394, 1.69849602, 3.07920004, 2.02399005;1.92351648, 1.38944276, 2.37040437, 2.48187312, 2.46004602, 2.88829262, 2.74549088, 2.51498609, 2.95677364, 2.06883402, 1.9278778, 1.6530331, 2.56871069, 2.48859738, 2.91520027, 2.43331905, 2.44983504;2.36072412, 2.37096118, 1.88202023, 1.79523191, 1.72196079, 1.13316222, 2.06238699, 2.00479416, 1.58143602, 2.39426374, 2.0490898, 2.05504648, 2.43107463, 1.87624023, 1.60892893, 2.27093096, 2.22343384;2.32476963, 2.36092405, 1.69835121, 1.82547254, 2.03812887, 1.41539743, 1.42919138, 2.50017804, 1.23084762, 1.86301245, 1.84651958, 2.45834401, 1.83896154, 1.54650252, 1.92274319, 2.3680766, 2.04941775;2.05673381, 2.14501489, 2.83071799, 2.32406338, 1.87156979, 2.40924849, 2.66929138, 1.44890114, 2.71474501, 1.73845094, 2.058491, 2.48548263, 2.84006428, 2.29727673, 1.93611155, 2.2746784, 2.06434529;3.07372182, 2.71176164, 2.14889962, 3.00002379, 2.19832804, 1.94503926, 2.83954025, 2.50974834, 2.51331855, 2.25552289, 3.28450844, 2.57638685, 2.61153823, 2.67374926, 2.57677485, 3.30432251, 3.0357994;1.88434621, 2.2819607, 2.16375182, 1.79896491, 2.1765033, 2.15062981, 2.14104133, 2.02096597, 1.76482951, 1.92366448, 1.71910647, 2.86043225, 2.32240068, 2.42642977, 1.98130682, 2.44216945, 1.74263222;2.40000934, 1.86960082, 2.45145099, 2.61317764, 2.85025481, 2.8418977, 2.95840043, 2.61653147, 3.06520139, 2.2177418, 2.49906278, 1.73553146, 2.45238495, 2.6224097, 2.94462653, 3.04406251, 2.68996592;2.42466419, 2.63679119, 2.04537345, 2.48528679, 2.27237159, 2.21471299, 2.25984677, 2.17969375, 1.95698443, 1.97607337, 2.12793415, 2.66626413, 2.27866524, 1.29979513, 1.15196145, 2.51927618, 2.17334838;2.23800385, 2.02918809, 2.60243686, 2.55061396, 1.91110625, 2.44881607, 2.43933948, 2.25209363, 2.60389206, 2.30956217, 2.88220452, 2.10873663, 1.94088849, 2.47502239, 2.26715504, 1.82448046, 1.80621907;1.94729573, 1.77143053, 2.36894006, 2.07255473, 1.99124938, 2.06890414, 2.1673344, 1.35596435, 2.49547728, 1.53106284, 1.63229199, 1.95558821, 2.62413587, 1.39339311, 1.51497349, 2.31842989, 1.56695263]
data_train = [0.787325837, 0.984164959, 0.0199014837, 0.699027414, 0.252911806, 0.0404878243, 0.402889579, 0.93521781, 0.0117650944, 0.587885692, 0.501396479;0.873384164, 0.0840017145, 0.68152603, 0.680109698, 0.669080017, 0.942334495, 0.823087529, 0.0419727262, 0.471082851, 0.397953056, 0.310147221;0.451336725, 0.384194185, 0.4323339, 0.979261866, 0.0886329747, 0.92223087, 0.480236713, 0.623742245, 0.830182967, 0.360463029, 0.430421908;0.40951848, 0.374731023, 0.925529322, 0.828929891, 0.10899999, 0.108123352, 0.427869515, 0.0986573767, 0.619093095, 0.143691607, 0.522373264;0.007219947, 0.316596348, 0.677190724, 0.48403894, 0.978269486, 0.874103796, 0.359070779, 0.0454865415, 0.8456263, 0.91123431, 0.820627393;0.127949941, 0.997915134, 0.258584222, 0.724204913, 0.908034876, 0.235687114, 0.908258555, 0.309481579, 0.976413222, 0.28126002, 0.953435825;0.0535446509, 0.709272012, 0.532111134, 0.477877077, 0.223494314, 0.70559579, 0.190809491, 0.552841796, 0.253245363, 0.95562138, 0.0286311938;0.19972828, 0.242310606, 0.414067826, 0.232730242, 0.49134909, 0.872465523, 0.712063421, 0.579961981, 0.089003178, 0.693992108, 0.166414284;0.786367386, 0.250056759, 0.417048728, 0.350470202, 0.858813915, 0.126544459, 0.565644882, 0.142061609, 0.704795836, 0.905078128, 0.434607654;0.48809226, 0.927422836, 0.520991389, 0.487598438, 0.578329103, 0.689229736, 0.106883375, 0.821110528, 0.435505027, 0.0723485099, 0.786182669;0.376949972, 0.100367495, 0.63377904, 0.880131353, 0.887753509, 0.957663475, 0.86770546, 0.00214091935, 0.380241166, 0.81854258, 0.366253006]
dparam0_k = 1.3
data_test = [0.601548506, 0.606316947, 0.365025304, 0.904473927, 0.503228345, 0.464784206, 0.997513746, 0.493500364, 0.178398252, 0.513069423, 0.814016736, 0.776860327, 0.788581765, 0.708023784, 0.254217829, 0.862084086, 0.893443465;0.194152697, 0.130455637, 0.975604969, 0.868323964, 0.893236147, 0.886376385, 0.541686824, 0.646401737, 0.545362852, 0.0512063492, 0.745503085, 0.505332033, 0.647709075, 0.502639805, 0.491811322, 0.171789109, 0.278713715;0.158852692, 0.195666296, 0.97297738, 0.153113446, 0.269270424, 0.590589658, 0.610178576, 0.15397413, 0.793717426, 0.785202868, 0.237317704, 0.288666303, 0.937987865, 0.825671446, 0.697797033, 0.0822332215, 0.418264081;0.559301872, 0.187411288, 0.448226582, 0.601025877, 0.32737668, 0.780944819, 0.840449582, 0.323609469, 0.838657154, 0.103576566, 0.837729099, 0.152750432, 0.0829271525, 0.641775404, 0.471937366, 0.9078906, 0.363189196;0.287152263, 0.500734906, 0.455946186, 0.344428046, 0.693741299, 0.759561834, 0.852983969, 0.972856605, 0.266656192, 0.716093482, 0.394258235, 0.677081972, 0.47598169, 0.993773103, 0.728902136, 0.9524913, 0.834969549;0.902901011, 0.814419197, 0.45915913, 0.251788453, 0.370320175, 0.0202362326, 0.523993167, 0.5050578, 0.525250465, 0.974031225, 0.911454003, 0.161712778, 0.368882522, 0.423956179, 0.360532918, 0.798495964, 0.52403767;0.572099817, 0.853013559, 0.805928153, 0.132211523, 0.713914584, 0.435436129, 0.294648903, 0.0500188209, 0.48724956, 0.355436681, 0.25151304, 0.69467173, 0.769485387, 0.244789519, 0.0494474367, 0.848752701, 0.0099597412;0.937112494, 0.627619874, 0.321846635, 0.24647791, 0.00900566426, 0.235471417, 0.137728302, 0.612166221, 0.166545589, 0.528629838, 0.590116422, 0.298041698, 0.035064949, 0.0372538806, 0.0263473322, 0.739124667, 0.318009705;0.796300186, 0.431732824, 0.452998101, 0.512882603, 0.713031456, 0.273502866, 0.12158735, 0.556057335, 0.326977623, 0.442491314, 0.646946708, 0.494125741, 0.620278817, 0.544200002, 0.739796372, 0.705936618, 0.534189892;0.678903021, 0.873559602, 0.432271288, 0.412763073, 0.764245621, 0.582553837, 0.0710067802, 0.892112016, 0.0307831022, 0.748396356, 0.758794143, 0.953111085, 0.0541344084, 0.596856861, 0.427840571, 0.330632955, 0.0903185603;0.56265412, 0.479040726, 0.104554458, 0.612489507, 0.73795312, 0.767278301, 0.905373188, 0.409470742, 0.953072769, 0.865429405, 0.296501571, 0.159283037, 0.435389396, 0.401898708, 0.575719305, 0.583386232, 0.749986984]
accuracy = 1e-08
feature_class = 'simple'
data_class = 'rand'
