name = 'NormSquaredDistance'
dm_train = [0, 2.34276714, 1.85482599, 1.04265237, 3.58194794, 1.77392394, 1.95276609, 1.41705092, 1.51487793, 1.67832188, 1.51370206;2.34276714, 0, 2.04864001, 1.50010566, 1.92161357, 2.90172963, 2.40177643, 1.52596907, 1.86923423, 2.44506415, 1.88509322;1.85482599, 2.04864001, 0, 1.85783305, 2.71035184, 2.50262556, 3.28815915, 1.32296435, 1.33705589, 0.681130512, 1.90348629;1.04265237, 1.50010566, 1.85783305, 0, 2.52115227, 2.15131324, 2.92125803, 2.24052612, 1.93946483, 1.75719456, 1.50342745;3.58194794, 1.92161357, 2.71035184, 2.52115227, 0, 3.2697896, 4.32628662, 3.00190997, 1.81520668, 3.00968383, 1.06762162;1.77392394, 2.90172963, 2.50262556, 2.15131324, 3.2697896, 0, 2.06808313, 1.41307868, 1.44344487, 2.30760536, 2.53588286;1.95276609, 2.40177643, 3.28815915, 2.92125803, 4.32628662, 2.06808313, 0, 1.00382393, 1.57868187, 2.91456185, 2.90979141;1.41705092, 1.52596907, 1.32296435, 2.24052612, 3.00190997, 1.41307868, 1.00382393, 0, 0.713235046, 0.946972372, 1.65122947;1.51487793, 1.86923423, 1.33705589, 1.93946483, 1.81520668, 1.44344487, 1.57868187, 0.713235046, 0, 1.12589398, 0.759023896;1.67832188, 2.44506415, 0.681130512, 1.75719456, 3.00968383, 2.30760536, 2.91456185, 0.946972372, 1.12589398, 0, 1.60447597;1.51370206, 1.88509322, 1.90348629, 1.50342745, 1.06762162, 2.53588286, 2.90979141, 1.65122947, 0.759023896, 1.60447597, 0]
feature_type = 'Real'
data_type = 'double'
dm_test = [3.31065624, 2.89407995, 1.18832315, 0.949046766, 2.67627329, 2.18109713, 0.718060622, 1.88992111, 1.66931137, 2.29492378, 1.29230453, 1.77136968, 1.71623127, 1.43013956, 2.20214671, 1.57715029, 1.09842693;2.48618453, 3.24255521, 1.90464939, 2.59747651, 2.00290187, 2.86621382, 1.97717017, 2.21995979, 1.97877955, 2.57431286, 1.97302698, 2.16027666, 1.96799277, 1.6131964, 1.72908806, 1.64609199, 2.20033672;1.54758169, 2.95189544, 2.04386764, 1.99996408, 2.25506266, 1.17989938, 2.75754978, 1.24981004, 2.75536229, 1.67553049, 2.61019377, 2.83501164, 3.13253167, 1.02329346, 2.19985683, 2.69451062, 1.49497267;3.1614391, 3.26569667, 1.87403277, 1.70131148, 2.23125314, 2.30332809, 1.66128425, 1.22325202, 2.74037066, 2.33994239, 1.47909024, 1.58414981, 3.06435358, 1.6623923, 2.80281005, 2.02887875, 1.69865174;2.10351146, 3.26487089, 2.28258769, 2.0649014, 2.10329501, 1.74968088, 3.96252007, 2.24779786, 3.57539355, 2.83715962, 3.16492164, 2.06224069, 3.92832349, 2.13249609, 2.06257457, 4.96344239, 4.26932225;2.54086223, 3.05648021, 1.37204723, 2.19048406, 3.95952347, 2.58446777, 2.46543314, 2.31454852, 3.98414988, 2.34237918, 3.68335066, 2.7350028, 2.24077099, 2.38394539, 2.79269303, 3.55228605, 2.06284079;2.54078492, 1.90409871, 0.891007595, 2.64851575, 2.8140215, 2.89237871, 1.09008641, 1.8621123, 3.0152896, 3.22569369, 2.97880523, 1.46996058, 1.94916651, 2.00145503, 1.3444268, 1.73630604, 2.39719668;1.29952484, 1.35546715, 0.661841099, 1.51924895, 2.10611814, 1.54892326, 1.21299934, 1.68419162, 2.23843919, 1.55570283, 1.71178497, 1.83209127, 0.800446858, 0.930257764, 1.06684276, 1.72388194, 1.12352327;0.772691928, 0.906617948, 0.850554338, 1.5621096, 1.65461885, 0.608454492, 1.68292282, 1.07173503, 2.58418335, 2.30993861, 2.06204331, 1.03363963, 2.00805941, 1.09451142, 0.944941884, 2.62533882, 2.08598448;1.79538578, 1.98235985, 1.45655604, 1.65877632, 2.57659677, 1.12618741, 2.4218507, 1.30691939, 3.44908028, 1.44574067, 1.69172465, 2.2245186, 2.30255353, 0.610102455, 1.89908109, 2.81594452, 1.51963224;1.5599527, 1.32734499, 1.23181725, 0.719427377, 0.920016226, 0.739759263, 1.79088842, 1.55564303, 1.9610814, 2.00086795, 1.0368359, 0.907510955, 2.32415621, 1.51453326, 1.59281549, 2.85971335, 2.16547109]
data_train = [0.795186195, 0.270832251, 0.438971421, 0.0784563813, 0.0253507434, 0.962648415, 0.835980121, 0.695974206, 0.408952944, 0.17329432, 0.156437043;0.250242898, 0.549226665, 0.714595923, 0.660197377, 0.279933897, 0.954865281, 0.737896917, 0.554354053, 0.611720746, 0.419600062, 0.24773099;0.355972679, 0.75784611, 0.0143934886, 0.116072641, 0.046002642, 0.0407288023, 0.855460584, 0.703657859, 0.474173829, 0.0978341607, 0.491615875;0.473471771, 0.17320187, 0.433851649, 0.398504734, 0.615850098, 0.635093651, 0.0453040098, 0.374612615, 0.625859916, 0.503136259, 0.856489841;0.658693632, 0.162934427, 0.0705687474, 0.642419278, 0.0265113105, 0.585775581, 0.940230241, 0.575474178, 0.388169926, 0.643288218, 0.45825289;0.545616789, 0.941464809, 0.386102638, 0.961190564, 0.905350642, 0.195791135, 0.0693613009, 0.100778001, 0.0182218257, 0.0944429608, 0.683006773;0.0711886485, 0.31897563, 0.844875311, 0.0232719357, 0.814468483, 0.281854775, 0.118164828, 0.696737165, 0.628942847, 0.877472014, 0.735071044;0.80348093, 0.282034573, 0.177439544, 0.750614752, 0.806834739, 0.990505142, 0.412617677, 0.372018086, 0.776412961, 0.34080354, 0.930757326;0.858412752, 0.428994027, 0.750871068, 0.754542874, 0.103123869, 0.902552907, 0.505252372, 0.826457466, 0.320049601, 0.895523228, 0.389201679;0.0108376515, 0.905381976, 0.0912866768, 0.319313638, 0.950061967, 0.950607147, 0.573437888, 0.631837212, 0.448445522, 0.293210772, 0.328664545;0.672518456, 0.752374529, 0.791579044, 0.789618143, 0.091206103, 0.494420305, 0.05755876, 0.549528882, 0.441530501, 0.887704183, 0.350915013]
feature_class = 'simple'
data_test = [0.117067016, 0.142991682, 0.761510632, 0.618218063, 0.101122676, 0.0841068061, 0.700969131, 0.0727630064, 0.821860059, 0.706242227, 0.0813487806, 0.0848377141, 0.986639579, 0.374270796, 0.370642147, 0.812799567, 0.947248577;0.986001064, 0.753378185, 0.376259586, 0.0835007167, 0.777146916, 0.55840425, 0.424222009, 0.906354385, 0.111197482, 0.492625104, 0.0113536448, 0.468660642, 0.0563032757, 0.118817916, 0.117526247, 0.649210302, 0.746044879;0.583368765, 0.962172548, 0.37487058, 0.285712086, 0.868599128, 0.223595839, 0.963222539, 0.0121544747, 0.969878827, 0.043159912, 0.891143114, 0.527701109, 0.992964796, 0.0737965647, 0.553854284, 0.969302536, 0.523097844;0.629398638, 0.695748689, 0.454541065, 0.62755808, 0.584314312, 0.90115801, 0.0454463803, 0.28096319, 0.950411484, 0.890263784, 0.455656753, 0.620132598, 0.277381183, 0.18812116, 0.463698405, 0.353352228, 0.583656112;0.077734637, 0.974394808, 0.986210744, 0.698161714, 0.536096366, 0.309527616, 0.81379502, 0.684731173, 0.162616939, 0.910927184, 0.822537243, 0.949799913, 0.725719508, 0.613415196, 0.418243036, 0.932728483, 0.86606389;0.0452186701, 0.0263669745, 0.376463367, 0.810553331, 0.987276129, 0.150416891, 0.594130715, 0.380890857, 0.969914398, 0.842118923, 0.838328705, 0.46869316, 0.414819502, 0.273407072, 0.0563754967, 0.864722376, 0.812901009;0.999717673, 0.996636837, 0.555431706, 0.768987415, 0.94476573, 0.849647391, 0.247348102, 0.450544135, 0.129159415, 0.954051027, 0.606174634, 0.228642806, 0.671700684, 0.61812824, 0.358162718, 0.113557592, 0.671573196;0.520307701, 0.772318392, 0.520163501, 0.8521815, 0.551906839, 0.560937972, 0.876653603, 0.403482866, 0.134015228, 0.0287826763, 0.755137256, 0.620309551, 0.704079768, 0.212964162, 0.136371476, 0.0145446657, 0.350587559;0.589917687, 0.392244045, 0.437474922, 0.904158694, 0.348255467, 0.513989489, 0.783653013, 0.396542782, 0.6220867, 0.862363709, 0.949520624, 0.147073481, 0.926587625, 0.492116293, 0.258244388, 0.459135756, 0.980032575;0.492618094, 0.32875161, 0.633400854, 0.240145619, 0.0758633281, 0.128879722, 0.128045839, 0.151902694, 0.138827173, 0.640874745, 0.181880084, 0.345667283, 0.89678841, 0.47396164, 0.667557739, 0.172319871, 0.192289019;0.0408686163, 0.168935063, 0.278590339, 0.177010484, 0.0887025338, 0.120635871, 0.460778768, 0.206333718, 0.364269861, 0.503417271, 0.690394829, 0.0393121398, 0.799410399, 0.627900389, 0.0817590319, 0.873578624, 0.920872401]
accuracy = 1e-08
data_class = 'rand'
