name = 'SparseEuclidianDistance'
dm_train = [1.72789517e-08, 1.58400496, 1.3552532, 1.30651602, 1.57762817, 1.82455288, 1.26506206, 1.39078453, 1.56050394, 1.6203263, 1.40344627;1.58400496, 9.54703238e-09, 1.67560774, 1.40185593, 1.70039278, 2.02081352, 1.66047544, 0.925362664, 1.54690357, 1.76562133, 1.07605912;1.3552532, 1.67560774, 1.47089273e-08, 1.06105977, 1.30992275, 1.21396821, 1.1804798, 1.72088182, 1.08536146, 1.34389551, 1.22176928;1.30651602, 1.40185593, 1.06105977, 1.92617233e-08, 1.47885589, 1.40498301, 1.03492763, 1.59334295, 1.10720351, 1.4993139, 1.14170634;1.57762817, 1.70039278, 1.30992275, 1.47885589, 1.6905493e-08, 1.48615499, 1.02129535, 1.96135473, 1.1807507, 1.22399917, 1.06951292;1.82455288, 2.02081352, 1.21396821, 1.40498301, 1.48615499, 2.73969554e-08, 1.41121414, 1.85256014, 1.61014089, 1.42009741, 1.71885371;1.26506206, 1.66047544, 1.1804798, 1.03492763, 1.02129535, 1.41121414, 1.84656866e-08, 1.75117688, 1.19765385, 1.30849753, 1.24635748;1.39078453, 0.925362664, 1.72088182, 1.59334295, 1.96135473, 1.85256014, 1.75117688, 2.04504471e-08, 1.83698469, 1.747457, 1.46892683;1.56050394, 1.54690357, 1.08536146, 1.10720351, 1.1807507, 1.61014089, 1.19765385, 1.83698469, 4.78295576e-09, 1.57952403, 0.82980229;1.6203263, 1.76562133, 1.34389551, 1.4993139, 1.22399917, 1.42009741, 1.30849753, 1.747457, 1.57952403, 1.90010348e-08, 1.64214217;1.40344627, 1.07605912, 1.22176928, 1.14170634, 1.06951292, 1.71885371, 1.24635748, 1.46892683, 0.82980229, 1.64214217, 1.91884095e-08]
feature_type = 'Real'
data_type = 'double'
dm_test = [1.47186624, 1.58783439, 1.24213248, 0.642439147, 1.15563034, 1.18768651, 1.48135094, 1.30221871, 1.39506965, 1.67288714, 1.14048045, 1.20314359, 1.19633326, 1.23805756, 1.06992846, 1.79521287, 1.25978298;1.15268694, 0.794708766, 1.46358467, 1.48756061, 1.46275924, 1.70661417, 1.60336118, 1.43111218, 1.75013627, 1.21617723, 1.12735057, 1.08402001, 1.49246593, 1.36023209, 1.60641674, 1.38048944, 1.49631429;1.34202682, 1.37314507, 1.08977446, 1.14924429, 1.01504662, 0.65794283, 1.26956371, 1.13688738, 0.913838729, 1.4506477, 1.23273264, 1.29959434, 1.45221699, 1.0809947, 0.937915369, 1.33695018, 1.35340019;1.37960479, 1.39921723, 1.07029887, 1.13050732, 1.15869689, 0.922905361, 0.830654194, 1.42170581, 0.793468198, 1.13552034, 1.13675631, 1.4603547, 1.12969132, 0.900492895, 1.05173746, 1.39781097, 1.15260985;1.21343272, 1.23324316, 1.6264557, 1.35426666, 1.05581289, 1.44883102, 1.57231483, 0.857152187, 1.57012944, 1.10874932, 1.28549117, 1.4333449, 1.61092355, 1.35591784, 1.12998629, 1.37805103, 1.15848281;1.75421551, 1.5574679, 1.28961809, 1.7125203, 1.37299841, 1.16333274, 1.69921645, 1.4266943, 1.48303242, 1.39965138, 1.8232218, 1.53399603, 1.56485959, 1.54420665, 1.48485118, 1.89196374, 1.71200882;1.10918059, 1.3752188, 1.30789309, 1.09703162, 1.30751255, 1.30473376, 1.24580019, 1.24599597, 1.00263999, 1.19388549, 1.08614699, 1.63096411, 1.34107767, 1.38349627, 1.15181954, 1.40437767, 1.05934973;1.36517839, 1.08434886, 1.42157489, 1.48838313, 1.6540127, 1.66930707, 1.77291835, 1.5251947, 1.7990106, 1.40646518, 1.45792686, 1.02048568, 1.42294289, 1.5077053, 1.63750916, 1.7439465, 1.56516537;1.45531409, 1.45935532, 1.16078137, 1.52331695, 1.29019398, 1.33979798, 1.42536561, 1.26182649, 1.14761916, 1.14803927, 1.30082669, 1.54566434, 1.36547009, 0.931937273, 0.759132239, 1.52580501, 1.28486877;1.29708598, 1.24495886, 1.44734217, 1.44436606, 1.18300052, 1.395191, 1.4718389, 1.40978904, 1.47875171, 1.37355297, 1.62791669, 1.3136653, 1.15502691, 1.42569101, 1.36410004, 1.11000295, 1.18409485;1.2066424, 1.11577097, 1.40036584, 1.22455478, 1.2127103, 1.30345074, 1.26110785, 0.824783303, 1.42084523, 0.931915937, 0.942051436, 1.20553044, 1.49963614, 0.820419179, 0.901974034, 1.33767717, 1.01463777]
data_train = [0.787325837, 0.984164959, 0.0199014837, 0.699027414, 0.252911806, 0.0404878243, 0.402889579, 0.93521781, 0.0117650944, 0.587885692, 0.501396479;0.873384164, 0.0840017145, 0.68152603, 0.680109698, 0.669080017, 0.942334495, 0.823087529, 0.0419727262, 0.471082851, 0.397953056, 0.310147221;0.451336725, 0.384194185, 0.4323339, 0.979261866, 0.0886329747, 0.92223087, 0.480236713, 0.623742245, 0.830182967, 0.360463029, 0.430421908;0.40951848, 0.374731023, 0.925529322, 0.828929891, 0.10899999, 0.108123352, 0.427869515, 0.0986573767, 0.619093095, 0.143691607, 0.522373264;0.007219947, 0.316596348, 0.677190724, 0.48403894, 0.978269486, 0.874103796, 0.359070779, 0.0454865415, 0.8456263, 0.91123431, 0.820627393;0.127949941, 0.997915134, 0.258584222, 0.724204913, 0.908034876, 0.235687114, 0.908258555, 0.309481579, 0.976413222, 0.28126002, 0.953435825;0.0535446509, 0.709272012, 0.532111134, 0.477877077, 0.223494314, 0.70559579, 0.190809491, 0.552841796, 0.253245363, 0.95562138, 0.0286311938;0.19972828, 0.242310606, 0.414067826, 0.232730242, 0.49134909, 0.872465523, 0.712063421, 0.579961981, 0.089003178, 0.693992108, 0.166414284;0.786367386, 0.250056759, 0.417048728, 0.350470202, 0.858813915, 0.126544459, 0.565644882, 0.142061609, 0.704795836, 0.905078128, 0.434607654;0.48809226, 0.927422836, 0.520991389, 0.487598438, 0.578329103, 0.689229736, 0.106883375, 0.821110528, 0.435505027, 0.0723485099, 0.786182669;0.376949972, 0.100367495, 0.63377904, 0.880131353, 0.887753509, 0.957663475, 0.86770546, 0.00214091935, 0.380241166, 0.81854258, 0.366253006]
feature_class = 'simple'
data_test = [0.601548506, 0.606316947, 0.365025304, 0.904473927, 0.503228345, 0.464784206, 0.997513746, 0.493500364, 0.178398252, 0.513069423, 0.814016736, 0.776860327, 0.788581765, 0.708023784, 0.254217829, 0.862084086, 0.893443465;0.194152697, 0.130455637, 0.975604969, 0.868323964, 0.893236147, 0.886376385, 0.541686824, 0.646401737, 0.545362852, 0.0512063492, 0.745503085, 0.505332033, 0.647709075, 0.502639805, 0.491811322, 0.171789109, 0.278713715;0.158852692, 0.195666296, 0.97297738, 0.153113446, 0.269270424, 0.590589658, 0.610178576, 0.15397413, 0.793717426, 0.785202868, 0.237317704, 0.288666303, 0.937987865, 0.825671446, 0.697797033, 0.0822332215, 0.418264081;0.559301872, 0.187411288, 0.448226582, 0.601025877, 0.32737668, 0.780944819, 0.840449582, 0.323609469, 0.838657154, 0.103576566, 0.837729099, 0.152750432, 0.0829271525, 0.641775404, 0.471937366, 0.9078906, 0.363189196;0.287152263, 0.500734906, 0.455946186, 0.344428046, 0.693741299, 0.759561834, 0.852983969, 0.972856605, 0.266656192, 0.716093482, 0.394258235, 0.677081972, 0.47598169, 0.993773103, 0.728902136, 0.9524913, 0.834969549;0.902901011, 0.814419197, 0.45915913, 0.251788453, 0.370320175, 0.0202362326, 0.523993167, 0.5050578, 0.525250465, 0.974031225, 0.911454003, 0.161712778, 0.368882522, 0.423956179, 0.360532918, 0.798495964, 0.52403767;0.572099817, 0.853013559, 0.805928153, 0.132211523, 0.713914584, 0.435436129, 0.294648903, 0.0500188209, 0.48724956, 0.355436681, 0.25151304, 0.69467173, 0.769485387, 0.244789519, 0.0494474367, 0.848752701, 0.0099597412;0.937112494, 0.627619874, 0.321846635, 0.24647791, 0.00900566426, 0.235471417, 0.137728302, 0.612166221, 0.166545589, 0.528629838, 0.590116422, 0.298041698, 0.035064949, 0.0372538806, 0.0263473322, 0.739124667, 0.318009705;0.796300186, 0.431732824, 0.452998101, 0.512882603, 0.713031456, 0.273502866, 0.12158735, 0.556057335, 0.326977623, 0.442491314, 0.646946708, 0.494125741, 0.620278817, 0.544200002, 0.739796372, 0.705936618, 0.534189892;0.678903021, 0.873559602, 0.432271288, 0.412763073, 0.764245621, 0.582553837, 0.0710067802, 0.892112016, 0.0307831022, 0.748396356, 0.758794143, 0.953111085, 0.0541344084, 0.596856861, 0.427840571, 0.330632955, 0.0903185603;0.56265412, 0.479040726, 0.104554458, 0.612489507, 0.73795312, 0.767278301, 0.905373188, 0.409470742, 0.953072769, 0.865429405, 0.296501571, 0.159283037, 0.435389396, 0.401898708, 0.575719305, 0.583386232, 0.749986984]
accuracy = 1e-07
data_class = 'rand'
